-1.562959e+01 -5.276280e+00 -8.737473e+00 
-1.467131e+01 -4.276666e+00 -6.325763e+00 
-1.519718e+01 -3.709990e+00 -7.776742e+00 
-1.513301e+01 -4.793293e+00 -1.118639e+01 
-1.535712e+01 -5.823538e+00 -1.094926e+01 
-1.492378e+01 -5.089485e+00 -1.001355e+01 
-1.445092e+01 -3.850838e+00 -8.958841e+00 
-1.208614e+01 -3.108033e+00 -8.380720e+00 
-9.911057e+00 1.696955e+00 -2.540647e+00 
-5.188466e+00 5.756949e+00 1.397303e+00 
8.773916e-01 5.824776e+00 -1.089038e+00 
5.125724e+00 2.589087e+00 -5.724938e+00 
4.199525e+00 4.082355e+00 -3.467953e+00 
7.412393e+00 8.999980e-01 -6.828413e+00 
6.767960e+00 2.730483e+00 -6.668431e+00 
7.954535e+00 4.438443e+00 -7.538976e+00 
7.887581e+00 4.250827e+00 -7.335057e+00 
6.879550e+00 6.234741e+00 -4.552088e+00 
6.537340e+00 6.785281e+00 -3.164177e+00 
6.841888e+00 6.108387e+00 -3.535436e+00 
6.700076e+00 5.811375e+00 -5.038130e+00 
7.010669e+00 5.209418e+00 -5.192015e+00 
6.561983e+00 6.297644e+00 -5.049693e+00 
7.020432e+00 4.810666e+00 -5.774131e+00 
6.711700e+00 5.395666e+00 -5.906152e+00 
7.434711e+00 5.690217e+00 -6.789732e+00 
6.809341e+00 5.096192e+00 -4.273959e+00 
5.412139e+00 2.700672e+00 -2.101696e+00 
5.645083e+00 3.699193e+00 -4.094216e+00 
5.947772e+00 3.293056e+00 -4.909682e+00 
6.189550e+00 3.873681e+00 -4.437725e+00 
6.551289e+00 5.164838e+00 -4.169477e+00 
6.318344e+00 6.426186e+00 -4.709547e+00 
5.792010e+00 5.146241e+00 -2.319279e+00 
5.547907e+00 4.586129e+00 -3.314699e+00 
6.005892e+00 4.567805e+00 -4.710178e+00 
5.701808e+00 5.608443e+00 -2.934821e+00 
5.516290e+00 5.457749e+00 -3.026479e+00 
5.590683e+00 4.216093e+00 -1.610398e+00 
5.539537e+00 5.860330e+00 -2.097281e+00 
5.068999e+00 7.120583e+00 -2.918633e+00 
4.895569e+00 5.306234e+00 -5.937459e-01 
5.159201e+00 6.593289e+00 -2.312132e+00 
5.142462e+00 6.646347e+00 -3.835008e+00 
4.943460e+00 6.294362e+00 -3.517987e+00 
5.332631e+00 6.065449e+00 -3.500538e+00 
5.256377e+00 6.343591e+00 -3.017860e+00 
5.381452e+00 6.199460e+00 -2.247803e+00 
4.730509e+00 7.041543e+00 -2.648703e+00 
5.026688e+00 5.719208e+00 -2.720390e+00 
4.904868e+00 5.449818e+00 -6.679556e-01 
4.778399e+00 5.272048e+00 -7.558300e-01 
4.772820e+00 5.788948e+00 -2.686965e+00 
4.195806e+00 5.926515e+00 -2.824662e+00 
4.767705e+00 5.458023e+00 -2.462864e+00 
4.321809e+00 5.692132e+00 -2.241706e+00 
4.433865e+00 5.979846e+00 -1.331428e+00 
4.408292e+00 4.242622e+00 -1.272565e+00 
4.411082e+00 4.573548e+00 -1.940032e+00 
5.328911e+00 6.658927e+00 -3.732838e+00 
5.043891e+00 5.858415e+00 -2.507642e+00 
4.676108e+00 6.984110e+00 -3.716861e+00 
5.099221e+00 6.060800e+00 -4.354686e+00 
5.009484e+00 5.062279e+00 -3.323108e+00 
4.299491e+00 4.913773e+00 -1.948231e+00 
4.615664e+00 5.161557e+00 -2.135962e+00 
4.460367e+00 5.741087e+00 -2.251376e+00 
4.025630e+00 5.366676e+00 -1.622801e+00 
3.974020e+00 4.096850e+00 -1.015879e+00 
4.558939e+00 4.893260e+00 -3.012815e+00 
4.175347e+00 4.353660e+00 -1.790982e+00 
3.579270e+00 4.734362e+00 1.048748e+00 
4.012146e+00 3.073989e+00 -1.535347e+00 
3.748515e+00 6.804425e+00 -2.826117e-01 
3.487208e+00 5.973009e+00 -7.690742e-01 
3.336096e+00 4.406170e+00 -1.968395e-01 
3.558347e+00 5.464313e+00 6.594275e-02 
4.200920e+00 5.620477e+00 -1.805698e+00 
4.007032e+00 6.079670e+00 -1.569404e+00 
3.966581e+00 5.475526e+00 -5.241439e-02 
3.752699e+00 6.463107e+00 5.185589e-01 
4.339013e+00 5.091269e+00 -2.832861e+00 
4.415731e+00 5.610631e+00 -2.682550e+00 
4.451998e+00 5.305961e+00 -4.166954e+00 
4.280893e+00 5.133934e+00 -2.739100e+00 
4.177207e+00 5.065561e+00 -1.617756e+00 
4.222773e+00 6.040834e+00 -1.661483e+00 
4.459437e+00 4.595428e+00 -2.273450e+00 
4.969033e+00 5.019614e+00 -3.300824e+00 
4.854187e+00 3.727362e+00 -2.159508e+00 
4.115832e+00 4.402341e+00 -2.297206e+00 
3.801055e+00 3.811324e+00 -5.010191e-02 
3.904276e+00 6.057244e+00 -3.986563e-01 
4.226958e+00 5.702525e+00 -1.606824e+00 
4.462692e+00 4.990077e+00 -1.633313e+00 
4.482220e+00 6.004460e+00 -1.360229e+00 
4.743527e+00 4.690603e+00 -3.280222e+00 
4.306466e+00 5.613639e+00 -3.280222e+00 
4.939740e+00 3.997299e+00 -2.536022e+00 
5.120144e+00 3.625350e+00 -2.476949e+00 
4.818851e+00 2.671682e+00 -1.109850e+00 
4.853258e+00 4.538268e+00 -1.930992e+00 
5.136418e+00 2.720637e+00 -1.915436e+00 
5.070394e+00 3.415854e+00 -2.540437e+00 
5.467469e+00 4.534439e+00 -3.546157e+00 
5.846876e+00 4.381283e+00 -2.557255e+00 
5.487927e+00 5.519558e+00 -2.421029e+00 
4.915097e+00 4.586676e+00 -6.528193e-01 
4.670064e+00 5.357651e+00 -1.271724e+00 
4.684013e+00 4.950147e+00 -1.289593e+00 
3.648083e+00 6.684089e+00 -7.301652e-02 
4.485940e+00 5.046143e+00 -1.509910e+00 
4.745387e+00 6.313780e+00 -9.067549e-02 
4.447814e+00 5.826143e+00 2.936346e-02 
3.874984e+00 6.270842e+00 -7.745401e-01 
5.143857e+00 4.940028e+00 -2.244229e+00 
4.699821e+00 4.951241e+00 7.897503e-01 
6.494099e+00 4.589410e+00 -1.668630e+00 
5.679025e+00 4.027657e+00 -2.054185e+00 
6.629867e+00 5.729600e+00 5.648086e-01 
2.820456e+00 7.849440e+00 -1.154821e-01 
-2.450321e+00 4.901739e+00 -2.531397e+00 
-4.195778e+00 8.240260e+00 1.809345e+00 
4.039579e+00 2.542593e+00 -6.350570e+00 
3.396541e+00 1.315980e+00 -8.535027e+00 
-4.825333e+00 3.128414e+00 -4.333873e+00 
-8.726806e+00 2.805966e+00 -3.684906e+00 
-8.620795e+00 2.950329e-01 -4.329879e+00 
-6.864179e+00 -3.082913e-01 -3.027320e+00 
-5.170798e+00 1.938407e-01 -1.463240e+00 
9.462056e-01 -5.147781e-01 -3.986563e-01 
6.629867e+00 7.539531e-01 -3.091001e-01 
7.034381e+00 1.565952e+00 4.088211e-01 
7.302198e+00 1.123400e-01 2.088963e-01 
7.607676e+00 -6.903602e-01 -1.316923e+00 
7.649987e+00 -7.034879e-01 -6.719499e-01 
7.577454e+00 5.189814e-02 -1.488677e+00 
7.374267e+00 1.007754e+00 -1.637938e+00 
7.868053e+00 3.218351e-01 -2.072054e+00 
7.938262e+00 4.068913e-01 -1.912493e+00 
8.169347e+00 -2.768397e-01 -1.653705e+00 
7.659751e+00 -5.476389e-02 -1.406899e+00 
8.102393e+00 -4.926252e-01 -1.324070e+00 
7.754603e+00 -5.804163e-01 -1.249861e+00 
6.823290e+00 -3.793993e-01 -3.065774e-01 
7.305918e+00 8.143532e-02 -2.058179e+00 
7.522589e+00 -1.212184e+00 -5.189055e-01 
7.955931e+00 -6.001077e-01 -8.413919e-01 
7.602561e+00 -5.404863e-01 -7.108417e-01 
8.092628e+00 -1.566083e+00 -2.138678e-01 
7.349159e+00 -1.048362e+00 4.428949e-02 
7.902460e+00 -1.431019e-01 -1.134867e+00 
7.698343e+00 1.443386e-01 -1.230310e+00 
7.781106e+00 2.296682e-01 -1.416780e+00 
7.443080e+00 9.451243e-01 -2.168337e+00 
7.947096e+00 3.040581e-01 -1.572557e+00 
7.865263e+00 1.027172e+00 -9.488173e-01 
7.858754e+00 6.172069e-01 -2.013611e+00 
7.332885e+00 7.588759e-01 -1.413206e+00 
7.074833e+00 1.960601e+00 -1.479848e+00 
7.376591e+00 1.851751e+00 -1.817050e+00 
7.291969e+00 1.412249e+00 -1.085464e+00 
7.613256e+00 1.708441e+00 -1.488677e+00 
7.025547e+00 3.004248e+00 -2.127343e+00 
6.971147e+00 2.335286e+00 -9.408287e-01 
6.963707e+00 1.614634e+00 -8.268863e-01 
6.752151e+00 2.767951e+00 -1.678932e+00 
6.903728e+00 2.292895e+00 -1.622591e+00 
6.986956e+00 2.190062e+00 -9.898114e-01 
6.572677e+00 2.146303e+00 -6.273820e-01 
6.330433e+00 2.711065e+00 -9.343117e-01 
6.543849e+00 3.158498e+00 -2.152360e+00 
6.252785e+00 2.186506e+00 -4.690820e-01 
7.126443e+00 1.495664e+00 -6.670974e-02 
6.799112e+00 1.660854e+00 -2.485551e-01 
6.959988e+00 2.079024e+00 -8.443351e-01 
6.899543e+00 1.679178e+00 6.068710e-02 
6.515487e+00 1.748371e+00 4.742013e-01 
6.881875e+00 2.179669e+00 -5.283484e-02 
7.029267e+00 2.571310e+00 -5.136498e-01 
7.088317e+00 2.484339e+00 -1.445581e+00 
6.547569e+00 3.231521e+00 -5.815528e-01 
7.029267e+00 2.683989e+00 4.071565e-02 
7.148761e+00 2.711885e+00 3.592078e-01 
7.680210e+00 2.413778e+00 -1.729806e+00 
7.509105e+00 2.612334e+00 -1.370530e+00 
7.220365e+00 2.175566e+00 -2.483449e-01 
7.019038e+00 2.686724e+00 -1.032277e+00 
6.644746e+00 2.168729e+00 -9.921238e-01 
6.664274e+00 2.123876e+00 -5.834448e-01 
6.103533e+00 3.297706e+00 -1.548592e+00 
5.958466e+00 2.846170e+00 -3.854121e-01 
6.019840e+00 1.859683e+00 3.318784e-01 
6.071451e+00 2.571037e+00 -8.357158e-01 
5.913830e+00 2.937243e+00 -2.956457e-01 
5.975204e+00 2.735405e+00 -8.666190e-01 
6.196060e+00 3.087390e+00 3.926337e-01 
6.597320e+00 2.118953e+00 4.569628e-01 
6.967427e+00 1.580721e+00 4.044063e-01 
7.178054e+00 1.804437e+00 -8.418124e-01 
6.577327e+00 2.157516e+00 -7.577220e-01 
5.965905e+00 2.025146e+00 -2.092429e-01 
5.650663e+00 2.068084e+00 5.101499e-01 
5.934288e+00 2.787096e+00 2.663052e-02 
6.312300e+00 1.859136e+00 4.718888e-01 
6.347637e+00 2.592916e+00 2.789015e-01 
6.379719e+00 2.356345e+00 -1.079140e-01 
6.146774e+00 1.372046e+00 1.091004e+00 
6.253250e+00 1.759858e+00 -7.364720e-02 
5.289855e+00 2.385335e+00 1.306065e+00 
5.453520e+00 2.117039e+00 -1.394306e-02 
5.321007e+00 1.748918e+00 1.060731e+00 
4.929046e+00 3.249024e+00 1.464996e+00 
4.500819e+00 3.160959e+00 4.500253e-01 
3.964256e+00 2.817180e+00 1.544671e+00 
4.555219e+00 2.668947e+00 1.260025e+00 
4.998325e+00 1.912740e+00 1.201162e+00 
4.841169e+00 1.640342e+00 1.684261e+00 
4.745852e+00 3.167797e+00 7.741935e-01 
4.784909e+00 2.922201e+00 2.429529e-01 
4.998325e+00 2.099809e+00 7.203757e-01 
5.429807e+00 3.252033e+00 -2.746231e-01 
5.365178e+00 3.467271e+00 7.634720e-01 
5.176869e+00 3.562993e+00 -7.896764e-01 
5.072254e+00 4.188470e+00 2.873105e-01 
5.365643e+00 3.546584e+00 -3.570316e-01 
5.650198e+00 3.576941e+00 1.296412e-01 
5.889187e+00 4.569172e+00 -5.294168e-01 
6.061222e+00 4.375539e+00 -7.768525e-01 
5.953351e+00 4.473997e+00 -1.270042e+00 
6.028675e+00 3.965301e+00 -1.587694e+00 
5.654848e+00 2.973891e+00 -5.010363e-01 
5.246614e+00 3.549045e+00 -3.553498e-01 
4.666809e+00 3.609214e+00 4.815592e-01 
4.761196e+00 3.004522e+00 8.368409e-01 
4.250671e+00 4.593239e+00 -1.472262e-01 
4.325529e+00 3.134431e+00 -3.591339e-01 
4.117692e+00 4.039417e+00 -8.289886e-01 
4.495239e+00 3.623982e+00 5.635473e-01 
4.594275e+00 4.936746e+00 2.299189e-01 
4.272989e+00 3.088484e+00 1.014692e+00 
4.124202e+00 3.334901e+00 2.115855e+00 
4.062362e+00 4.029572e+00 2.590545e+00 
4.446884e+00 3.953814e+00 -2.416176e-01 
5.493042e+00 3.735020e+00 -1.645506e+00 
6.164908e+00 1.443974e+00 -1.374525e+00 
5.954281e+00 3.965301e+00 -1.674517e+00 
6.355541e+00 3.193232e+00 -1.970935e+00 
6.322529e+00 3.315483e+00 -1.410053e+00 
5.966370e+00 2.437299e+00 -7.762219e-01 
6.097023e+00 3.262972e+00 -1.491831e+00 
6.397388e+00 3.342285e+00 -2.127343e+00 
6.641956e+00 2.215223e+00 -2.027906e+00 
7.046470e+00 3.060314e+00 -3.008189e+00 
6.488984e+00 2.808154e+00 -1.874231e+00 
6.812596e+00 2.699851e+00 -2.144372e+00 
6.844678e+00 2.495279e+00 -1.701636e+00 
6.319739e+00 1.421821e+00 -1.011254e+00 
6.649860e+00 3.243828e+00 -2.540227e+00 
6.839098e+00 2.508954e+00 -1.903032e+00 
7.464004e+00 2.857110e+00 -3.540061e+00 
7.428667e+00 2.905244e+00 -3.831854e+00 
7.830391e+00 1.871716e+00 -3.718122e+00 
7.131558e+00 1.781191e+00 -2.915690e+00 
6.702866e+00 2.302740e+00 -1.600097e+00 
6.813991e+00 2.034718e+00 -1.474382e+00 
6.511302e+00 1.626667e+00 -2.418296e+00 
6.386228e+00 3.296612e+00 -3.547419e+00 
6.665204e+00 2.683715e+00 -2.571761e+00 
6.241161e+00 3.038982e+00 -2.378353e+00 
6.052853e+00 2.734038e+00 -1.576341e+00 
5.474443e+00 3.873681e+00 -1.857203e+00 
5.938938e+00 3.701380e+00 -1.802124e+00 
5.867334e+00 3.489424e+00 -1.174390e+00 
5.617186e+00 2.536850e+00 -5.403485e-01 
5.627415e+00 3.396710e+00 -4.913659e-01 
5.626020e+00 3.089578e+00 -1.286230e+00 
6.162118e+00 3.003701e+00 -2.127974e+00 
5.862684e+00 4.172882e+00 -1.806539e+00 
6.624288e+00 3.499817e+00 -1.322809e+00 
6.744712e+00 3.607026e+00 -1.985651e+00 
5.560461e+00 3.407650e+00 -4.007586e-01 
5.818048e+00 3.942327e+00 -1.465342e+00 
5.948237e+00 3.735294e+00 -1.533666e+00 
6.235581e+00 3.934943e+00 -1.543967e+00 
7.203627e+00 2.966233e+00 -2.666362e+00 
5.901276e+00 3.819803e+00 -1.702897e+00 
6.099813e+00 3.657895e+00 -1.744732e+00 
6.958593e+00 4.021640e+00 -3.572225e+00 
6.681942e+00 3.447306e+00 -2.205337e+00 
6.223028e+00 3.163421e+00 -1.180066e+00 
5.369827e+00 3.817068e+00 -1.215594e+00 
5.982644e+00 2.888561e+00 -1.285599e+00 
5.774807e+00 2.821829e+00 -1.144310e-01 
5.892907e+00 3.076450e+00 -8.683008e-01 
5.975669e+00 3.236444e+00 -1.312491e-01 
6.510838e+00 3.650784e+00 -1.679562e+00 
6.297886e+00 1.876092e+00 -2.578050e-01 
6.798647e+00 2.558456e+00 -1.556790e+00 
6.797252e+00 2.675784e+00 -6.118253e-01 
7.326376e+00 2.857930e+00 -1.799811e+00 
7.775527e+00 3.695090e+00 -3.477203e+00 
7.799704e+00 3.567096e+00 -1.649920e+00 
7.948956e+00 3.021752e+00 -2.823611e+00 
8.021025e+00 4.406717e+00 -3.909217e+00 
7.974994e+00 3.789992e+00 -3.853087e+00 
8.346961e+00 3.063323e+00 -4.131636e+00 
8.336267e+00 1.981387e+00 -3.640338e+00 
8.399966e+00 2.711612e+00 -3.350437e+00 
8.032649e+00 2.630658e+00 -2.952690e+00 
8.569212e+00 3.029410e+00 -3.346443e+00 
8.168417e+00 4.963821e+00 -2.331893e+00 
7.495621e+00 5.977111e+00 1.584421e-01 
5.737610e+00 6.616262e+00 2.087895e+00 
1.718503e+00 5.866073e+00 6.236891e-02 
-6.775837e+00 8.992091e+00 6.381775e-01 
-3.252376e+00 7.373563e+00 -1.957691e+00 
-1.213407e-01 3.134157e+00 -3.718963e+00 
-9.509797e+00 5.364761e+00 -2.824032e+00 
-1.407895e+01 5.168941e+00 -6.660635e-01 
-1.563284e+01 2.182677e+00 -3.805769e-01 
-1.931021e+01 -1.295872e+00 -3.339068e-01 
-1.892243e+01 -1.333614e+00 -3.261512e+00 
-1.892941e+01 2.176345e-01 -8.310909e-01 
-1.885269e+01 -4.040137e-01 -2.217530e+00 
-1.762101e+01 -8.930959e+00 -6.018413e+00 
-1.905634e+01 -5.284485e+00 -3.624572e+00 
-1.931765e+01 -1.870206e+00 -6.883475e-01 
-1.974448e+01 -1.305445e+00 -3.635293e+00 
-1.979237e+01 -1.985073e+00 -2.763276e+00 
-1.941622e+01 -1.186202e+00 -4.996295e+00 
-2.020665e+01 4.736234e-01 -1.111322e+00 
-2.003229e+01 7.659867e-01 4.504458e-01 
-1.972355e+01 1.377748e-01 -1.589375e+00 
-2.101940e+01 -3.012037e+00 -3.783292e+00 
-8.083302e+00 5.255911e+00 -2.642396e+00 
-5.971922e+00 7.356606e+00 -3.597873e+00 
-1.394876e+01 5.421921e+00 -1.500029e+00 
-1.713885e+01 3.174593e-01 -3.015320e-01 
-1.852024e+01 -4.778566e-01 -2.449830e+00 
-1.979376e+01 -2.184449e+00 -5.674904e+00 
-1.915212e+01 -1.392689e+00 -5.305748e+00 
-1.949294e+01 -1.794449e+00 -4.654258e+00 
-1.949340e+01 -7.453322e-01 -1.613551e+00 
-2.190142e+01 -3.265838e+00 -3.929609e+00 
