-2.880784e+01 -4.598378e+00 -1.545570e+00 -1.055942e+01 6.018043e+00 -3.258425e+00 4.579997e+00 -6.644772e-02 -5.226471e+00 3.454463e+00 -3.299871e+00 -3.285772e+00 
-2.947985e+01 -5.073478e+00 -1.119503e+00 -1.258639e+01 3.471930e+00 -8.647097e+00 2.963037e+00 8.759095e-02 3.668612e+00 5.307474e+00 5.849590e-01 2.917718e-01 
-2.688275e+01 -3.509754e+00 1.508618e+00 -1.197003e+01 7.711431e+00 -7.219795e+00 1.440510e+00 -6.948411e-01 3.232224e+00 2.716223e+00 3.256224e+00 -2.750426e+00 
-2.785598e+01 -5.710073e+00 -8.765857e-01 -1.190463e+01 4.108132e+00 -8.435085e+00 1.564539e+00 3.811950e+00 -1.068955e+00 -9.834466e-01 -3.440026e-01 -3.227456e+00 
-2.826674e+01 -6.700549e+00 -1.070408e+00 -1.131234e+01 3.807802e+00 -8.477671e+00 3.675500e+00 -1.140498e+00 5.543848e-02 4.495127e+00 -3.521327e+00 -3.535696e+00 
-2.914138e+01 -9.679406e+00 -2.399837e+00 -1.285846e+01 1.262015e+00 -6.911622e+00 4.218500e-01 -5.105411e+00 -2.422546e+00 9.596818e+00 2.537157e+00 -2.661322e+00 
-2.848526e+01 -9.650470e+00 -1.816237e+00 -1.291549e+01 2.310395e+00 -7.418069e+00 5.143061e+00 1.147715e+00 -2.026434e+00 3.504926e+00 -4.192812e+00 -4.010553e+00 
-2.758597e+01 -9.404903e+00 5.159640e+00 -1.341203e+01 -1.887692e+00 -3.771283e+00 6.176872e+00 -2.766556e+00 -4.049761e+00 1.582043e+00 -3.333667e+00 -9.117345e+00 
-2.672063e+01 -8.922374e+00 3.970240e+00 -1.137251e+01 -1.442253e+00 -2.016576e+00 3.596573e+00 -5.543072e-01 -3.805201e+00 3.671489e+00 9.490842e-02 -5.231996e-01 
-2.650594e+01 -9.428366e+00 3.613762e+00 -1.077237e+01 -9.837696e-01 -6.145998e+00 4.040188e+00 -6.446202e-01 -1.955432e+00 6.706319e+00 -8.895430e+00 -8.342216e+00 
-2.502337e+01 -8.236118e+00 5.447811e+00 -9.113749e+00 2.788524e-01 -6.653820e+00 -1.593976e+00 -4.213253e+00 -3.999105e+00 3.557506e+00 -5.795482e+00 -2.775419e+00 
-2.569757e+01 -1.172957e+01 4.941057e+00 -7.461930e+00 -4.520165e-03 -9.644880e+00 -2.223282e+00 -7.613076e+00 1.999322e-01 4.045902e+00 -7.105989e+00 -7.688066e+00 
-2.260153e+01 -9.686053e+00 2.580615e+00 -5.713315e+00 -2.245413e+00 -1.417039e+01 -7.276764e+00 -7.114244e+00 -5.196576e+00 8.811291e+00 -1.781692e+00 -1.534489e+00 
-1.960024e+01 -8.544250e+00 7.707927e+00 1.012738e-01 9.254895e-01 -7.953365e+00 1.404569e+00 -1.233341e+01 -1.196840e+00 1.154228e+01 -4.826499e+00 -5.496336e+00 
-1.141899e+01 -3.056552e+00 1.864434e+01 5.349211e+00 2.148329e+00 -8.876967e+00 -3.868782e+00 -9.553541e+00 -4.899284e+00 5.536498e+00 -2.174800e+00 -6.244299e+00 
-4.643639e+00 -3.830881e-01 1.765218e+01 5.017487e+00 -5.433273e+00 -1.281224e+01 -1.108326e+01 -5.773053e+00 -5.760434e+00 1.477589e+00 -1.664738e+00 -3.347347e+00 
-3.996828e+00 7.055359e-01 1.848681e+01 2.378868e+00 -8.445044e+00 -1.006204e+01 -1.170517e+01 -3.054376e+00 -1.347424e+01 -2.408405e+00 4.270566e+00 -6.637369e-01 
-4.046119e+00 2.745142e+00 1.573488e+01 4.284450e+00 -8.598306e+00 -1.146827e+01 -1.007517e+01 -7.095675e+00 -1.284104e+01 5.651201e-02 3.748498e+00 -1.280290e-01 
-4.352273e+00 4.663138e+00 1.312469e+01 2.904185e+00 -3.636841e+00 -1.415574e+01 -9.891242e+00 -5.353983e+00 -9.492772e+00 -3.170642e+00 -2.074822e-01 -8.625900e-01 
-7.598922e+00 6.684756e+00 1.935730e+01 4.647567e+00 -5.172400e+00 -1.050071e+01 -1.293207e+01 -4.579148e+00 -1.203553e+01 -1.282342e+00 -1.325438e+00 -5.163177e-01 
-1.026065e+01 5.753717e+00 1.826054e+01 4.302763e+00 2.052458e+00 -8.036704e+00 -1.364947e+01 -6.646642e+00 -5.696076e+00 2.860907e+00 -3.168686e+00 -1.889454e+00 
-1.455994e+01 -8.077453e-01 1.550648e+01 4.311657e+00 8.224045e+00 -8.717156e+00 -9.792934e+00 -1.059892e+00 1.545634e+00 8.775296e+00 -9.273418e+00 -1.578678e+00 
-1.704860e+01 -6.152718e+00 9.995793e+00 2.258527e+00 1.134375e+01 -8.149808e+00 -1.053041e+01 -7.193403e-02 1.010010e+00 6.797717e+00 -1.024240e+01 3.685602e-01 
-1.438304e+01 -7.846263e+00 4.002686e+00 -8.721854e+00 8.889921e+00 -1.221054e+01 -7.718618e+00 -8.286226e-01 -5.868942e-01 9.838899e+00 3.822762e+00 1.113343e+01 
-6.099921e+00 -4.562404e+00 6.876287e+00 5.831631e-01 8.929051e+00 -1.760380e+01 -1.143667e+01 -1.029928e+00 5.834497e-02 6.515760e+00 -7.181143e+00 1.441425e+00 
2.576432e+00 -5.755432e+00 -1.640773e+00 -2.678616e+00 3.690084e+00 -1.726906e+01 -1.514381e+01 7.872663e+00 -5.938560e+00 1.072827e+00 3.345974e-01 -1.457773e-01 
3.543635e+00 -6.923435e+00 -5.673889e+00 -3.180911e+00 9.042937e-01 -1.603546e+01 -1.322981e+01 6.704501e+00 -1.693434e+00 5.492386e+00 3.314034e+00 -4.352479e+00 
4.549177e+00 -1.035471e+01 -4.998928e+00 -5.763022e+00 5.123331e-01 -1.381139e+01 -9.352138e+00 5.226574e+00 -3.215600e+00 6.469532e+00 1.273787e+00 -2.872491e+00 
5.437514e+00 -1.257654e+01 -4.370502e+00 -6.337522e+00 -6.058308e-01 -9.138433e+00 -1.046311e+01 5.890418e+00 -3.547355e+00 2.290994e+00 5.873681e+00 -5.583991e+00 
5.045375e+00 -1.159193e+01 -5.056562e+00 -9.178105e+00 3.424400e-01 -5.312146e+00 -1.153216e+01 7.091919e+00 -5.733445e+00 4.536768e+00 6.952949e+00 -7.753264e+00 
5.257328e+00 -1.196497e+01 -4.598050e+00 -9.634880e+00 -1.626740e-01 -5.026411e+00 -9.486033e+00 7.233719e+00 -7.894622e+00 7.699697e+00 4.571623e+00 -6.286677e+00 
5.311548e+00 -1.171041e+01 -6.054702e+00 -6.980041e+00 -1.360404e+00 -3.966352e+00 -9.557561e+00 4.807927e+00 -5.100662e+00 6.379898e+00 7.409203e+00 -9.729841e+00 
5.073854e+00 -1.138155e+01 -5.726827e+00 -6.399262e+00 -2.288131e+00 -4.156842e+00 -9.018809e+00 2.758157e+00 -4.371135e+00 7.283642e+00 6.954728e+00 -1.155284e+01 
5.237063e+00 -1.038326e+01 -6.531572e+00 -4.123238e+00 -2.394110e+00 -5.769598e+00 -1.039018e+01 4.639961e+00 -5.020526e+00 5.927497e+00 7.256229e+00 -1.066507e+01 
5.657134e+00 -9.234415e+00 -6.720271e+00 -3.782619e+00 -1.757908e+00 -6.458292e+00 -1.143350e+01 2.871260e+00 -4.976929e+00 5.925026e+00 7.759176e+00 -1.085523e+01 
5.435323e+00 -8.272876e+00 -6.233582e+00 -3.097718e+00 -1.998889e+00 -5.963293e+00 -1.234892e+01 1.291203e+00 -2.961076e+00 3.892043e+00 8.324379e+00 -9.491508e+00 
5.639060e+00 -7.561203e+00 -4.978009e+00 -4.555944e+00 -5.494172e-01 -6.651072e+00 -1.197860e+01 -3.230382e-01 -6.237512e+00 5.117973e+00 1.105256e+01 -1.026157e+01 
5.524048e+00 -5.164979e+00 -5.897168e+00 -2.241200e+00 -2.236283e+00 -6.735785e+00 -1.357195e+01 -3.355279e+00 -2.959415e+00 2.976654e+00 9.987528e+00 -6.026611e+00 
6.411838e+00 -3.668121e+00 -6.050006e+00 -3.343634e+00 -4.815904e-01 -6.749064e+00 -1.583794e+01 -3.095312e+00 -7.100322e+00 2.425091e+00 1.287136e+01 -3.648343e+00 
6.238223e+00 -1.960889e+00 -5.387425e+00 -1.826807e+00 -1.823126e+00 -6.480272e+00 -1.285808e+01 -6.922645e+00 -1.026174e+01 2.847850e+00 1.138253e+01 8.883309e-01 
5.996148e+00 2.338081e+00 -5.741343e+00 -3.017665e+00 -1.141271e+00 -4.618414e+00 -9.738319e+00 -9.587303e+00 -1.291038e+01 -6.954907e-01 1.346502e+01 2.444021e+00 
5.549788e+00 3.197953e+00 -6.026098e+00 -2.285675e+00 -1.653233e+00 -3.044124e+00 -9.028676e+00 -9.232803e+00 -1.651110e+01 1.075297e+00 1.140076e+01 6.920133e-01 
5.458874e+00 4.055870e+00 -4.367940e+00 -2.801574e+00 -1.398883e+00 1.135211e+00 -9.760870e+00 -1.006883e+01 -1.448237e+01 -1.761210e+00 1.072705e+01 -4.431513e-01 
4.338320e+00 6.414947e+00 -3.433838e+00 -4.414673e+00 -1.918345e+00 2.887170e+00 -9.303865e+00 -1.208948e+01 -1.626322e+01 -3.668566e+00 1.117041e+01 2.534935e+00 
3.601690e+00 7.466814e+00 -2.542856e+00 -3.635592e+00 -1.873018e+00 6.997393e-01 -1.029680e+01 -1.353998e+01 -1.661532e+01 -4.535256e+00 1.189125e+01 3.555642e+00 
2.765382e+00 6.815751e+00 -3.311312e+00 -2.367821e+00 -3.236728e+00 -4.181111e+00 -1.117241e+01 -9.736699e+00 -1.359465e+01 -6.059376e+00 9.145725e+00 2.813837e+00 
1.217089e+00 8.210550e+00 -2.101420e+00 -4.272356e+00 -3.023791e+00 3.057512e+00 -1.015833e+01 -1.210425e+01 -1.198986e+01 -1.954945e+00 7.867236e+00 -1.486750e-01 
-8.164481e-01 9.379726e+00 -3.087179e+00 -1.638446e+00 2.936815e+00 3.786961e+00 -5.331410e+00 -1.115639e+01 -1.308436e+01 -8.384550e+00 8.064157e-01 5.123574e-01 
-3.199953e+00 7.115670e+00 -2.681178e+00 3.682219e+00 3.047360e+00 -1.551435e-02 -3.601697e+00 -1.028322e+01 -1.648702e+01 9.870756e-01 5.656672e+00 1.812327e+00 
-5.852369e+00 6.067713e+00 1.486418e+00 6.676630e+00 -1.013770e+00 -4.971462e+00 -7.283812e+00 -1.154169e+01 -1.277336e+01 -3.978753e+00 4.926487e+00 -4.601752e-01 
-1.235498e+01 6.337132e+00 1.448422e+00 5.580999e+00 -2.948790e+00 -7.452870e+00 -5.061858e+00 -5.182642e+00 -8.208938e+00 -2.393231e+00 9.709517e-01 -1.077453e-01 
-1.601129e+01 5.739640e+00 -6.315335e-01 -6.992591e-01 -1.666603e+00 -4.353285e+00 -1.169742e+01 -4.477440e+00 -8.125896e+00 3.462932e+00 2.326373e+00 1.506985e+00 
-1.739419e+01 6.711254e-01 -2.414779e+00 6.789131e-01 -4.297420e-01 6.406691e-01 -3.441375e+00 -1.429162e+00 -8.154960e+00 -4.593483e+00 -1.482414e+00 -1.079553e+00 
-1.815272e+01 1.455920e+00 -4.766256e+00 -6.086897e+00 1.807238e+00 -2.721298e+00 -3.339192e+00 -1.162465e-01 -5.019280e+00 -5.499344e+00 -2.551899e+00 1.372605e+00 
-1.600472e+01 3.908843e+00 -3.607595e+00 -2.893138e+00 -4.322609e+00 -3.880265e+00 -6.504754e+00 -2.958998e+00 -2.079581e+00 -7.381900e-01 -2.181915e+00 -1.746019e+00 
-1.811055e+01 5.592912e-01 -4.131426e+00 -1.772915e+00 8.015752e-01 -7.247269e+00 -7.623130e+00 -1.529604e+00 -3.859317e-01 1.076356e+00 -4.241728e+00 2.414247e-01 
-2.076625e+01 -4.871018e-01 -3.035522e+00 -3.828662e+00 6.271169e-01 6.006445e+00 -3.795492e+00 -1.660431e+00 3.423499e-01 -5.652753e-01 -4.815381e+00 -6.028857e-01 
-1.421819e+01 6.466953e+00 3.705550e+00 -2.070106e+00 -8.337434e+00 -2.399388e+00 -3.964271e+00 -6.943324e+00 -8.467199e+00 -5.579097e+00 -4.614380e+00 -4.661806e+00 
-1.419464e+01 5.536696e+00 1.789531e+00 2.301431e+00 1.307994e+00 -1.544014e+00 -3.411073e+00 -3.437392e-02 -4.040211e+00 -4.970366e+00 -6.471414e+00 -7.165398e+00 
-1.631471e+01 9.033965e-01 -1.223672e+00 -1.564672e+00 -4.822505e+00 -8.570168e+00 -2.980494e+00 -2.023794e+00 2.057175e+00 -6.104448e-01 -1.021794e+01 -1.293257e+00 
-2.033359e+01 -6.413534e+00 2.137898e+00 -8.062069e+00 1.877021e+00 -2.701150e+00 -2.931165e+00 4.057969e-01 -4.061387e+00 -1.172241e+00 -1.180913e+00 -2.200592e+00 
-1.998581e+01 -1.070390e+01 4.278903e+00 -1.210188e+01 3.870412e+00 -3.085335e+00 -2.042524e+00 2.120479e+00 -6.157376e+00 -3.281448e+00 -5.308100e+00 -8.264341e+00 
-2.702405e+01 -2.303430e+00 2.970820e+00 -1.301281e+01 6.170979e+00 -6.445013e+00 4.271353e-01 -6.070601e-01 -4.732369e+00 -3.584931e+00 -5.286755e+00 -5.898026e+00 
-2.884673e+01 -5.109453e+00 1.912485e+00 -1.196637e+01 8.555026e+00 6.571538e-01 4.239641e-01 4.944218e-01 -5.897038e+00 9.595504e-01 2.045772e+00 -3.699850e-01 
-2.641448e+01 -2.655356e+00 1.517156e+00 -1.249639e+01 4.996402e+00 -5.133562e+00 1.782294e+00 6.142547e-02 -4.034398e+00 8.342754e-01 1.262225e+00 1.637742e+00 
-2.933855e+01 -3.974687e+00 1.816854e+00 -9.834229e+00 7.243165e+00 -3.442962e+00 1.877783e+00 -3.281003e+00 -2.836097e+00 -2.120352e-01 -3.881528e+00 -4.804516e+00 
-2.703829e+01 -4.876791e+00 2.608365e+00 -1.337541e+01 -5.884255e+00 -6.591544e+00 -8.786940e-01 -7.918199e+00 -4.067615e+00 -1.756975e+00 -2.849398e+00 -5.845869e+00 
-2.820102e+01 -7.603434e+00 6.680118e-01 -1.995495e+01 -5.897299e+00 -3.306963e+00 2.508499e+00 -3.531685e+00 1.417333e+00 2.522488e+00 2.957836e+00 1.527269e+00 
-2.547850e+01 -7.391106e+00 3.717930e+00 -1.320118e+01 -4.458262e+00 -8.789965e+00 -1.905810e+00 -4.198060e+00 -4.107060e+00 -1.960591e+00 5.248000e+00 -1.607655e+00 
-2.570195e+01 -8.451575e+00 2.863236e+00 -1.378143e+01 -5.125770e+00 -1.033999e+01 -2.329694e+00 -4.339016e+00 -3.917447e-01 1.283501e+00 2.339714e+00 -4.361172e+00 
-2.688823e+01 -1.142652e+01 5.566495e+00 -1.050029e+01 -2.335414e+00 -9.789579e+00 -8.638266e+00 -1.503141e+01 4.132403e+00 6.230627e+00 2.144494e+00 -2.505934e+00 
-2.143552e+01 -9.472160e+00 8.206143e+00 -3.664370e+00 2.813227e+00 -9.292291e+00 -5.489970e+00 -8.483289e+00 5.371811e+00 7.011566e+00 -2.873411e+00 -4.847981e+00 
-1.142228e+01 -1.394288e+00 1.770512e+01 3.791050e+00 -7.646369e-01 -1.179064e+01 -5.994543e+00 -9.048800e+00 -1.876127e+00 1.612745e+00 -2.472744e+00 -1.893800e+00 
-3.442575e+00 -2.332757e+00 1.714927e+01 5.385314e+00 -9.610816e+00 -1.316254e+01 -4.391678e+00 -8.051137e+00 -8.881166e+00 -2.861865e+00 -9.123190e-01 5.815829e+00 
-1.830752e+00 -2.856736e+00 1.722014e+01 6.072830e+00 -9.920928e+00 -1.241111e+01 -5.591801e+00 -6.390051e+00 -1.338787e+01 -2.432755e+00 1.280457e+00 2.080000e+00 
-2.530688e+00 -1.844754e+00 1.883603e+01 7.231248e+00 -1.002626e+01 -1.389519e+01 -9.262287e+00 -5.137063e+00 -1.178308e+01 -4.363753e+00 3.429209e+00 2.798189e-01 
-4.318316e+00 -9.813621e-01 1.881298e+01 5.503562e+00 -2.434546e+00 -1.319322e+01 -1.467729e+01 -2.673288e+00 -1.278789e+01 -1.074844e+00 -2.341115e+00 -9.929854e-01 
-5.450920e+00 -7.508023e+00 1.296801e+01 1.433401e+01 2.956054e+00 -2.102437e+01 -1.200009e+01 -4.623038e+00 -6.666011e+00 -1.550184e+00 -5.458850e+00 1.924250e+00 
-1.054380e+01 1.273310e+00 1.824774e+01 6.800634e+00 2.431701e+00 -1.845505e+01 -1.377631e+01 -1.143874e+00 -2.275146e+00 -1.527952e+00 -8.295985e+00 1.780815e+00 
-1.733832e+01 2.200439e+00 1.714543e+01 4.174050e+00 6.299785e+00 -9.155833e+00 -4.148905e+00 -7.963356e+00 -2.046779e+00 3.173565e+00 -7.988703e+00 -1.279855e+00 
-2.052801e+01 1.278002e+00 1.103278e+01 9.614542e-01 4.221937e+00 -7.310003e+00 -1.698625e+00 -4.455073e+00 -1.301474e+00 4.242107e+00 -7.388369e+00 -3.848356e-01 
-2.222089e+01 -2.513804e+00 6.528773e+00 -4.742727e-01 3.572039e+00 -1.548917e+01 -1.075205e+01 -1.017729e+01 -4.876032e+00 7.891059e-01 -1.333835e+01 -7.626201e-01 
-1.286925e+01 -1.120207e+01 -4.412766e+00 -6.678664e+00 2.795618e+00 -1.358748e+01 -9.745719e+00 -2.103134e+00 6.186457e+00 1.469119e+00 -9.242290e+00 3.367655e+00 
-1.097482e+01 -1.154618e+01 -4.922936e+00 -9.276471e+00 4.308903e-02 -1.873300e+01 -1.220551e+01 -4.007728e+00 4.084654e+00 1.016144e+01 -5.338861e-01 9.143810e+00 
-8.631300e+00 -7.912738e+00 -7.186252e-01 -4.543386e+00 5.671163e-01 -2.112786e+01 -1.398984e+01 2.304482e+00 5.079502e+00 5.759169e+00 -3.137113e+00 1.218420e+01 
6.502399e-01 -4.239805e+00 -1.395721e+00 -2.313929e+00 5.197600e+00 -1.258191e+01 -9.472996e+00 9.195286e+00 5.138047e+00 -6.714943e-01 -2.619492e+00 9.955449e-01 
2.571503e+00 -8.458223e+00 -3.293808e+00 -4.476937e+00 2.568333e+00 -1.562929e+01 -1.239860e+01 1.095470e+01 -5.823269e-01 2.383803e+00 4.148721e+00 -4.307927e+00 
3.447244e+00 -1.185861e+01 -4.147649e+00 -3.133821e+00 -1.055183e+00 -1.106257e+01 -1.098742e+01 9.137047e+00 2.905868e+00 -8.927546e-01 3.482127e+00 -5.217797e+00 
3.521181e+00 -1.274507e+01 -3.037656e+00 -4.714481e+00 -3.599014e+00 -5.411971e+00 -8.236581e+00 5.091105e+00 1.321835e+00 1.122937e+00 4.066897e+00 -7.885833e+00 
3.747373e+00 -1.334686e+01 -3.966208e+00 -5.104806e+00 -1.313773e+00 -5.950471e+00 -5.956841e+00 3.286109e+00 -1.507419e+00 5.864683e+00 9.447149e-01 -7.583750e+00 
3.939608e+00 -1.311146e+01 -5.942422e+00 -6.203577e+00 6.398344e-01 -3.717708e+00 -8.254551e+00 3.903952e+00 -1.882770e+00 4.120008e+00 5.266232e+00 -8.273034e+00 
4.265478e+00 -1.349624e+01 -5.335341e+00 -5.434960e+00 8.566844e-01 -4.920634e+00 -6.839844e+00 4.560199e+00 -4.055159e+00 5.911970e+00 5.448555e+00 -9.827275e+00 
3.441767e+00 -1.250420e+01 -4.368367e+00 -4.343515e+00 -2.240522e+00 -5.965125e+00 -4.740158e+00 3.970209e+00 -4.100832e+00 5.694944e+00 5.570401e+00 -9.686738e+00 
3.371116e+00 -1.323464e+01 -2.805412e+00 -6.371008e+00 -2.396067e+00 -2.759304e+00 -9.320073e+00 3.280623e+00 -1.712533e+00 4.911887e+00 6.678574e+00 -1.003156e+01 
3.543088e+00 -1.133659e+01 -3.265205e+00 -5.866620e+00 -3.052161e+00 -1.802733e+00 -8.240457e+00 2.466939e-01 4.872588e-01 5.032575e+00 8.059788e+00 -9.789244e+00 
4.823565e+00 -9.388480e+00 -5.419445e+00 -3.968363e+00 -3.607819e+00 -2.314217e+00 -1.043211e+01 1.112265e+00 -4.785239e-01 4.285512e+00 9.499256e+00 -6.974151e+00 
5.124789e+00 -7.048564e+00 -5.448475e+00 -5.363802e+00 -3.680863e+00 -7.706061e-01 -1.097861e+01 -1.553237e+00 -2.132313e+00 5.183610e+00 1.191927e+01 -4.197091e+00 
6.192765e+00 -5.615444e+00 -6.233582e+00 -3.891972e+00 -5.937082e+00 -7.353471e-01 -1.071012e+01 -3.797138e+00 -7.903481e-01 3.826053e+00 1.337430e+01 -2.948555e+00 
5.852108e+00 -3.300163e+00 -6.755278e+00 -2.587575e+00 -2.952377e+00 -2.535387e+00 -9.943038e+00 -5.623234e+00 -5.090697e+00 3.949564e+00 1.093383e+01 -1.459149e+00 
5.796793e+00 -1.260557e+00 -7.707737e+00 -2.925577e+00 -1.832257e+00 -2.888893e+00 -7.981475e+00 -6.564347e+00 -8.384157e+00 2.792815e-02 1.249692e+01 8.608029e-01 
4.729363e+00 1.182982e+00 -6.223335e+00 -3.154750e+00 -4.034671e+00 6.507762e-02 -7.310590e+00 -9.081297e+00 -1.423449e+01 2.262508e-01 1.580410e+01 3.733849e+00 
4.839447e+00 3.562001e+00 -6.536695e+00 -2.294569e+00 -4.085541e+00 -2.776705e+00 -3.478373e+00 -1.117116e+01 -1.411325e+01 -2.343827e+00 1.214428e+01 4.033034e+00 
3.727108e+00 4.712017e+00 -4.347021e+00 -4.131086e+00 -3.090313e+00 -2.100832e+00 -5.237683e+00 -9.334933e+00 -1.499641e+01 -7.710536e+00 1.088047e+01 9.187637e+00 
4.283552e+00 4.830498e+00 -3.809528e+00 -3.469731e+00 -2.365415e+00 -1.984065e+00 -7.972314e+00 -7.400376e+00 -1.278000e+01 -5.410769e+00 6.495361e+00 8.699379e+00 
1.666187e+00 6.806757e+00 -3.668644e+00 -5.464261e+00 -6.234803e+00 -2.432815e+00 -5.771150e+00 -1.074365e+01 -1.334884e+01 -6.248524e+00 6.742610e+00 6.993010e+00 
-1.191609e+00 7.911023e+00 -3.846243e+00 -5.004870e+00 -8.107214e+00 -1.576984e+00 -6.954711e+00 -1.670220e+01 -1.797140e+01 -1.082159e+01 7.985079e+00 6.961498e+00 
-2.183458e+00 1.084648e+01 -1.046927e+00 -5.763014e-01 -5.069356e+00 -2.637043e+00 -4.441712e+00 -9.386842e+00 -1.151859e+01 -1.674047e+00 4.541384e+00 6.285615e+00 
-4.172086e+00 1.212944e+01 1.391215e+00 1.934128e+00 -2.771317e-01 -6.615355e+00 -1.070941e+01 -5.685272e+00 -1.169589e+01 -6.003973e+00 -3.275490e-01 2.571156e+00 
-1.107341e+01 7.226722e+00 -2.286277e+00 -1.255446e+00 -2.698353e+00 1.955325e+00 -4.691532e+00 -8.049026e+00 -9.140673e+00 -1.017298e+01 5.871825e-01 4.535419e+00 
-1.055530e+01 9.376989e+00 1.322908e+00 9.138407e-01 1.235275e+00 -1.032530e+00 -6.876841e+00 -8.734393e+00 -9.103304e+00 -7.539032e+00 3.529265e+00 1.447945e+00 
-9.201982e+00 1.038545e+01 3.189830e+00 1.917915e-01 -4.167716e+00 -7.692815e+00 -1.013331e+01 -8.822174e+00 -1.182087e+01 -6.333922e+00 -5.043953e+00 -6.536240e+00 
-1.075356e+01 8.015037e+00 -3.228701e-01 2.206728e+00 -4.715221e+00 -8.885668e+00 -1.084436e+01 -1.245200e+01 -1.207954e+01 -4.165078e+00 -5.974248e+00 -5.335877e+00 
-1.568159e+01 4.177089e+00 -2.630801e+00 -2.450490e+00 -3.701733e+00 -9.821176e+00 -7.238005e+00 -5.880669e+00 -8.297378e+00 -4.258946e+00 -5.024386e+00 -1.900682e+00 
-1.726329e+01 -3.663665e-02 -5.924064e+00 4.267265e-02 -5.211531e+00 -5.390907e+00 -4.077377e+00 -9.657803e-01 -4.999351e+00 -4.218011e+00 -3.741005e+00 -1.167933e+00 
-1.998471e+01 -1.761073e+00 -6.230593e+00 -2.685418e+00 -2.934116e+00 9.405994e-01 3.014129e+00 -3.144159e-03 1.095544e+00 2.216887e+00 -2.429608e+00 1.764516e+00 
-1.797199e+01 -3.331445e+00 -6.861581e+00 -2.356833e+00 -2.205304e+00 -1.184098e+00 -5.915967e+00 -3.534217e+00 1.160594e-01 1.260210e+00 2.884017e+00 1.758358e+00 
-1.909912e+01 -2.916172e+00 -6.010729e+00 2.518569e+00 -2.213783e+00 -6.510919e-01 -1.774734e+00 -5.285193e+00 -1.568040e+00 1.267268e+00 2.226762e+00 6.105597e+00 
-1.942444e+01 -3.438587e+00 -4.384163e+00 -1.811633e+00 1.157014e+00 -1.453348e+00 -1.258181e+00 1.849962e+00 -4.839217e-01 2.964303e+00 7.574995e-01 1.595002e+00 
-1.959038e+01 -7.111613e-01 1.461230e+00 -4.137364e+00 -1.105075e+00 -6.512326e+00 -3.916350e+00 4.663172e+00 -4.702889e+00 2.494610e+00 -4.331111e+00 -2.029629e+00 
-1.415137e+01 1.198623e+00 -2.743935e+00 -8.572212e+00 -8.423847e+00 -9.977289e-01 -6.910667e+00 1.750365e+00 -7.733105e+00 -5.139752e+00 -7.491171e-01 -1.965518e+00 
-1.714718e+01 -7.373602e-01 -4.886221e+00 -1.900058e+00 -1.540732e+00 2.743845e+00 2.237890e+00 -2.082877e+00 -6.466294e+00 -6.676223e+00 -3.466708e-01 8.542832e-01 
-1.471877e+01 2.488236e+00 -2.015182e+00 1.509800e-01 -1.300729e+00 1.909535e+00 -3.179575e+00 -5.802595e+00 -1.021192e+01 -5.303845e+00 2.860003e+00 3.867142e+00 
-1.903065e+01 -2.059819e+00 -6.401361e+00 -1.190043e+00 3.109969e+00 2.414150e+00 9.838769e-02 -9.100732e-01 -3.670257e+00 4.204363e-02 3.775180e+00 4.809973e+00 
-1.837180e+01 -2.578324e+00 -8.620493e+00 -1.725302e+00 -3.435969e+00 1.334859e+00 1.726270e+00 2.348772e-01 4.025556e-01 3.451993e+00 5.364876e-01 -1.490661e+00 
-1.775894e+01 -2.368341e+00 -7.463539e+00 -5.804872e-01 -7.138725e+00 -1.201956e+00 3.023995e+00 -3.898001e+00 -6.095510e+00 -1.807085e+00 -1.464182e+00 -2.138292e+00 
-1.813684e+01 -1.418532e+00 -3.884239e+00 7.040353e-02 -1.828916e-01 4.888690e+00 3.734696e+00 -3.644365e+00 -6.208447e+00 9.180073e-02 -3.087753e+00 -4.554664e-01 
-1.653707e+01 1.478600e+00 -7.950439e-01 9.494200e-01 -2.594982e+00 6.647976e+00 7.253317e+00 5.067893e+00 -3.292830e+00 -1.653227e+00 -5.204042e+00 1.570299e-01 
-1.547402e+01 3.398942e+00 1.151286e+00 3.678034e+00 5.943368e+00 8.719556e+00 1.364421e-01 -8.049893e-01 4.657231e+00 -3.192873e+00 -5.487311e+00 4.011591e-01 
-1.448929e+01 4.582195e+00 -2.175277e+00 2.189461e+00 4.707486e+00 6.382846e+00 2.812934e+00 -1.811516e+00 -3.875926e-01 4.710036e+00 -1.084415e+00 2.237199e+00 
-1.360369e+01 7.944651e+00 4.443268e+00 6.129861e+00 3.466386e+00 3.443987e+00 -8.328878e-01 -7.881905e+00 -4.557565e+00 1.698864e-02 1.154165e+00 -4.880653e-01 
-1.533326e+01 4.763632e+00 1.649075e+00 4.392765e-01 -1.535188e+00 8.036847e-01 -1.228583e+00 -2.756427e+00 -4.219167e+00 -2.835752e+00 -5.167132e+00 -5.768718e+00 
-1.412563e+01 4.453156e+00 2.607299e-01 2.239691e+00 -2.912920e+00 -1.185929e+00 -1.838510e+00 -1.695881e+00 -2.566209e+00 -8.437033e-01 2.803450e-01 -4.164492e+00 
-1.633826e+01 -2.110355e-01 -4.610431e+00 6.893776e-01 -3.654776e+00 -2.211187e+00 -2.035829e+00 -3.802202e+00 -1.306041e+00 2.823501e+00 -2.571465e+00 -5.678890e+00 
-1.770582e+01 1.834045e+00 -3.824470e+00 6.297300e-01 -3.361541e-01 -2.006960e+00 -1.862470e+00 -3.454032e+00 -1.030325e-03 2.844771e-01 1.704249e+00 -1.715593e+00 
-1.388027e+01 5.447150e+00 3.239141e-01 4.136378e+00 1.333102e+00 -3.003828e+00 1.625164e-01 2.732814e-01 -9.410699e-01 -3.549290e+00 -2.427385e+00 -7.838745e+00 
-1.476806e+01 5.154661e+00 5.365204e-01 1.409334e+00 6.926610e-01 2.068887e+00 -1.296588e+00 3.559580e+00 4.615157e-01 -7.156052e-01 2.464708e-02 -4.216288e+00 
-1.453584e+01 5.539042e+00 -5.602378e-01 2.227133e+00 -9.580085e-01 5.504611e-01 -9.311950e-01 -1.613165e+00 -3.697384e-01 -2.976907e+00 -1.556678e+00 -5.786177e-01 
-1.209264e+01 7.601719e+00 3.781542e+00 5.913247e+00 2.699095e+00 8.389436e-01 3.693490e-01 -1.066644e+00 -3.189027e+00 -3.095477e+00 -5.527333e+00 -2.387130e+00 
-1.290047e+01 6.780168e+00 2.971674e+00 8.303857e+00 4.697377e+00 -7.051252e-01 -2.886063e+00 -1.105470e+00 -3.070414e-01 4.577448e-01 -4.283974e+00 9.716390e-01 
-1.140147e+01 8.480360e+00 3.894248e+00 4.496879e+00 2.584964e+00 -1.745494e+00 -2.859989e+00 6.421301e-01 -2.310577e-01 -4.717699e+00 -5.626499e+00 7.535889e-01 
-8.795056e+00 9.862256e+00 4.238134e-01 -2.486593e+00 -8.272541e+00 -9.869714e+00 -8.052299e+00 -1.669716e+00 -5.261349e+00 -7.853807e+00 -7.745901e+00 3.502759e+00 
-1.234512e+01 8.510860e+00 1.503068e+00 -6.725746e-01 -5.746319e+00 -5.270019e+00 -5.053754e+00 -2.057556e+00 -1.619526e+00 -3.785724e+00 -1.835944e+00 9.209297e-01 
-9.750758e+00 8.226583e+00 1.753243e+00 -6.877481e-01 -5.619144e+00 -2.452963e+00 7.541212e-01 5.017251e+00 4.207557e+00 3.118161e+00 3.981961e+00 2.209671e+00 
-8.743574e+00 8.989480e+00 9.331293e-01 4.025978e+00 -4.967289e+00 -4.269946e+00 -1.084470e+00 -4.098463e+00 -1.165284e+00 3.889573e+00 2.661149e-01 -1.957911e+00 
-1.345034e+01 8.424052e+00 2.715522e+00 5.769883e+00 4.231068e+00 -1.598963e+00 1.592022e+00 4.205677e-01 1.887215e-01 4.106598e+00 -1.738112e+00 -4.224619e+00 
-9.120926e+00 1.048243e+01 2.154975e+00 2.442178e+00 -1.863888e+00 -8.919095e+00 -5.029794e+00 -3.795871e+00 -1.289017e+00 7.485238e-01 -2.914767e+00 -6.350426e+00 
-9.508136e+00 1.037177e+01 2.963135e+00 5.365954e+00 2.101697e+00 -6.078228e+00 -5.363827e+00 -1.632156e+00 3.918154e+00 1.954339e+00 -9.323302e-01 1.385282e+00 
-1.176294e+01 8.034197e+00 3.112984e+00 4.157830e+00 1.311581e+00 -1.972159e+00 -3.433976e+00 1.069218e+00 1.986589e+00 -8.796977e-01 -5.699873e+00 -4.032286e+00 
-1.265565e+01 8.412712e+00 3.457082e+00 7.565588e+00 3.251166e+00 2.962725e+00 -5.844440e+00 -2.681729e+00 -1.239607e+00 -8.292349e-01 -5.102207e+00 -2.018038e+00 
-1.314364e+01 6.294901e+00 2.025191e+00 5.899642e+00 5.932281e+00 3.105168e-01 -2.849770e+00 -1.960490e+00 -9.039777e+00 -1.008652e+01 -6.779663e-01 1.695696e+00 
-1.495865e+01 6.562365e+00 2.326170e+00 4.168818e+00 -6.694185e-01 -1.808686e+00 9.722292e-01 -1.505971e+00 -2.777967e+00 -3.450128e+00 -7.272305e+00 -5.825585e+00 
-1.248642e+01 9.677299e+00 4.646055e+00 1.174937e-01 -3.532818e+00 1.381566e+00 2.290743e+00 1.416100e-01 -5.431586e+00 -2.845985e+00 -1.338779e+00 -7.282102e-01 
-1.348375e+01 6.402434e+00 1.173059e+00 7.317588e-01 1.688215e+00 4.819088e+00 -2.807135e+00 -9.896539e-03 -3.311237e-01 -1.977530e+00 -2.085861e+00 -1.601135e+00 
-1.058761e+01 8.783017e+00 6.303786e+00 6.940335e+00 3.585409e+00 -3.525353e-01 -6.709825e+00 -4.319181e+00 7.683572e-01 -1.351057e-01 3.623539e+00 5.003393e+00 
-1.412180e+01 5.560158e+00 5.936208e+00 7.504894e+00 3.599105e+00 4.561285e+00 -2.726094e+00 -2.110309e+00 -3.860840e+00 -2.233726e+00 -2.888608e-01 4.027601e+00 
-1.777756e+01 1.741762e+00 7.580920e-01 6.199973e+00 1.607018e+00 6.082458e+00 6.848814e+00 -2.181631e+00 -4.002427e+00 5.387932e+00 -1.194331e-01 2.899607e-01 
-1.965446e+01 -6.923919e-01 -1.956267e+00 2.200449e+00 -4.940224e+00 6.131945e-01 4.602195e+00 5.529587e+00 4.668857e+00 1.230452e+01 2.561615e+00 1.361739e+00 
-1.963201e+01 8.216715e-01 -2.138562e+00 1.814833e+00 5.002677e-01 -1.050388e+00 -5.305668e-01 1.789613e+00 3.583078e+00 8.925274e+00 1.393854e+00 -4.816469e+00 
-1.814944e+01 1.890353e+00 -5.056135e+00 -1.265388e+00 -5.237618e+00 1.705307e+00 -3.351877e+00 -5.260716e+00 -4.046162e-01 3.420939e+00 1.750052e+00 -2.353444e+00 
-1.963256e+01 2.211388e+00 -4.208699e+00 -2.008889e+00 -3.566405e+00 3.576814e-01 -5.312383e+00 -3.811486e+00 -1.480845e+00 5.110916e+00 5.823876e+00 1.632309e+00 
-2.065015e+01 -8.820408e-01 -1.282587e+00 -2.084749e-01 7.311397e-01 -2.113195e+00 -3.772237e+00 -1.825043e-01 1.442938e-01 -1.745330e+00 -3.050398e+00 5.645156e-01 
-1.937131e+01 6.457085e-01 -4.156188e+00 -1.006392e+00 1.199079e+00 2.922004e-01 3.264654e+00 4.543296e-01 -8.185824e-01 -3.003020e+00 -5.779106e-01 2.726906e+00 
-1.899396e+01 1.083661e+00 -4.919094e+00 2.668211e+00 1.057230e+00 1.456205e+00 5.271670e+00 3.380220e+00 3.249110e-01 -4.118850e+00 -2.711988e+00 -4.077199e+00 
-2.091194e+01 5.276178e-01 -1.779095e+00 -3.957891e-01 -1.498014e+00 2.152717e-01 -4.637974e+00 1.570160e+00 4.560071e+00 -1.900601e+00 2.100469e+00 -2.515425e-01 
-1.920756e+01 3.422702e-01 -2.860057e+00 -5.234558e-01 -3.832821e+00 -4.496120e-01 3.225190e+00 5.258226e+00 4.531837e+00 -2.220316e+00 -7.384444e-01 2.131723e-01 
-1.557589e+01 4.082460e+00 1.044771e-01 5.775115e+00 7.553603e+00 8.880739e+00 5.275567e-01 1.250688e+00 -2.730218e+00 -2.915504e+00 6.057784e+00 -1.209949e+00 
-1.697412e+01 9.651791e-01 -4.688769e-01 2.794308e+00 2.415396e+00 7.333923e+00 4.019047e+00 -2.190071e+00 8.185979e-01 -2.592613e+00 -5.544676e+00 -2.183930e+00 
-1.704093e+01 2.830777e+00 1.459522e+00 5.069809e+00 2.305830e+00 5.086049e+00 4.077890e+00 1.901427e-01 9.830217e-01 7.735788e-01 -4.448510e+00 4.593372e+00 
-1.810179e+01 3.052881e+00 -6.131759e-01 2.440085e+00 -1.596167e+00 1.365081e+00 2.500042e+00 1.869797e+00 -2.352375e+00 -9.252202e-01 -4.508543e+00 2.533124e+00 
-2.047489e+01 -6.681481e-01 -2.705939e+00 -1.242889e+00 -3.266975e-01 -1.926826e+00 -7.296496e+00 -1.637220e+00 5.159084e-01 3.564564e+00 -1.218712e+00 -8.741807e-01 
-1.878584e+01 -3.166133e-01 4.101520e-01 2.669257e+00 3.613532e-01 -6.836034e-01 -2.287059e+00 1.231697e+00 -1.391990e+00 -3.255335e+00 -7.273272e-01 -1.647498e+00 
-1.786793e+01 3.234710e+00 2.624376e-01 6.725290e+00 3.928782e+00 2.322144e-01 -2.155982e+00 4.806239e+00 4.007840e+00 1.279266e+00 3.805863e+00 2.888090e+00 
-1.736187e+01 3.312525e+00 -5.352418e+00 7.322820e-01 3.805194e+00 1.156732e+00 3.304118e+00 7.474273e+00 9.239095e+00 9.010673e+00 8.156766e-02 -1.215382e+00 
-1.774196e+01 -7.866298e-01 -3.800990e+00 2.681822e-01 5.038548e-01 1.011117e+00 -1.141199e+00 -4.846733e-01 1.550893e-01 1.247506e+00 1.504137e+00 1.994519e+00 
-1.836468e+01 1.295506e-01 -5.006613e+00 -3.368225e+00 -1.839431e+00 3.938071e+00 -4.174274e+00 -9.089315e+00 -1.742844e+00 3.261178e-01 4.210088e+00 1.048427e+00 
-2.133968e+01 -1.965581e+00 7.632151e-01 2.099990e+00 -5.619144e+00 -4.039618e+00 -1.447043e+00 4.255497e+00 8.559669e-01 -4.089462e-01 3.526152e+00 2.244443e+00 
-2.107569e+01 -2.548307e-01 -3.161463e+00 2.598107e-01 -1.700842e+00 -2.761594e+00 2.708285e+00 8.062974e-01 -3.479260e+00 -2.191732e+00 6.627801e-01 2.099560e+00 
-2.006960e+01 -1.116267e+00 -4.493881e+00 -8.389599e-01 4.787458e-01 -1.417631e+00 1.801674e+00 -1.164132e+00 -4.699567e+00 -6.340883e-01 1.791853e+00 3.126424e+00 
-2.057237e+01 -1.557347e+00 -5.742196e+00 -2.601702e+00 -2.800665e-01 1.834895e+00 3.262540e+00 4.796510e-01 2.283880e+00 2.801975e+00 1.263559e+00 -2.240797e+00 
-2.014025e+01 -8.010978e-01 -4.171556e+00 5.484726e+00 -2.824224e+00 -2.901714e+00 -1.692987e+00 -3.321095e+00 -1.363340e+00 6.818281e-01 -3.480860e+00 -2.840616e+00 
-1.943156e+01 1.971985e-01 -2.840846e+00 -3.518383e-01 -3.919561e+00 -4.754414e+00 -4.248621e+00 2.458098e+00 -2.111552e+00 1.848120e+00 1.547717e+00 1.371881e+00 
-2.079364e+01 -2.931515e-01 -2.636778e+00 -1.188997e+00 1.305059e+00 3.981572e+00 6.505287e-01 8.793075e-01 -3.545694e+00 5.004441e-01 -7.918075e-01 3.549484e+00 
-1.956245e+01 1.513401e+00 7.290614e-01 3.314923e-01 -3.182597e+00 -3.986958e+00 -3.090077e+00 3.164988e+00 -3.539050e+00 3.103693e+00 -3.726330e+00 -3.105826e-01 
-1.969992e+01 -1.405628e+00 -1.759030e+00 -2.273036e-02 -2.377154e+00 -2.147996e+00 9.574303e-01 -1.761739e-01 6.707824e-01 3.897689e+00 -4.650365e-02 4.453486e-01 
-2.048803e+01 1.120808e+00 -1.664254e+00 -8.342509e-01 4.634116e+00 1.473605e+00 -5.968821e+00 2.046625e+00 -4.307608e+00 -1.980353e+00 1.086572e+00 -1.819910e+00 
-2.102805e+01 -1.115876e+00 3.866714e-01 4.726051e+00 -1.825083e+00 -1.698296e-01 8.422101e-01 -8.079652e-02 -7.957458e-01 -7.311323e-01 -2.604817e+00 -4.558938e+00 
-2.006084e+01 -1.460372e+00 -1.846549e+00 3.154286e+00 -4.457610e+00 -8.791305e-01 2.897167e-01 -2.477469e+00 3.884384e-01 2.963597e+00 1.774510e+00 -1.294344e+00 
-1.914074e+01 -7.807644e-01 -3.185371e+00 2.256957e+00 9.055980e-01 3.744833e+00 1.086040e+00 -2.578755e+00 -4.540956e+00 6.655954e-01 4.309255e+00 1.106670e-01 
-1.984670e+01 -3.623636e-01 -6.724540e+00 -2.192541e+00 -1.118771e+00 1.988295e+00 4.689931e+00 -3.730036e+00 3.614496e-01 1.298675e+00 -7.944756e-01 -6.318625e-01 
-1.965611e+01 -2.121602e+00 -4.708195e+00 1.955580e+00 8.035318e-01 2.870227e+00 1.457070e+00 6.159647e-01 4.415855e-01 1.916228e+00 -1.095977e+00 -2.173064e+00 
-2.014190e+01 -3.242682e+00 -2.076232e+00 2.850816e+00 7.008133e-01 -4.693021e-01 -2.700019e+00 -2.225943e+00 1.822995e+00 2.280407e+00 2.029319e+00 5.420586e-01 
-2.029087e+01 -1.121052e-01 -3.979869e+00 -2.217655e+00 -5.542839e+00 -4.612462e+00 -1.317376e+00 4.214561e+00 1.757392e+00 2.105728e+00 2.649219e+00 1.640278e+00 
-1.922125e+01 -1.243351e+00 -4.966482e+00 -3.528332e+00 -4.189238e+00 -1.717562e+00 -2.395936e+00 3.965989e+00 5.460806e-02 5.962786e+00 -2.649251e-02 -2.026731e+00 
-2.036042e+01 -2.940416e+00 -4.615127e+00 -1.860816e+00 -1.618668e+00 6.196053e-01 -2.658441e+00 3.910704e+00 5.895393e+00 2.625178e+00 -1.860403e+00 2.095502e-01 
-1.930340e+01 -1.464674e+00 -5.363091e+00 1.444913e+00 -1.168011e+00 -7.736774e+00 -1.587986e+00 1.372231e+00 -2.180892e+00 4.215288e+00 4.697916e+00 2.424461e+00 
-2.020269e+01 -2.544695e+00 -5.178661e+00 -2.557228e+00 -1.864540e+00 -1.262858e+00 -2.588675e+00 3.556626e+00 7.702950e-02 -6.049142e+00 -3.256736e+00 2.731253e+00 
-2.089112e+01 -2.806293e+00 -4.136549e+00 1.071854e+00 1.603105e+00 1.549618e+00 -3.832137e+00 -1.652013e-01 -3.955508e+00 -2.596141e+00 3.642661e+00 -2.793529e+00 
-2.086429e+01 -3.048340e+00 -2.484368e+00 1.575719e+00 2.548767e+00 6.457486e+00 -3.761314e+00 -1.867223e+00 1.800574e+00 1.999509e+00 -2.736446e+00 -3.115895e+00 
-1.921413e+01 -4.128063e-01 -4.300487e+00 5.972902e-01 1.382668e+00 -1.425874e+00 -5.230636e+00 -2.372808e+00 -8.837707e-01 6.221902e-01 1.775400e+00 -2.118732e+00 
-2.019338e+01 -1.915921e+00 -4.276579e+00 -1.696001e+00 1.778542e+00 1.310132e+00 -3.069993e+00 -2.027170e+00 -3.916063e+00 -3.284879e-01 -3.414156e+00 -2.352431e-01 
-1.986094e+01 -1.919831e+00 -5.801538e+00 -9.300009e-01 1.858434e+00 1.227708e+00 1.780180e+00 -5.378482e-01 -7.054648e+00 -1.567828e+00 -7.940310e-01 4.381842e+00 
-1.980234e+01 5.811888e-01 -2.984718e+00 -1.201554e+00 8.450251e-02 8.906873e-01 -4.874053e+00 1.223679e+00 8.750666e-01 -2.167383e+00 -1.204037e+00 -2.238262e+00 
-2.109048e+01 -1.572598e+00 -2.925803e+00 8.091959e-01 2.821133e-01 1.137042e+00 -3.602754e+00 2.461474e+00 2.687881e+00 -6.496603e+00 -3.583584e+00 -4.545898e+00 
