-2.917595e+01 -3.724557e+00 -2.861541e+00 -1.126557e+01 6.916305e+00 -6.672167e+00 -8.602384e-01 -3.052961e+00 -8.795387e-01 2.194585e+00 3.447481e+00 2.262121e+00 
-3.099636e+01 -4.631430e+00 -3.321949e+00 -1.478936e+01 6.335525e+00 -7.776424e+00 2.763790e-01 -3.220603e+00 -3.647077e+00 3.749852e+00 4.485134e+00 -5.820523e-01 
-3.032772e+01 -4.556241e+00 -3.355014e+00 -1.369529e+01 1.839210e+00 -1.399848e+01 -1.020595e-01 -1.535011e+00 -4.670146e+00 4.905202e+00 3.719859e+00 -2.352576e+00 
-2.894883e+01 -4.174157e+00 -3.475251e+00 -1.425933e+01 8.010531e+00 -7.793320e+00 1.116148e+00 -3.676381e+00 -8.198965e+00 -1.532025e+00 3.347974e+00 -5.502430e+00 
-2.883383e+01 -5.878955e+00 -2.797915e+00 -1.583395e+01 8.007878e+00 -1.007545e+01 -2.859192e+00 -4.665646e+00 -7.239862e+00 -2.490488e+00 -1.711692e+00 -8.845588e+00 
-2.747805e+01 -5.392144e+00 -2.527883e+00 -1.442364e+01 4.590533e+00 -9.597544e+00 1.361352e+00 -2.806300e+00 -8.993414e+00 -3.050987e+00 -1.276983e+00 -5.440835e+00 
-2.726480e+01 -5.931511e+00 -3.611520e+00 -1.853796e+01 3.790510e+00 -9.770524e+00 -3.230687e+00 -8.910726e-01 -9.125690e+00 -6.048697e+00 -2.767054e+00 -2.687416e+00 
-2.769188e+01 -4.308807e+00 1.640838e+00 -1.690371e+01 5.882113e+00 -4.673241e+00 1.982610e-01 3.721276e+00 -9.982525e+00 -5.684805e+00 2.991267e+00 -8.146710e-01 
-2.716887e+01 -4.549719e+00 3.501006e+00 -1.557733e+01 5.204328e-01 -6.160870e+00 7.542010e-01 5.121352e+00 -6.161514e+00 3.046645e+00 6.631276e+00 -2.501648e+00 
-2.640950e+01 -4.715059e+00 2.939399e+00 -1.458618e+01 1.407025e+00 -7.417189e+00 9.698936e-01 3.034117e+00 2.194802e+00 9.737171e+00 9.401021e+00 -2.791930e+00 
-2.715038e+01 -8.027983e+00 3.625752e+00 -8.315539e+00 6.109827e-01 -9.849772e+00 -1.937833e+00 3.380316e+00 -5.581267e-01 4.641290e+00 5.499175e+00 -6.823115e+00 
-2.560390e+01 -1.000208e+01 4.093174e+00 -8.663589e+00 3.748234e-01 -7.775620e+00 -2.191283e+00 -6.326353e+00 -2.548196e+00 8.080808e+00 3.412063e+00 -3.393463e+00 
-2.422674e+01 -9.016183e+00 7.029464e+00 -9.254567e+00 -5.378243e+00 -1.007585e+01 2.009732e+00 -4.177999e+00 -1.062356e+00 9.490294e+00 6.671331e+00 -3.767946e+00 
-1.924979e+01 -7.312919e+00 1.202882e+01 -6.995189e-01 1.450144e+00 -6.862848e+00 2.449363e+00 -4.121681e+00 -1.442602e+00 1.129216e+01 -1.929492e-01 -1.033238e+01 
-8.976306e+00 -1.124778e+00 1.846101e+01 4.030072e+00 -2.441841e+00 -1.734263e+01 -5.530395e+00 -6.704858e+00 -7.808848e+00 3.832796e+00 -2.655742e+00 -9.847158e+00 
-2.742404e+00 -1.096007e+00 1.778618e+01 1.589748e+00 -1.177014e+01 -7.208406e+00 -8.636889e+00 -6.212845e+00 -1.247682e+01 7.677823e-01 2.882484e+00 -3.992374e+00 
-1.529951e+00 -3.691182e+00 1.709381e+01 4.991626e+00 -1.172569e+01 -9.253997e+00 -1.227719e+01 4.408986e-01 -1.120934e+01 -4.520798e+00 6.347091e+00 -6.811320e+00 
-1.598145e+00 -5.606586e+00 9.402644e+00 9.950894e+00 -1.990419e+00 -1.476402e+01 -1.702286e+01 -1.300574e+00 -7.139174e+00 -1.275933e+00 3.236661e+00 -6.577391e+00 
-2.524532e+00 5.466451e-01 1.342558e+01 6.046818e+00 -7.947803e+00 -1.343609e+01 -9.577344e+00 -2.178950e+00 -1.378182e+01 1.467918e+00 2.210814e+00 -2.430225e+00 
-4.165793e+00 3.961228e+00 1.437445e+01 3.524782e+00 -7.571341e+00 -1.346787e+01 -9.290043e+00 -2.060640e+00 -1.066010e+01 -2.928941e-01 9.882490e-02 -3.059278e+00 
-7.010838e+00 6.428275e+00 1.691195e+01 5.339676e+00 -8.707692e+00 -1.013539e+01 -1.179850e+01 -5.010972e+00 -9.452235e+00 5.700011e+00 -9.649699e-01 -3.132013e+00 
-9.962796e+00 9.939436e-01 1.533635e+01 1.040760e+01 -2.543821e-01 -1.075852e+01 -1.245382e+01 -3.414876e+00 -3.222608e+00 8.689063e+00 -4.376450e+00 1.236305e+00 
-1.416073e+01 -5.309377e-01 1.466753e+01 3.778752e+00 9.024491e+00 -3.521112e+00 -1.010334e+01 -8.723001e-01 -6.394669e-01 6.532243e+00 -5.816768e+00 4.589619e+00 
-1.214614e+01 -1.845980e+00 9.189223e+00 -3.620399e+00 8.448687e+00 -5.194997e+00 -8.399063e+00 -5.566610e-01 2.960426e+00 5.573222e+00 -1.026168e+01 -8.602119e-01 
-4.778955e+00 -3.675838e+00 5.124708e+00 -2.033416e+00 9.523344e+00 -9.637369e+00 -9.730542e+00 -2.348339e+00 4.931147e+00 5.921753e+00 -7.779497e+00 -8.992001e-01 
1.387910e+00 -4.362897e+00 2.019585e+00 -2.049758e+00 2.624307e+00 -1.395021e+01 -1.436988e+01 3.008359e+00 -2.228949e-01 -7.548106e-01 -2.604723e+00 1.212716e+00 
4.535201e+00 -5.505311e+00 -5.492730e+00 -2.722448e+00 2.608055e+00 -1.778715e+01 -1.380961e+01 8.577666e+00 1.446552e+00 1.322976e+00 -1.115073e+00 -1.206519e+00 
4.421353e+00 -7.617512e+00 -5.508261e+00 -5.665413e+00 -8.424586e-01 -1.357649e+01 -1.128249e+01 7.071941e+00 -7.255452e-01 5.855287e+00 -5.465164e-02 -3.343990e+00 
4.456028e+00 -6.490442e+00 -6.226176e+00 -7.274040e+00 2.004057e+00 -1.172439e+01 -9.296987e+00 5.564906e+00 -7.539748e-01 4.962173e+00 -1.225543e+00 -4.544434e+00 
4.594726e+00 -6.422158e+00 -7.220136e+00 -9.332304e+00 2.417668e+00 -8.456277e+00 -7.510687e+00 1.446316e+00 -9.758833e-01 4.906040e+00 1.728037e+00 -4.393723e+00 
5.183037e+00 -7.039783e+00 -7.005713e+00 -7.221478e+00 9.549395e-01 -9.387152e+00 -7.931223e+00 3.523510e+00 -1.569350e+00 5.661751e+00 1.031912e+00 -4.850770e+00 
4.172853e+00 -8.013022e+00 -3.275357e+00 -6.730763e+00 -3.158943e+00 -8.058021e+00 -7.843557e+00 5.464495e+00 -3.553497e+00 5.746650e+00 2.220933e+00 -3.748288e+00 
4.499949e+00 -7.057046e+00 -3.723240e+00 -7.963514e+00 -1.697541e+00 -7.009680e+00 -9.046575e+00 3.134528e+00 -2.381567e+00 3.398249e+00 5.268960e+00 -2.526221e+00 
5.375481e+00 -7.826967e+00 -3.223755e+00 -6.436600e+00 -3.569900e+00 -4.551752e+00 -9.765261e+00 1.908206e+00 -3.878857e+00 3.900660e+00 6.190663e+00 -2.915775e+00 
5.511289e+00 -6.048514e+00 -3.865521e+00 -5.304996e+00 -4.021322e+00 -4.497847e+00 -9.063500e+00 -1.247313e+00 -3.062692e+00 3.566929e+00 7.590504e+00 -2.227421e+00 
5.729739e+00 -5.855938e+00 -3.586972e+00 -5.028941e+00 -3.589138e+00 -4.993455e+00 -1.159800e+01 -1.850651e+00 -4.732533e+00 2.966494e+00 9.667918e+00 -1.577399e+00 
5.705466e+00 -3.526227e+00 -2.237811e+00 -5.851364e+00 -2.843179e+00 -5.653193e+00 -1.218562e+01 -3.606530e+00 -7.652881e+00 4.013485e+00 1.162559e+01 -3.240786e+00 
6.876309e+00 -2.317446e+00 -3.878046e+00 -4.236995e+00 -2.049127e+00 -4.703412e+00 -1.311479e+01 -5.886729e+00 -1.030078e+01 2.866235e+00 1.310301e+01 -2.044930e+00 
6.139476e+00 1.263243e+00 -4.327933e+00 -4.680891e+00 -2.869714e+00 -3.495769e+00 -1.573869e+01 -5.255887e+00 -1.037422e+01 -1.303022e+00 1.503116e+01 -8.372398e-02 
5.703732e+00 2.605139e+00 -3.030875e+00 -6.155244e+00 -1.137658e+00 -2.867408e+00 -1.554079e+01 -3.405709e+00 -1.499797e+01 -1.893962e+00 1.538998e+01 2.077337e+00 
4.695282e+00 2.619716e+00 -2.973762e+00 -4.422504e+00 -1.237163e+00 -2.001703e+00 -1.342856e+01 -7.925068e+00 -1.400768e+01 -2.129110e+00 1.422288e+01 2.740792e+00 
4.679678e+00 2.995662e+00 -1.080028e+00 -5.430877e+00 -3.281684e-02 -1.549541e+00 -1.149080e+01 -7.935982e+00 -1.512156e+01 -5.196632e-01 1.148729e+01 3.699443e+00 
5.121201e+00 4.149201e+00 -1.411682e+00 -6.368580e+00 -4.796137e+00 2.082238e+00 -1.279016e+01 -7.785802e+00 -1.563922e+01 -3.672089e+00 9.715985e+00 5.384127e+00 
4.751339e+00 6.492723e+00 -1.912670e+00 -6.829701e+00 -5.264476e+00 7.844846e-01 -1.160234e+01 -1.063485e+01 -1.594247e+01 -6.672591e+00 1.284286e+01 4.477897e+00 
1.178129e+00 8.296878e+00 2.685899e+00 -7.861042e+00 -3.863772e+00 -8.459540e-01 -9.645046e+00 -1.314774e+01 -1.252579e+01 -2.898221e-01 1.026201e+01 3.548405e+00 
6.449891e-02 6.626606e+00 -5.484796e-01 -4.792638e+00 -1.954946e-02 2.604799e+00 -1.302105e+01 -1.245010e+01 -1.020996e+01 -3.619586e+00 5.360456e+00 2.936716e+00 
1.085664e+00 4.654809e+00 -5.955142e+00 -5.842384e-01 2.424813e-01 -1.893087e+00 -9.355141e+00 -1.605092e+01 -1.502877e+01 -2.719212e+00 8.580934e+00 1.300194e+00 
-2.681724e+00 7.185921e+00 -3.117546e+00 -3.425615e+00 -2.661085e+00 4.827795e+00 -1.213311e+01 -1.577850e+01 -1.226479e+01 -2.489929e+00 8.265969e+00 3.062199e+00 
-3.422025e+00 7.006771e+00 -2.628081e+00 2.970905e+00 -7.436166e-01 -3.018665e+00 -1.048134e+01 -1.903138e+01 -1.628086e+01 -4.050503e+00 4.902978e+00 4.009383e+00 
-9.698113e+00 6.223423e+00 3.828571e-01 6.811966e-01 -1.513456e+00 -3.130901e+00 -1.231972e+01 -1.292771e+01 -1.213567e+01 -1.182935e+00 3.381283e+00 2.261138e+00 
-1.569103e+01 2.804237e+00 -2.548924e+00 -5.926305e-01 -3.458122e+00 -5.306428e+00 -1.052257e+01 -6.607940e+00 -4.195531e+00 -5.593483e+00 -6.824719e-01 -1.653044e-01 
-1.381167e+01 5.261693e+00 2.806555e-01 2.277014e+00 -3.673717e+00 3.105994e-01 -2.778251e-01 -5.313399e-01 7.851699e-01 -4.087921e-01 -4.793872e+00 4.788202e-01 
-1.506804e+01 4.997380e+00 1.276620e+00 5.448331e+00 2.434584e+00 5.467374e-01 -1.030796e+00 -4.342585e+00 -2.146628e+00 4.133857e-01 -2.596291e+00 9.882880e-01 
-1.621808e+01 4.487281e-02 -1.180225e+00 4.291110e+00 2.922339e-01 -3.387153e+00 -2.475980e+00 -8.884532e-01 -2.057391e+00 1.569294e+00 1.241045e+00 -3.369546e+00 
-1.819742e+01 -1.979574e-01 -4.703173e+00 -3.543545e+00 -3.222958e+00 -5.756222e-01 -1.375383e+00 4.186658e+00 3.188462e-01 -9.762735e-01 -3.237182e+00 9.040866e-01 
-1.892154e+01 -1.939583e+00 -5.415077e+00 -2.208324e+00 -5.552199e-01 -5.213145e-01 -6.323942e-01 -3.549662e-01 2.522532e+00 3.349655e+00 -7.836652e-01 9.240721e-01 
-1.898511e+01 -1.127847e+00 -7.991658e+00 -3.778965e+00 -1.693561e+00 1.206476e+00 3.684929e+00 -2.357944e+00 1.982370e+00 1.979824e+00 -8.064337e-01 1.138671e+00 
-2.090839e+01 -1.071072e+00 -2.154647e+00 1.432507e+00 -1.489243e+00 -1.302989e-01 -3.534045e+00 -4.043535e+00 1.196609e+00 2.412976e+00 -9.953279e-01 2.327975e+00 
-2.056569e+01 -4.691752e-01 -1.012394e+00 8.764226e-01 -8.756271e-01 -2.240657e+00 -2.420863e+00 -9.957349e-02 -1.108949e+00 -6.294177e+00 -1.662782e+00 1.659606e+00 
-2.116845e+01 -1.895083e+00 -2.205247e+00 4.541692e-01 5.010428e-02 2.404062e+00 9.742335e-01 -1.954117e+00 -1.596990e+00 4.083025e+00 5.503392e+00 -6.262826e-01 
-2.054719e+01 -1.789205e+00 -4.323925e+00 -2.072284e+00 -5.559011e+00 3.338959e+00 2.415511e+00 1.306178e+00 1.090393e+00 4.831195e+00 3.786900e+00 -3.772861e+00 
-2.023512e+01 -1.481159e+00 -6.500718e+00 3.112245e+00 -2.156924e+00 -2.293758e+00 9.151456e+00 -1.122017e+00 -1.087627e+00 4.586552e+00 -4.175750e+00 -2.286394e+00 
-1.742995e+01 7.165878e-01 -1.996836e+00 3.910375e+00 -4.699286e+00 -1.631606e+00 -9.135977e+00 -8.093583e+00 1.762041e+00 1.756965e+00 -3.105630e+00 -1.987228e-01 
-1.952661e+01 -1.327423e-01 6.518876e-01 3.180707e+00 -4.176551e+00 -3.627716e+00 -4.211936e+00 -5.142816e+00 -1.312695e+00 1.347272e+00 -1.176211e+00 -4.749166e-01 
-1.932896e+01 -7.994703e-01 -5.791820e+00 3.048642e+00 2.677709e+00 -5.930364e+00 -3.653392e+00 -2.990854e-01 -5.071905e-01 2.532784e+00 1.401455e-01 -5.097477e+00 
-1.547316e+01 -1.388007e+01 -1.745841e+00 -1.417188e+01 1.102871e+00 -1.094196e+01 -3.496288e+00 -2.976125e+00 -5.851552e+00 -1.311954e-01 -1.890046e+00 -2.219557e+00 
-1.940871e+01 -9.386374e+00 -4.835433e+00 -1.304822e+01 9.008749e-01 -1.235396e+01 -3.756682e+00 -3.759766e+00 -6.244038e+00 4.753841e-01 -2.724890e+00 -2.124834e-01 
-2.896270e+01 -1.820278e+00 4.028046e+00 -8.578785e+00 5.315927e+00 -8.122787e+00 9.421183e-01 2.402838e+00 -6.700490e+00 6.597039e-01 2.443980e+00 -3.322694e+00 
-2.981858e+01 -2.068478e+00 2.597224e+00 -1.473238e+01 2.774229e+00 -1.072393e+01 7.229538e-01 1.986789e+00 1.296112e+00 3.670539e+00 4.203901e+00 -4.823905e+00 
-3.072359e+01 -2.050448e+00 -3.685165e+00 -1.616124e+01 7.675199e+00 -4.839784e+00 -1.957797e+00 -2.344410e+00 -4.990768e+00 5.035906e-01 4.154569e+00 -5.633773e-01 
-2.925975e+01 -3.465615e+00 -2.769860e+00 -1.607422e+01 5.011772e+00 -7.288057e+00 5.374260e-02 3.288636e+00 -7.938551e-01 4.718927e+00 3.372429e+00 -7.196616e+00 
-2.702960e+01 -3.889129e+00 -1.822574e-01 -1.456012e+01 3.152994e-02 -8.662244e+00 3.865035e+00 -1.206275e+00 -1.584750e+00 3.475328e+00 -1.652663e+00 -4.753136e+00 
-2.863618e+01 -7.136455e+00 1.325716e+00 -1.214011e+01 1.095905e+00 -3.620475e+00 4.302496e+00 -4.107711e+00 -7.537583e+00 6.636691e+00 -1.591525e+00 4.703018e-01 
-2.817385e+01 -7.167912e+00 1.273532e-01 -1.332207e+01 -1.490902e+00 -5.376827e+00 6.358302e+00 6.932353e-01 2.619666e+00 -1.916863e+00 -3.156649e+00 8.503550e-01 
-2.995555e+01 -8.747650e+00 2.472979e+00 -1.768683e+01 -5.018366e+00 -6.316150e+00 7.328702e+00 -2.532457e-01 3.696831e+00 2.609025e+00 -4.271040e+00 -4.187643e+00 
-2.845183e+01 -1.123196e+01 3.326662e+00 -1.366968e+01 -8.878994e-01 -2.633684e+00 4.285570e+00 -4.581825e+00 -3.021232e+00 -3.875679e+00 -7.052404e-01 -6.471893e+00 
-2.814554e+01 -1.425564e+01 7.205311e+00 -1.130267e+01 -3.153636e+00 -6.068346e+00 -3.233939e-01 -9.455678e+00 1.421281e+00 2.567693e+00 9.746344e+00 -2.010201e+00 
-2.570098e+01 -9.713600e+00 1.026585e+01 -8.213510e+00 -4.330784e+00 -4.975352e+00 -4.160292e+00 -1.838438e+01 -1.474190e+00 2.430011e+00 3.686738e-01 -2.148461e+00 
-1.917004e+01 -6.501184e+00 1.250827e+01 5.226308e-01 3.519371e-01 -1.284841e+00 1.863477e+00 -6.667750e+00 5.377728e+00 3.770798e+00 -3.297898e+00 -5.246222e+00 
-6.799324e+00 -2.071164e+00 1.796703e+01 9.046906e-01 -6.067152e+00 -8.978838e+00 -6.321558e+00 -1.163547e+01 -3.857535e+00 -2.342753e+00 -6.474758e-01 -1.584279e+00 
-4.128807e+00 -5.741620e+00 2.213325e+01 -1.822731e+00 -1.047325e+01 -9.259629e+00 -8.756236e+00 -5.109636e+00 -9.503961e+00 -2.299745e+00 -4.594249e-01 2.664454e+00 
-4.137475e+00 -5.951843e+00 2.251550e+01 -5.776131e-01 -8.586959e+00 -9.495767e+00 -1.291602e+01 -5.938244e+00 -1.031618e+01 -1.353291e+00 -8.848585e-01 4.020523e+00 
-4.566862e+00 -6.757441e+00 2.024903e+01 3.656846e+00 -4.540077e+00 -1.297307e+01 -1.512503e+01 -6.574324e+00 -6.910948e+00 -4.587819e-01 -6.156188e+00 3.678475e+00 
-4.305069e+00 -3.444900e+00 1.989283e+01 3.559233e+00 -2.691931e+00 -1.212667e+01 -1.356961e+01 -9.068005e+00 -4.465217e+00 -2.936765e+00 -8.994660e+00 3.867191e+00 
-4.080841e+00 9.360173e-01 1.319061e+01 5.012385e+00 -5.264144e+00 -1.104454e+01 -1.530383e+01 -7.632130e+00 -1.391856e-01 -4.592850e+00 -7.105297e+00 3.222411e+00 
-6.043997e+00 2.747077e+00 1.206990e+01 2.516409e+00 -1.565531e+00 -1.275664e+01 -1.369894e+01 -6.556861e+00 -4.122483e+00 -1.254987e+00 -9.401120e+00 5.024059e+00 
-9.605070e+00 -1.193157e-01 1.330083e+01 3.521394e-01 1.692274e+00 -1.327558e+01 -1.261917e+01 -1.931852e+00 -3.459126e+00 4.904644e+00 -3.196283e+00 3.126087e+00 
-1.316846e+01 1.268230e+00 1.174176e+01 8.724474e-01 3.614054e+00 -1.163791e+01 -7.764137e+00 2.379264e+00 4.812691e+00 4.835943e+00 -4.616362e+00 3.192924e+00 
-1.201842e+01 -5.529863e+00 6.843097e+00 -1.374418e+00 9.966475e+00 -8.625235e+00 -6.841910e+00 1.599115e+00 4.763334e+00 1.948825e+00 -2.714771e+00 -7.737170e-01 
-6.060756e+00 -8.799823e+00 3.517141e-02 -8.231915e-01 6.524917e+00 -1.147458e+01 -8.384308e+00 5.770966e+00 1.861939e+00 1.426027e+00 5.217286e-01 6.282494e+00 
1.624275e+00 -5.459278e+00 -1.520396e+00 1.910413e+00 1.982166e+00 -1.515986e+01 -1.303710e+01 4.935374e+00 2.303387e+00 -8.332860e-01 -2.266991e+00 5.128246e+00 
3.110656e+00 -1.043710e+01 -6.872532e-01 1.313252e+00 -5.028138e-01 -1.310582e+01 -1.779579e+01 7.432547e+00 3.204841e+00 2.798983e-02 1.375969e+00 -1.315293e+00 
2.981205e+00 -1.320299e+01 2.215389e-01 -2.851863e+00 -6.202300e-01 -1.093955e+01 -1.260095e+01 6.055172e+00 1.486827e+00 1.743560e+00 1.290798e+00 -3.525499e+00 
4.031265e+00 -1.452187e+01 -1.540937e+00 -4.561194e+00 -2.565559e+00 -8.421279e+00 -1.015542e+01 6.249882e+00 9.277125e-01 3.441815e+00 2.773280e+00 -4.161105e+00 
3.248776e+00 -1.599573e+01 -1.873092e+00 -8.442304e+00 -1.332357e+00 -2.240657e+00 -1.218084e+01 6.432368e+00 6.003777e-01 3.891723e+00 4.710289e+00 -5.758311e+00 
2.754664e+00 -1.596772e+01 -2.760341e+00 -8.199375e+00 5.247447e-01 -9.364669e-01 -9.513981e+00 1.448936e+00 -5.107442e-01 3.796491e+00 7.740607e+00 -7.361414e+00 
1.992403e+00 -1.509116e+01 -2.296928e+00 -9.164021e+00 -4.520660e-01 -1.597814e+00 -6.858836e+00 1.710877e+00 -2.595973e+00 4.924192e+00 9.398912e+00 -8.664735e+00 
1.966397e+00 -1.403928e+01 -1.502862e+00 -1.220637e+01 3.008577e-01 8.210468e-02 -9.784790e+00 5.290740e+00 -4.867969e+00 7.446022e+00 7.036892e+00 -9.245298e+00 
2.464554e+00 -1.513144e+01 -1.700251e+00 -1.080357e+01 -4.437739e-01 -1.159732e+00 -1.029473e+01 3.864034e+00 -2.710481e+00 5.932366e+00 9.108404e+00 -9.632232e+00 
2.164042e+00 -1.202183e+01 -3.793880e+00 -9.857471e+00 -9.432907e-01 -1.771599e+00 -1.022616e+01 4.272662e+00 -3.313820e+00 6.146847e+00 1.019960e+01 -7.732622e+00 
2.503852e+00 -1.109501e+01 -3.762317e+00 -9.357480e+00 -9.976870e-01 -1.931706e+00 -1.039585e+01 1.168222e+00 -2.839599e+00 5.909186e+00 1.290442e+01 -7.382055e+00 
3.984454e+00 -9.031528e+00 -4.115514e+00 -8.532408e+00 -3.437558e+00 -1.051519e+00 -1.166353e+01 -3.069436e-01 -3.460706e+00 7.681728e+00 1.188869e+01 -4.822266e+00 
5.242561e+00 -7.630939e+00 -5.339427e+00 -4.917636e+00 -4.809073e+00 -3.008608e+00 -1.072438e+01 -5.585933e+00 -2.436847e+00 6.930206e+00 1.451761e+01 -2.756546e+00 
5.346585e+00 -6.350038e+00 -4.399574e+00 -4.710042e+00 -3.696603e+00 5.354284e-02 -1.343117e+01 -5.811639e+00 -3.979940e+00 2.755084e+00 1.737000e+01 -3.674533e-01 
4.605706e+00 -2.238421e+00 -5.558860e+00 -2.730399e+00 -2.453782e+00 -2.474783e+00 -9.832095e+00 -2.915442e+00 -1.077263e+01 2.731905e+00 1.461796e+01 9.797696e-01 
3.721506e+00 -8.988273e-01 -6.941086e+00 -4.602271e+00 -3.764599e+00 -1.693557e+00 -8.380836e+00 -8.307066e+00 -7.316859e+00 -3.642766e+00 8.056836e+00 4.255435e+00 
3.978097e+00 -6.232651e+00 -7.855389e+00 -3.269258e+00 -3.809044e+00 -1.930902e+00 -6.589763e+00 -3.761075e+00 -8.050105e+00 -5.978595e-01 5.898467e+00 -9.663647e-01 
5.272613e+00 -2.040858e+00 -7.969113e+00 -4.707834e+00 -6.300658e+00 -2.689601e+00 -8.195522e+00 -1.041089e+01 -1.057915e+01 -2.874767e+00 5.718427e+00 2.498016e+00 
6.049900e+00 2.421770e+00 -9.176996e+00 -5.821770e+00 -6.365336e+00 -2.286919e+00 -2.570590e+00 -2.922427e+00 -7.109955e+00 -5.921628e+00 3.648181e+00 -1.181947e+00 
2.421789e+00 8.330637e+00 -7.697578e+00 -7.508576e+00 -5.342422e+00 -1.372538e+00 8.375269e-01 -6.129783e-01 -9.260335e+00 -5.511097e+00 3.234975e+00 7.324074e-01 
-3.449186e+00 8.510170e+00 -1.762373e+00 4.092350e+00 2.256469e+00 -2.244322e-01 -6.781586e+00 -8.198796e+00 -8.033521e+00 1.896885e-01 8.354092e+00 3.916335e+00 
-4.270395e+00 8.804021e+00 -2.719761e+00 -1.524150e+00 2.455148e+00 -1.051921e+00 -1.108112e+01 -1.369738e+01 -1.339763e+01 3.622788e-01 1.058793e+01 1.113866e+01 
-6.257245e+00 9.144290e+00 1.909787e-01 8.521298e-01 -2.371856e+00 9.301097e-01 -9.605553e+00 -1.017776e+01 -9.177811e+00 -2.948490e-01 4.023439e+00 4.420889e+00 
-1.178841e+01 5.059526e+00 2.216473e+00 4.820251e+00 -3.805396e+00 -5.793991e+00 -1.323414e+01 -1.057766e+01 -5.087113e+00 -2.719487e-01 2.142087e+00 1.467941e+00 
-1.750508e+01 2.035850e+00 -1.641635e+00 -3.779407e+00 1.091441e-01 -4.308775e+00 -6.473454e+00 -3.265570e+00 -6.923774e-01 -1.694557e-01 -2.254342e+00 3.561838e+00 
-1.887531e+01 -1.140890e+00 -3.444691e+00 -6.964271e-01 4.355216e-01 9.417759e-01 -2.400032e+00 -5.815454e-01 5.705731e-02 -1.257501e+00 9.433675e-01 4.046078e+00 
-1.987855e+01 -3.592976e+00 -6.698107e+00 -1.093946e+00 -1.163861e+00 3.610095e+00 -4.132297e-01 -3.343716e+00 -3.441753e+00 4.284663e-01 6.023273e+00 1.052176e+00 
-2.015999e+01 7.035448e-01 -1.421201e+00 -1.378393e+00 -7.927060e-01 -3.531617e-01 -5.233113e+00 -1.407097e+00 -2.447903e+00 -3.027808e+00 -5.726959e+00 -4.931368e+00 
-1.941565e+01 1.944838e-01 -4.264808e+00 2.421591e-01 -1.435842e+00 2.674393e+00 -1.060026e+01 -3.822195e+00 -2.429344e+00 -1.673896e+00 7.645926e-01 -1.090537e+00 
-1.946708e+01 6.126274e-01 -1.174715e+00 -1.253837e+00 -2.785798e+00 -1.420409e+00 -3.567896e+00 -4.627987e-01 -2.055812e+00 -3.169958e+00 2.394648e+00 -2.058690e+00 
-1.992999e+01 -1.626934e+00 -3.250809e+00 1.083132e+00 1.491937e+00 1.617605e+00 -8.893157e-01 5.517871e-01 3.819236e+00 2.324726e+00 -7.406580e-01 -3.492735e+00 
-1.928157e+01 -1.918100e+00 -5.888010e+00 -2.968027e+00 -3.536731e+00 3.413381e+00 2.465420e+00 4.299293e+00 2.881455e+00 -1.587601e+00 -1.026529e+00 -4.845528e+00 
-1.870945e+01 -3.199478e-01 -7.107414e+00 9.576931e-01 -6.779431e-01 2.092250e-01 3.768500e-02 -5.400713e-01 -9.308698e-01 4.321523e+00 4.365810e+00 -6.832527e-02 
-1.787437e+01 1.105193e+00 -5.840497e-01 2.918344e+00 9.350384e-01 9.140186e-01 -6.250163e-01 -1.075741e+00 -1.350206e+00 -2.730610e-02 1.136056e+00 2.642174e+00 
-1.891865e+01 -8.301597e-01 -1.637126e+00 3.766385e+00 -1.825571e+00 4.485812e-01 2.442638e-01 1.014550e+00 -3.923871e+00 -8.545108e-01 -1.706023e-01 -1.306447e+00 
-2.008371e+01 -2.781240e+00 -3.563425e+00 2.050574e-01 -3.749009e+00 8.021849e-01 7.631003e-02 3.031061e+00 -1.872204e+00 2.793624e+00 -1.823848e+00 -2.360439e+00 
-2.176600e+01 -6.045829e+00 -3.204718e+00 7.766012e-01 -3.556964e+00 -3.044859e-01 2.228896e+00 9.578718e+00 -2.811169e+00 1.776514e+00 -2.011477e+00 -2.519341e+00 
-1.842396e+01 1.444695e+00 -1.446751e+00 -1.398269e+00 -1.769848e+00 1.799436e+00 -6.992285e-01 -8.822270e-02 1.966576e+00 1.531038e-01 -8.213364e+00 -2.576966e-01 
-1.705431e+01 4.905312e+00 3.347622e-01 3.806137e+00 1.632571e+00 -3.043204e+00 -8.468935e+00 -3.684239e+00 -1.940909e+00 -2.392463e+00 1.881936e+00 1.839514e-01 
-1.908046e+01 7.476609e-01 -1.253370e+00 2.920553e+00 1.463080e+00 -1.773656e-01 -6.302896e+00 -8.922191e+00 -6.027263e+00 -2.799084e+00 1.281522e+00 -2.360729e-01 
-1.972194e+01 3.398750e-01 -1.859064e+00 -1.563902e+00 -1.928062e+00 -8.716999e-01 -7.158722e+00 -1.530209e+00 -2.576231e+00 -1.287941e+00 -2.257293e+00 -1.841470e+00 
-2.039925e+01 -3.821612e+00 -6.871950e+00 -2.484379e+00 7.635576e-01 3.532858e+00 3.291735e+00 2.253095e+00 -9.170499e-01 2.622151e+00 -2.140921e+00 -4.462199e+00 
-2.008834e+01 -1.547142e+00 -6.761231e+00 -2.788702e+00 -3.568726e-01 2.619236e-01 3.948580e-01 5.736041e+00 7.804316e-01 7.872471e+00 4.198841e+00 -4.113926e+00 
-1.937751e+01 -3.671329e-01 -5.761760e+00 -2.886314e+00 -2.828917e+00 -4.987019e+00 -4.270525e+00 1.487354e+00 -1.471426e+00 7.176803e+00 -1.913657e+00 -1.880131e+00 
-1.891634e+01 -2.864869e+00 -7.658501e+00 -2.085976e+00 -8.853983e-02 -3.832074e+00 -4.106257e-01 5.306021e+00 2.450668e+00 3.259729e+00 4.816730e-01 3.634937e-01 
-1.836732e+01 -1.537551e+00 -8.085342e+00 -1.434487e+00 -5.355026e+00 -3.779376e+00 2.060074e+00 5.571455e+00 3.070590e+00 -4.495663e+00 -1.886251e+00 9.869775e-01 
-1.897875e+01 -1.799179e+00 -7.378448e+00 -4.804418e-01 -2.700555e+00 -3.745584e+00 5.918891e-01 8.696091e-01 -2.810380e+00 -4.333965e+00 1.714967e+00 -9.162370e-01 
-2.014670e+01 -1.466198e+00 -3.868527e+00 -1.426978e+00 -1.445793e+00 -2.844881e+00 -2.066294e+00 -2.099495e+00 -3.923871e+00 -1.601844e+00 3.262803e+00 3.799371e+00 
-1.977164e+01 -1.361854e+00 -2.956729e+00 1.452383e+00 7.818002e-01 1.467153e+00 1.463339e+00 1.528828e+00 2.351560e+00 1.127206e+00 -6.618116e-01 -4.172572e+00 
-2.000223e+01 -1.440496e+00 -5.017793e+00 4.384138e-02 1.438867e+00 9.389599e-01 3.601389e-01 4.828092e-01 -1.140538e+00 -3.754475e+00 -2.627492e+00 -2.322434e+00 
-2.098872e+01 -1.272088e+00 -4.572916e+00 -1.747940e-01 -2.527236e-01 3.246792e-01 -1.322871e+00 -1.500959e+00 8.759865e-01 2.296770e-03 -4.130213e+00 -1.587883e+00 
-1.944917e+01 9.866549e-01 -6.205636e+00 -1.036968e+00 2.575550e+00 3.724745e+00 -2.724656e+00 -3.032879e+00 -3.521908e+00 -7.009673e+00 -1.407269e+00 -2.023633e+00 
-1.920934e+01 7.330834e-01 -4.949659e+00 5.986010e-01 -2.958605e+00 -3.094696e+00 -3.348921e-02 -3.174764e+00 6.337500e-02 2.787764e-01 1.139430e+00 1.206491e+00 
-1.817892e+01 -1.033861e+00 -6.519254e+00 3.397576e+00 -4.157645e+00 4.565107e+00 2.636412e+00 2.935016e+00 2.566756e+00 1.220483e+00 -3.981374e+00 -4.051676e+00 
-1.979822e+01 -2.795818e+00 -5.672083e+00 5.641494e-01 -4.026298e+00 3.870325e-01 3.405874e+00 2.858180e+00 -7.926706e-01 2.910644e-01 -1.548940e+00 -1.356247e+00 
-1.873429e+01 9.973017e-02 -6.686083e+00 -3.409714e+00 -5.672116e+00 1.300207e+00 5.007728e+00 1.915628e+00 -1.882075e+00 1.445855e+00 6.944553e+00 1.519707e+00 
-1.699479e+01 1.533310e+00 -1.575004e+00 4.752232e+00 9.403454e-01 1.832020e+00 -4.240794e-01 4.972919e+00 -1.858779e+00 5.767600e-01 8.908969e+00 -1.353298e+00 
-1.838408e+01 2.899374e+00 -2.068477e+00 2.502275e+00 1.151960e+00 3.023170e+00 3.620265e+00 8.219680e+00 2.931602e+00 -3.222461e+00 1.556852e+00 2.024916e+00 
-1.849504e+01 2.241853e+00 2.060083e-01 9.166161e-01 2.579198e+00 4.293971e+00 3.212749e+00 4.236427e+00 2.671392e+00 6.653447e+00 5.185897e+00 1.788038e+00 
-1.978378e+01 1.468479e+00 1.252071e+00 6.798570e+00 3.111552e+00 5.499199e+00 1.160849e+00 -2.418190e+00 -2.464881e+00 -4.713496e+00 3.197637e-01 -1.361451e-01 
-1.772700e+01 1.568603e+00 -8.911554e-01 3.572484e+00 -1.441812e+00 4.107313e+00 3.120744e+00 5.789302e+00 6.178494e+00 4.925310e+00 -5.104620e+00 -2.468230e+00 
-1.631112e+01 1.622693e+00 -2.275886e+00 2.557486e+00 4.169473e-01 2.023862e-01 8.281742e+00 -1.866367e+00 1.413384e+00 -2.575387e+00 -4.374341e+00 -1.800844e+00 
-1.947402e+01 -7.292682e-01 -3.441685e+00 1.286750e+00 -1.451763e+00 5.419101e-01 4.168393e+00 -1.476075e+00 -6.474239e+00 3.509399e+00 3.649024e+00 -2.755236e+00 
-1.985428e+01 -6.318293e-01 -3.616029e+00 -6.010225e-01 1.392100e+00 -4.557429e-01 5.321502e+00 -1.703527e+00 -3.465444e+00 -1.046092e+00 3.193420e-01 -4.169623e+00 
-1.750162e+01 3.954996e-01 3.563047e-01 2.542910e+00 4.952401e+00 4.214319e+00 -2.248784e-01 8.291224e-02 2.574258e+00 1.107349e+01 2.641729e+00 -1.069569e+00 
-1.659083e+01 2.643884e+00 -4.412681e-01 3.383442e+00 3.061136e+00 4.593668e+00 5.391375e+00 7.909717e+00 4.693444e+00 1.088945e+00 -1.271735e-01 -6.603185e-02 
-1.540496e+01 4.234748e+00 3.241494e+00 5.664758e+00 5.087065e+00 1.134825e-01 -8.810699e-01 2.896598e+00 4.336890e+00 1.667598e+00 5.706388e-01 -4.798021e+00 
-1.376659e+01 6.665351e+00 8.292373e-01 8.986691e+00 4.101630e+00 -1.669420e+00 -2.762847e+00 -5.450596e+00 -1.703791e-01 -6.813619e-01 2.546860e+00 -4.527070e+00 
-1.585747e+01 3.790518e+00 -3.520923e-01 6.352024e+00 2.600095e+00 8.045986e-01 6.608934e-01 1.632731e+00 -7.646359e-01 -1.244096e+00 1.811100e+00 1.329353e+00 
-1.590312e+01 2.266021e+00 -9.788283e-01 1.319435e+00 4.108927e+00 2.027126e+00 2.309184e+00 -1.132932e+00 -6.457846e-01 -6.235526e-01 -1.857813e-01 -2.092071e-01 
-1.510907e+01 4.216718e+00 -5.318386e+00 1.117142e+00 3.343579e-01 2.263264e+00 -1.475635e+00 1.197909e+00 -1.353365e+00 -5.813824e-01 -1.482555e-01 -3.400016e+00 
-1.446586e+01 5.304275e+00 1.554167e+00 3.956311e+00 -1.597704e+00 3.233964e+00 2.471496e+00 3.528313e+00 1.992242e+00 -1.773875e+00 -6.073968e+00 -4.186988e+00 
-1.676652e+01 3.355879e+00 1.931912e+00 3.349432e+00 1.710848e+00 1.082574e+00 7.646167e-01 3.242797e+00 8.878322e-01 -1.032686e+00 1.763877e+00 2.905263e+00 
-1.685378e+01 4.083219e+00 -2.766854e+00 3.778310e+00 5.226704e+00 5.340299e+00 1.064525e+01 4.170942e+00 -3.366335e+00 1.000416e+00 -1.403474e+00 -3.122839e+00 
-1.650183e+01 1.165421e+00 -1.107081e+00 9.092254e+00 3.259152e+00 4.693836e+00 4.037763e+00 -1.182317e-02 1.991057e+00 -2.792381e+00 -1.079234e+00 -4.423210e+00 
-1.489814e+01 4.466837e+00 2.859241e+00 9.189425e+00 5.446611e+00 8.575832e+00 -1.457407e+00 2.716731e+00 7.322593e-01 -2.446363e+00 1.733519e+00 -2.086866e+00 
-1.557545e+01 3.274936e+00 -3.107526e+00 2.073838e+00 2.992477e+00 -6.291254e-01 -1.001285e+00 9.822438e-01 -7.681895e-01 1.849963e+00 6.279817e-01 -7.910815e-01 
-1.955781e+01 -4.967957e-01 -4.928617e+00 -8.744272e-01 -1.281609e+00 -3.449104e+00 -5.172788e+00 -1.855453e+00 1.945254e+00 6.247948e-01 -8.068553e-01 5.643322e-01 
-1.911456e+01 5.581536e-01 -4.311400e+00 -1.853945e-01 -1.633194e+00 5.775163e+00 4.078991e+00 -9.583042e-01 -7.658204e-01 -9.600757e-01 3.172150e+00 2.469185e+00 
-1.935150e+01 -1.170812e+00 -5.115987e+00 1.136135e+00 -1.469342e+00 6.987991e-01 2.241916e+00 8.726650e-01 3.089748e-01 2.116109e+00 -3.898545e-01 -2.036373e-01 
-1.786917e+01 8.136432e-01 -4.683634e+00 1.503619e+00 -8.762904e-01 1.267577e-01 -3.023240e+00 9.516840e-01 5.206756e+00 4.380170e+00 7.722898e+00 -2.328986e+00 
-1.952892e+01 -1.339988e+00 -4.196173e+00 -3.373054e+00 -7.708148e-01 1.396352e+00 -3.490646e+00 -2.179823e+00 2.135969e+00 2.589476e+00 7.814582e-01 9.316077e-01 
-2.001321e+01 -5.328558e-01 -1.721793e+00 -8.837026e-01 2.928973e-01 -8.604360e-01 -7.559728e+00 -9.941028e-01 1.976447e+00 3.025699e+00 1.535770e+00 1.693680e+00 
-2.111586e+01 -1.949940e+00 -6.201209e-01 5.539319e+00 1.187119e+00 -2.637304e+00 4.114145e+00 3.160285e+00 7.581414e+00 -1.990591e+00 -5.145097e+00 -2.364371e+00 
-2.091185e+01 -3.934780e+00 -3.818428e+00 1.926314e+00 1.054113e+00 3.546133e+00 2.320468e+00 -9.910468e-01 -1.770726e+00 -3.585515e+00 -5.304055e+00 1.540020e+00 
-1.718145e+01 4.402005e+00 3.839173e+00 6.163424e+00 2.198425e+00 9.779810e-01 -3.559431e-01 -5.623363e-01 -5.633987e+00 -6.939576e+00 -2.335718e+00 4.440912e-01 
-1.422545e+01 8.213634e+00 6.773459e+00 7.887772e+00 2.966938e+00 2.177578e+00 1.299291e+00 -3.318281e-01 -1.604887e+00 -1.890053e+00 -5.333992e+00 -1.760872e+00 
-1.257899e+01 5.661423e+00 3.997986e+00 5.082172e+00 1.931419e+00 2.389937e-01 1.448150e+00 4.694388e+00 3.530596e+00 -7.081721e-01 -5.556195e+00 -2.022323e+00 
-1.197450e+01 8.177573e+00 3.377763e+00 4.210722e+00 3.580554e+00 4.806877e+00 1.913171e-01 1.427544e+00 -2.717983e+00 -2.327951e+00 -2.766633e+00 -5.267846e+00 
-1.521483e+01 7.274153e+00 3.318146e+00 5.677567e+00 1.748329e+00 4.670861e-01 4.355009e+00 2.645571e+00 -4.742800e+00 -2.990381e-01 1.916510e+00 -1.025994e+00 
-1.553673e+01 6.081485e+00 1.546151e+00 2.937337e+00 1.477011e+00 5.332253e+00 4.947404e+00 6.111604e-01 -3.822788e+00 1.045104e-01 -1.795177e+00 1.407329e+00 
-1.670121e+01 2.796948e+00 -2.875569e+00 1.229331e+00 -3.568726e-01 -2.656211e+00 -4.490991e+00 7.774931e-01 2.094904e+00 -3.631036e+00 -4.387413e+00 4.009383e+00 
-1.946304e+01 8.078889e-01 -5.184203e-01 4.508420e+00 1.645175e+00 -6.673871e-02 4.735183e+00 -2.293331e+00 1.441298e-02 -7.341444e-01 7.856746e-01 1.292747e-02 
-1.814021e+01 1.210304e+00 1.299665e+00 3.040250e+00 5.645469e-01 5.652423e-01 1.176038e+00 -7.905475e-02 -1.143097e-01 -4.816822e-01 2.465905e+00 2.020657e+00 
-1.875279e+01 1.631133e+00 -2.419169e+00 2.200161e+00 6.591254e+00 4.072717e+00 2.428965e+00 2.902710e+00 3.591009e+00 8.322942e-01 1.691776e+00 2.853825e+00 
-1.615509e+01 2.066539e+00 -4.220221e+00 3.517273e+00 5.600181e+00 5.125885e+00 5.637012e+00 4.928389e+00 -2.215728e+00 -3.698062e+00 4.239084e-01 -1.128832e-01 
-1.769522e+01 1.440091e+00 -1.557469e+00 2.154667e+00 2.865953e-01 1.879087e+00 3.416724e+00 2.346958e+00 2.434874e+00 3.342394e+00 3.888937e+00 -2.668413e+00 
-1.888397e+01 2.765491e+00 2.130804e+00 1.864478e+00 -4.324150e+00 -3.947931e+00 -7.492460e+00 4.163084e+00 9.595569e+00 5.332210e+00 3.969048e+00 -1.055808e+00 
-1.978320e+01 -1.872160e-01 -1.247358e+00 5.946259e-01 -2.939368e+00 1.771276e+00 1.171699e+00 2.545596e+00 1.164626e+00 2.257421e+00 -3.625933e+00 -1.580964e-01 
-1.900013e+01 -8.669870e-01 -2.658140e+00 -9.517226e-01 -2.071681e+00 -6.383778e-01 1.418424e-01 2.188047e+00 6.256485e-01 1.137818e+00 -2.865530e-01 5.374663e-01 
-2.028656e+01 1.150749e-01 -2.300435e+00 4.076891e+00 -7.310126e-01 4.863955e-01 -7.690793e+00 -6.211099e+00 -4.152097e+00 -3.915335e+00 -1.450276e+00 3.412110e+00 
-1.897297e+01 3.354345e+00 -2.092525e+00 7.624671e-01 -2.066706e+00 1.225785e+00 -1.647061e+00 -7.374118e+00 -3.926635e+00 -1.688697e+00 -1.734882e+00 6.839179e-01 
-1.861293e+01 7.426738e-01 -3.255819e+00 -1.608954e+00 -3.420974e+00 2.684853e+00 -1.012135e+00 -5.582877e+00 -3.719730e+00 -4.310506e+00 1.381450e+00 -3.084795e-01 
-2.007331e+01 1.426281e+00 -2.883584e+00 -4.407928e+00 -2.328226e-01 1.530311e+00 -2.226870e+00 -5.012167e-01 -3.312240e+00 3.661323e+00 4.144871e+00 -4.070968e-01 
-1.925904e+01 7.709672e-02 -3.833458e+00 -2.304170e+00 -7.837505e-01 9.272938e-01 -2.309762e+00 -5.423529e+00 -4.669152e-01 1.709489e+00 -2.439441e+00 -1.945329e+00 
-1.937115e+01 -1.156235e+00 -5.837409e+00 -4.813252e-01 3.373583e+00 1.535540e+00 -4.401589e+00 -7.071139e+00 -2.662704e+00 2.165261e+00 -2.189831e+00 -2.050172e+00 
-2.041543e+01 -6.302947e-01 -7.868916e+00 -1.134140e+00 -9.837562e-01 -1.528265e-01 -4.744221e-01 1.313714e-01 -3.054795e+00 -2.245566e+00 1.529867e+00 2.701476e+00 
-1.920413e+01 -7.933324e-01 -3.556411e+00 -1.165499e+00 3.738283e-01 2.823237e+00 -2.676483e+00 -3.358559e+00 1.603309e+00 -1.373678e+00 -4.271883e+00 9.705959e-01 
-1.950118e+01 -4.772312e-01 -5.160074e+00 -2.171664e+00 -5.303615e+00 2.484518e+00 -4.721439e+00 7.552281e-01 -4.797411e-02 1.588005e+00 1.787024e-02 1.041364e+00 
-2.024495e+01 -2.166301e+00 -4.080946e+00 -1.808597e+00 -6.148083e+00 -7.639342e-02 -2.637858e+00 1.533630e+00 2.595975e+00 3.796212e+00 -1.049719e+00 -3.553309e-01 
-1.979765e+01 -2.792749e+00 -3.472746e+00 7.072562e-01 1.081643e+00 1.923292e-01 2.859268e-01 -1.544179e+00 -1.845749e+00 -2.166815e-04 -1.417388e+00 -1.754975e+00 
-1.856323e+01 -1.265566e+00 -4.406588e+00 -5.586206e-01 -2.241172e+00 -1.597412e+00 -1.502976e+00 -5.359354e+00 -5.415428e-01 -3.318810e+00 -1.764819e+00 -3.429502e+00 
-1.934514e+01 1.375260e+00 -2.757335e+00 -5.004648e+00 -1.986770e+00 -1.045485e+00 3.062155e+00 -5.365788e-01 3.816281e-01 2.141802e+00 4.628491e+00 -2.447262e+00 
-1.522523e+01 -4.998647e-01 -1.031624e+01 -6.099592e+00 -4.309888e+00 3.459643e+00 -2.779772e+00 -1.056238e+01 -8.024440e+00 -9.628636e-02 7.645317e+00 3.207995e+00 
-1.564711e+01 -2.232761e-01 -7.049300e+00 -6.814684e+00 -3.933758e+00 4.092831e+00 -3.652958e+00 -4.462205e+00 -1.081685e+01 -4.427242e+00 5.292994e+00 3.916008e+00 
-1.939138e+01 -1.104447e+00 -3.958705e+00 7.686508e-01 -3.089621e+00 -9.501444e-01 -3.138681e+00 -3.043356e+00 -1.030768e+00 1.765902e+00 2.644258e+00 -3.845923e+00 
-1.910184e+01 -1.575913e+00 -6.359940e+00 -2.316537e+00 -4.684028e+00 -3.173588e-01 3.470539e+00 1.447626e+00 -1.600939e+00 -1.459694e+00 -3.131350e+00 -1.658651e+00 
-2.055644e+01 -2.422558e+00 -5.415578e+00 1.516132e-01 -4.560973e+00 -1.339953e+00 2.938468e+00 6.919142e+00 3.260911e+00 6.120316e+00 -4.829290e+00 -5.011638e+00 
-2.101010e+01 -2.755922e+00 -3.492786e+00 -3.452854e-01 -1.809319e+00 3.099200e+00 2.026009e-01 2.520712e+00 1.478930e+00 1.701669e+00 -7.242141e-01 2.131724e+00 
