-2.890989e+01 -4.710807e+00 -2.488492e+00 -7.375332e+00 7.859619e+00 -3.067560e+00 4.120285e+00 -2.051876e+00 -1.444306e+00 5.346015e+00 1.557256e+00 1.658608e+00 
-2.881160e+01 -2.834147e+00 8.438832e-01 -8.374493e+00 4.848923e+00 -3.952744e+00 -4.999291e-01 2.529982e-01 -9.663773e-01 3.028626e+00 -1.943768e+00 -1.890046e+00 
-2.989616e+01 -6.451921e+00 -4.512686e-01 -1.005322e+01 3.509816e+00 -7.211721e-01 -3.202892e+00 -7.126093e+00 -2.043263e+00 6.688606e+00 -2.656065e+00 -4.086768e+00 
-2.950693e+01 -9.605338e+00 -1.001013e+00 -1.081402e+01 1.162711e+00 3.814098e+00 1.823937e+00 -3.717572e+00 3.135122e-01 4.804248e+00 -4.717840e+00 -7.222044e+00 
-2.821007e+01 -8.268240e+00 5.470855e+00 -1.192506e+01 -8.054800e-02 -8.687776e-01 -1.707863e+00 -5.487242e+00 2.471538e+00 7.281116e+00 -4.022765e+00 -8.337760e+00 
-2.595110e+01 -8.310653e+00 4.254079e+00 -1.393603e+01 -5.752948e+00 -3.687234e+00 -2.832420e+00 -1.050862e+01 1.484026e-01 4.028987e+00 -3.191019e+00 -7.679149e+00 
-2.053002e+01 -2.098700e+00 1.568977e+01 -2.141169e+00 -1.476062e+00 1.685518e+00 -2.192515e+00 -5.305715e+00 4.786747e-02 2.328144e+00 -9.037052e+00 -8.467137e+00 
-1.250792e+01 3.345013e+00 2.038344e+01 5.124408e-02 -4.930681e+00 -6.591193e+00 -5.755530e+00 -1.179379e+01 -6.634625e+00 -4.841874e+00 -2.873710e+00 6.307968e-01 
-7.656919e+00 2.410036e-01 2.199432e+01 3.114929e-01 -1.094199e+01 -7.490327e+00 -6.238129e+00 -7.978755e+00 -6.772281e+00 -7.646090e+00 1.974961e+00 -3.748672e+00 
-6.551023e+00 -1.126265e+00 2.362577e+01 3.085742e-01 -1.148359e+01 -3.051810e+00 -1.233941e+01 -3.832198e+00 -1.131067e+01 -4.163521e+00 1.831696e+00 -2.799299e+00 
-5.778749e+00 -4.341042e-01 2.363189e+01 2.244144e+00 -1.363625e+01 -4.463963e+00 -1.082220e+01 -4.957150e+00 -8.932240e+00 -5.059725e+00 4.712392e+00 -3.151369e+00 
-5.471525e+00 5.982335e-01 2.105326e+01 3.649974e+00 -1.293780e+01 -5.892767e+00 -8.975182e+00 -7.340004e+00 -6.319100e+00 -3.542397e+00 5.640136e+00 -3.255503e+00 
-6.560571e+00 2.452594e+00 2.025671e+01 4.865117e+00 -9.991771e+00 -1.035198e+01 -6.031125e+00 -1.022269e+01 -6.515916e+00 -4.921995e+00 7.390099e+00 4.091997e+00 
-8.774048e+00 4.807600e+00 1.976533e+01 3.075481e+00 -8.618728e+00 -8.412412e+00 -3.611971e+00 -1.036246e+01 -9.724534e+00 -1.710690e+00 -1.154893e+00 5.598101e+00 
-9.549130e+00 5.214676e+00 1.973031e+01 3.061374e+00 -5.065968e+00 -5.699709e+00 -5.571937e+00 -1.129140e+01 -1.086831e+01 -5.416943e-01 -1.972714e+00 2.082806e+00 
-1.265227e+01 6.693880e+00 2.281088e+01 2.422670e+00 -4.710554e+00 -7.608231e+00 -5.185858e+00 -1.148614e+01 -7.516241e+00 2.352180e+00 -3.524450e+00 -6.598279e-01 
-1.369526e+01 8.129358e+00 2.261188e+01 -3.651540e-01 -5.111716e-01 -1.044019e+01 -4.872478e+00 -1.081841e+01 -3.034694e+00 4.367401e+00 -1.362279e+00 2.758096e+00 
-1.473937e+01 6.284180e+00 2.118499e+01 -1.958707e-01 -1.256394e+00 -6.187528e+00 -8.451510e+00 -3.857339e+00 -8.155746e-01 1.931739e+00 -7.749496e+00 2.383486e+00 
-1.645185e+01 5.091810e+00 1.927006e+01 2.458667e+00 3.217231e+00 -7.628032e+00 -9.239686e+00 -1.335571e+00 7.349864e-01 3.499048e+00 -8.356999e+00 6.636732e+00 
-1.701688e+01 2.028903e+00 1.541518e+01 7.676290e+00 1.216815e+01 -5.682609e+00 -5.076606e+00 -1.104615e+00 -6.380914e-01 -3.893782e+00 -9.349964e+00 1.936748e+00 
-1.274325e+01 4.412622e-01 1.509222e+01 5.684779e+00 6.797506e+00 -1.116021e+01 -1.190363e+01 1.631491e+00 1.443372e+00 5.261970e-01 -2.877375e+00 6.813443e+00 
-7.349133e+00 -1.743656e+00 9.545302e+00 2.811340e+00 5.280922e+00 -1.815258e+01 -9.314438e+00 1.366871e+00 7.829340e-01 -2.318952e-01 -2.668889e+00 6.268884e+00 
-3.408571e+00 -3.205369e+00 6.098420e+00 -7.557703e-01 4.464159e+00 -1.435579e+01 -1.853761e+01 -1.044958e+00 3.674866e+00 -2.721352e+00 -2.117079e+00 3.864346e+00 
9.189707e-01 -6.298010e+00 4.294101e+00 6.291423e-01 -9.720627e-01 -1.491741e+01 -1.852283e+01 4.618154e+00 -2.851024e+00 -4.979223e+00 -1.039474e+00 4.340384e+00 
2.546081e+00 -9.705467e+00 1.659329e+00 2.662001e+00 -3.882785e+00 -1.313309e+01 -2.080891e+01 5.217277e+00 -3.426729e-01 -2.442838e+00 3.749473e+00 -8.667426e-01 
3.604799e+00 -1.249510e+01 -1.449902e-01 -2.172743e-01 -4.767879e+00 -1.165613e+01 -1.624743e+01 6.963509e+00 -1.047579e+00 5.198365e+00 3.221846e+00 -5.316535e+00 
4.397292e+00 -1.408973e+01 -2.428214e-01 -4.193973e+00 -5.600693e+00 -6.569592e+00 -1.479347e+01 6.029032e+00 -3.511797e-01 6.069770e+00 5.504199e+00 -9.326352e+00 
2.989788e+00 -1.431273e+01 -6.725006e-01 -7.145243e+00 -3.166913e+00 -3.638632e+00 -1.353707e+01 6.057582e+00 -3.658012e+00 5.744710e+00 5.064510e+00 -9.137018e+00 
3.814857e+00 -1.425720e+01 -1.618573e+00 -9.433972e+00 -9.991200e-01 -4.228109e-01 -1.314524e+01 4.311775e+00 -3.920177e+00 6.626417e+00 4.278566e+00 -9.993077e+00 
3.655909e+00 -1.381602e+01 -3.353409e+00 -8.368655e+00 -2.017208e+00 -1.829519e-01 -9.509120e+00 3.276308e+00 -3.238858e+00 5.293365e+00 5.854851e+00 -1.186973e+01 
4.385497e+00 -1.409323e+01 -4.471242e+00 -8.505833e+00 -1.029387e+00 6.743304e-01 -9.909575e+00 4.890870e+00 -4.839300e+00 6.677923e+00 5.332720e+00 -1.221144e+01 
3.760376e+00 -1.338533e+01 -3.481813e+00 -9.220423e+00 -8.830947e-01 1.017243e+00 -8.627299e+00 1.541154e+00 -1.887820e+00 6.233063e+00 3.647245e+00 -1.283038e+01 
3.485166e+00 -1.295333e+01 -3.596320e+00 -9.338629e+00 -1.410024e+00 8.394865e-01 -1.038067e+01 2.021389e+00 -2.004596e+00 7.164369e+00 2.222286e+00 -1.269243e+01 
3.230175e+00 -1.148899e+01 -4.542948e+00 -7.179780e+00 -3.799778e+00 3.252477e+00 -1.115735e+01 -3.047907e-01 -3.910070e-01 6.502421e+00 3.589353e+00 -1.466241e+01 
3.725554e+00 -1.062762e+01 -5.140497e+00 -6.126624e+00 -3.964415e+00 2.248940e+00 -1.096349e+01 -2.295615e+00 1.028085e+00 5.422702e+00 5.810882e+00 -1.540126e+01 
3.793514e+00 -8.820482e+00 -4.932605e+00 -6.942881e+00 -3.790606e+00 3.148523e+00 -1.227739e+01 -2.838916e+00 5.134225e-01 6.595513e+00 6.105474e+00 -1.426976e+01 
4.090067e+00 -9.581727e+00 -3.555742e+00 -7.807783e+00 -4.745408e+00 3.267328e+00 -1.240594e+01 -4.913260e+00 9.731774e-01 7.080814e+00 7.498922e+00 -1.255990e+01 
3.922133e+00 -6.722138e+00 -4.685804e+00 -6.780408e+00 -5.855215e+00 3.718695e+00 -1.168636e+01 -6.391891e+00 -4.780086e-01 8.165874e+00 8.267279e+00 -1.058452e+01 
3.825528e+00 -4.428783e+00 -5.162731e+00 -3.801411e+00 -5.370018e+00 5.060691e-02 -7.751640e+00 -7.818109e+00 -3.407448e+00 6.038104e+00 8.952460e+00 -8.209734e+00 
3.511002e+00 -1.093908e+00 -6.051550e+00 -4.384660e+00 -2.071322e+00 3.412683e+00 -1.193197e+01 -1.189308e+01 -4.886087e+00 3.929791e+00 1.256890e+01 -8.037981e+00 
3.826090e+00 1.538750e+00 -6.706908e+00 -1.769524e+00 -2.127730e+00 2.811011e+00 -1.207449e+01 -1.074852e+01 -9.583785e+00 2.484951e+00 1.146309e+01 -3.783834e+00 
4.011436e+00 2.751233e+00 -4.492920e+00 -2.857219e+00 -2.034523e-01 -1.293144e+00 -8.256006e+00 -1.183086e+01 -1.248925e+01 3.140413e+00 7.825025e+00 8.386130e-01 
3.878886e+00 4.688232e+00 -5.307254e+00 -1.306914e+00 -2.157997e+00 1.733670e+00 -8.486833e+00 -1.536040e+01 -1.038343e+01 -4.432606e-01 1.058517e+01 3.535582e-01 
3.856419e+00 6.619548e+00 -6.396738e+00 -1.339019e+00 1.465845e+00 7.697340e-01 -7.338864e+00 -1.309516e+01 -1.450691e+01 -7.271159e-01 6.646291e+00 2.084609e+00 
2.693235e+00 8.682912e+00 -5.728040e+00 -3.984314e+00 3.761128e+00 2.150386e+00 -7.563529e+00 -1.428701e+01 -1.693174e+01 -1.078501e+00 6.782961e+00 4.698631e-01 
3.074597e+00 9.579703e+00 -6.493458e+00 -3.080984e+00 8.155527e-01 3.338430e+00 -6.038517e+00 -1.849919e+01 -1.352592e+01 1.463606e+00 4.702866e+00 -1.244508e+00 
1.839521e+00 9.949614e+00 -4.812540e+00 -3.780007e+00 1.611332e-01 2.848362e+00 -8.077753e+00 -1.203583e+01 -1.495081e+01 -4.543521e+00 7.382038e+00 7.822637e-01 
1.354814e+00 8.494021e+00 -2.522956e+00 -3.476951e+00 -1.779654e+00 1.901976e+00 -6.443901e+00 -1.464538e+01 -1.690390e+01 -4.558782e+00 8.637350e+00 -4.173005e-01 
-5.093145e-01 8.940450e+00 -1.873712e+00 -2.952075e+00 7.216515e-02 2.515800e+00 -1.173113e+01 -1.660552e+01 -2.107766e+01 -3.466854e+00 8.704037e+00 5.868578e+00 
-1.633359e-01 8.450734e+00 -4.780300e+00 -5.752988e-01 2.987015e+00 -4.295157e-03 -1.262938e+01 -1.019159e+01 -1.060151e+01 -4.633179e+00 9.387020e+00 3.933768e+00 
-1.912325e+00 6.986835e+00 -4.178860e+00 6.529782e-01 1.112266e+00 -3.691284e+00 -1.334157e+01 -1.667327e+01 -1.909827e+01 -2.371875e+00 9.925639e+00 2.201365e+00 
-1.063762e+01 7.229069e+00 2.210185e+00 5.518414e+00 6.098603e+00 3.683143e+00 -7.982466e+00 -1.053035e+01 -6.374781e+00 -6.478677e-02 6.130023e+00 3.620917e+00 
-1.301173e+01 5.623939e+00 7.171474e-01 8.481845e+00 4.094987e+00 -2.891559e-01 -5.357130e+00 -4.992518e+00 -2.444630e+00 2.576136e+00 1.355950e-01 4.387583e-01 
-1.091900e+01 5.854805e+00 6.248747e-01 5.920219e+00 8.439857e-01 -2.745348e+00 -1.837651e+00 -1.411420e+00 -4.286357e+00 4.013289e-02 2.008155e-01 1.136588e+00 
-4.845842e+00 3.526470e+00 3.026742e+00 8.189490e+00 -3.029334e+00 -1.468430e+01 -1.079961e+01 -2.763919e+00 -4.757325e+00 -3.102115e+00 3.211587e+00 -2.498168e+00 
-1.077634e+01 5.649299e+00 4.402493e+00 9.052933e+00 -4.949484e+00 -1.047754e+01 -6.078768e+00 -5.712232e+00 -1.208015e+01 -2.888461e+00 1.651057e+00 -2.805610e+00 
-7.669837e+00 3.228268e+00 8.522522e+00 9.911510e+00 -1.012889e+01 -9.244943e+00 5.249222e-02 -1.963669e+00 -8.527006e+00 -3.967798e+00 3.679489e+00 3.358104e+00 
-4.875049e+00 1.861000e+00 1.355360e+01 1.048454e+01 -8.793453e+00 -1.021698e+01 -3.613203e+00 -3.187907e+00 -1.236513e+01 -6.394303e+00 5.042892e+00 3.829184e+00 
-3.147402e+00 3.785320e+00 1.427956e+01 1.093110e+01 -7.817557e+00 -1.428378e+01 -1.179684e+01 -1.478320e+00 -1.456337e+01 -5.325649e+00 3.406149e+00 1.076632e+00 
-4.238133e+00 2.846552e+00 1.848741e+01 7.543976e+00 -1.115111e+01 -1.177854e+01 -7.002893e+00 -4.434729e+00 -1.314621e+01 -8.458359e+00 7.636176e-01 1.664469e+00 
-3.206375e+00 1.465584e-01 1.632123e+01 7.622781e+00 -1.146983e+01 -1.170024e+01 -1.001225e+01 -3.934892e+00 -1.353482e+01 -7.499584e+00 2.312273e-01 1.550418e+00 
-3.571064e-01 -7.139416e-01 1.075874e+01 4.878251e+00 -7.097099e+00 -1.326989e+01 -1.156068e+01 -2.574723e+00 -1.180793e+01 -8.321391e+00 9.266689e-01 1.583776e+00 
2.009702e+00 -3.395571e+00 5.562572e+00 8.221597e+00 -7.803340e+00 -1.645961e+01 -1.126660e+01 -1.554596e+00 -9.078403e+00 -6.902877e+00 1.454662e+00 1.505338e+00 
3.225121e+00 -8.466750e+00 1.172952e+00 1.173033e+01 -6.511928e+00 -1.667697e+01 -1.325778e+01 -4.306042e+00 -4.829247e+00 -2.557296e+00 5.664686e+00 -5.213303e+00 
4.846053e+00 -6.115678e+00 -1.478496e+00 4.494931e+00 -4.920592e+00 -7.851690e+00 -1.880869e+01 -3.913161e+00 -2.861851e+00 -8.385215e-01 7.110896e+00 -2.945356e+00 
5.687972e+00 -6.228487e+00 -2.574095e+00 -3.714778e-01 -5.783215e+00 -3.061260e+00 -1.760651e+01 -6.154117e+00 -2.430710e+00 1.056518e+00 8.595946e+00 -2.312441e+00 
6.467547e+00 -7.720371e+00 -4.396757e+00 -1.789955e+00 -9.575363e+00 3.404583e+00 -1.617062e+01 -8.041821e+00 -3.043588e+00 4.941489e-01 1.146089e+01 1.475135e+00 
6.876993e+00 -6.723450e+00 -6.815300e+00 -3.669584e+00 -1.236180e+01 1.864625e+00 -6.743728e+00 -1.046643e+01 -3.777881e+00 -3.203601e+00 1.466219e+01 3.759761e+00 
6.911253e+00 -4.787325e+00 -4.335612e+00 -9.620768e+00 -1.638463e+01 3.825349e+00 -6.388042e+00 -7.596101e+00 -6.844203e+00 -3.344384e+00 1.104611e+01 6.634478e+00 
6.495068e+00 -2.631265e+00 -4.658011e+00 -1.345299e+01 -1.768613e+01 4.029206e+00 -3.481361e+00 -9.449716e+00 -8.869986e+00 -5.852155e+00 9.381158e+00 5.050837e+00 
5.066783e+00 1.105876e+00 -6.467332e+00 -1.668202e+01 -1.673729e+01 3.622391e+00 1.141005e-01 -1.026744e+01 -7.037153e+00 -2.592397e+00 8.653838e+00 8.538634e+00 
1.757520e+00 6.650592e+00 -9.520667e+00 -2.014844e+01 -1.788562e+01 1.690469e+00 -5.805227e+00 -7.700500e+00 -4.342811e+00 -2.425670e+00 8.708799e+00 1.245874e+01 
-6.053398e+00 5.881040e+00 -6.719137e+00 -9.983657e+00 -1.165923e+01 -6.578593e+00 -2.867332e+00 -1.594651e+00 -2.030503e+00 5.284590e+00 1.093106e+01 5.572406e+00 
-1.661828e+00 8.815834e+00 -1.178246e+01 -1.624373e+01 -1.223156e+01 -2.703497e+00 9.819565e-01 -2.589637e+00 -1.035133e+01 -6.367978e+00 2.013800e+00 2.235625e+00 
-6.562256e+00 3.526907e+00 -1.279579e+01 -1.496876e+01 -1.510147e+01 -5.032784e+00 -2.237695e+00 -3.148704e+00 -8.487952e+00 -1.891643e-01 6.569930e-01 7.796176e+00 
-1.236582e+01 7.442737e-01 -1.076079e+01 -1.411650e+01 -1.361607e+01 -6.229829e+00 -4.685188e+00 6.786904e-01 -6.153604e+00 -5.178380e+00 5.801722e+00 1.414111e+01 
-1.402832e+01 -8.569211e-01 -8.646856e+00 -7.061088e+00 -1.044762e+01 -6.978658e+00 -3.966835e+00 -3.836885e+00 -1.083235e+01 -2.411935e+00 4.100125e+00 8.304672e+00 
-1.687029e+01 -1.709988e+00 -6.713578e+00 -6.262342e+00 -4.323039e+00 -2.498739e+00 -4.225590e+00 -4.147526e+00 -1.224719e+01 -4.180799e-01 4.111117e+00 1.054544e+00 
-1.827330e+01 -1.070297e+00 -4.904812e+00 -8.355476e-01 -3.100416e+00 -3.845640e+00 -3.179481e+00 -1.514541e+00 -3.100429e+00 -4.462637e+00 -4.795518e+00 -2.989985e+00 
-1.800258e+01 6.559500e-01 -5.999855e+00 1.275629e+00 -9.075491e+00 -4.269106e+00 -4.867549e+00 -3.584816e-01 -2.190199e+00 -2.465348e+00 2.016732e+00 -7.734281e-01 
-1.904332e+01 -1.379430e+00 -6.685785e+00 -2.155763e+00 -4.212517e+00 -2.936605e+00 7.663274e-01 -3.024278e+00 -1.755578e+00 2.075193e+00 1.664614e+00 3.161422e-01 
-1.925451e+01 1.253665e+00 -2.656918e+00 -1.370152e+00 -6.354170e+00 -3.047310e+00 -7.195660e-02 -8.881466e-01 -3.340553e+00 -3.449686e+00 9.046845e-01 -2.018523e+00 
-1.856142e+01 6.437071e-01 -6.080454e+00 1.136992e+00 2.468910e-01 -5.872066e+00 -1.593682e+00 1.798955e+00 -4.243049e+00 -6.542445e-01 -3.297427e-01 3.035200e-01 
-2.065022e+01 -1.507543e+00 -2.064372e+00 -1.095796e+00 -1.696648e+00 -7.684239e-01 -2.949887e+00 3.424597e+00 -2.115905e-01 2.419711e+00 -5.536177e-01 1.552086e-01 
-2.287099e+01 -5.399469e+00 4.134014e+00 4.230304e+00 -1.529259e+00 1.304804e+00 1.136799e+00 4.527391e+00 1.805299e+00 -4.878991e-01 4.573008e-01 -7.542558e+00 
-2.070245e+01 -2.065032e+00 -3.221671e+00 6.471408e-01 -1.075247e+00 -4.547621e-01 7.466127e-01 9.426046e+00 1.376865e+00 -6.004493e-01 -1.252723e+00 -1.977500e+00 
-1.168454e+01 1.444742e+00 -6.669109e+00 -6.024470e+00 -1.162163e+01 -1.048334e+00 5.880229e+00 1.190458e+00 -4.790966e+00 -1.966312e+00 -5.408152e+00 1.619705e-01 
-1.241300e+01 2.519347e-01 -7.465099e+00 -8.258718e+00 -8.759059e+00 -2.510889e+00 3.853315e+00 2.519095e+00 -4.453013e+00 -4.069665e+00 -6.755432e+00 -5.904822e+00 
-1.546896e+01 -1.914182e+00 -7.818070e+00 -5.627530e+00 -5.191624e+00 2.738153e-01 -1.304123e+00 3.756117e+00 4.262609e+00 -8.278388e-01 -6.682517e+00 -4.182787e+00 
-1.971057e+01 -3.215426e+00 -6.183844e+00 -1.282592e+00 -1.683348e+00 1.505062e+00 -8.186495e-01 3.751856e+00 2.189652e+00 3.301036e+00 -1.429332e+00 -9.871047e-01 
-1.923429e+01 -4.975049e-01 -2.191108e+00 -4.288784e-01 -4.025867e+00 -1.294944e+00 7.297731e-01 6.228688e-01 1.222195e+00 -1.339084e+00 -2.747666e+00 -3.800513e+00 
-2.041095e+01 -1.254378e+00 -1.973211e+00 6.841107e-01 -3.019244e+00 7.197821e-01 2.504503e+00 -4.036735e+00 -1.637256e+00 1.189996e-02 -5.627263e+00 -2.641070e+00 
-2.063674e+01 -4.081173e+00 -3.581867e+00 6.607613e-01 -2.721156e+00 -4.714127e-01 -5.607160e-01 1.237758e+00 3.402647e+00 4.160614e+00 6.401382e-01 -3.608926e+00 
-1.879732e+01 -1.963591e+00 -1.554649e+00 1.036784e+00 3.508441e+00 2.159836e+00 -4.508167e+00 -2.045910e+00 1.950302e+00 4.459349e+00 -2.518295e+00 1.488659e+00 
-1.964542e+01 1.110249e+00 -8.876181e-01 -1.814764e+00 2.039092e+00 3.093666e-01 -4.364414e+00 3.828131e+00 -4.031152e+00 -1.515730e+00 1.139769e-01 3.333310e+00 
-1.999757e+01 2.917241e-01 -6.076563e+00 -2.982722e+00 -4.187752e+00 -4.479713e+00 -3.432485e+00 5.031296e-01 -5.371696e-01 5.044500e-01 4.075576e+00 3.354046e+00 
-1.926012e+01 1.751251e+00 -3.547960e+00 -1.239298e+00 -1.625106e+00 -1.632906e+00 -1.068369e+00 2.186723e+00 4.457546e-01 -2.790027e+00 3.672161e+00 -1.486269e-01 
-1.959655e+01 5.361446e-01 -1.045482e+00 6.004419e-01 5.669925e-01 7.926848e-01 -3.172088e+00 -1.159158e+00 1.389625e+00 2.365152e+00 3.610605e+00 1.887612e+00 
-1.776500e+01 2.149582e+00 -5.292802e+00 -4.902725e+00 -1.779654e+00 6.185688e+00 7.885063e-01 9.816605e-01 -3.313486e+00 -3.282577e+00 -7.445161e-01 -9.082156e-01 
-1.921575e+01 -2.065906e+00 -8.503445e+00 -4.372012e+00 -9.968270e-01 1.508212e+00 2.814599e+00 -1.640245e+00 -2.869585e+00 8.123416e-01 -3.718795e-01 -3.599008e+00 
-2.054856e+01 -3.191085e-01 -3.418445e+00 -2.682098e+00 -1.840647e+00 1.296704e+00 6.107358e+00 -1.675613e+00 -3.056735e+00 2.469200e-01 1.153842e+00 -9.131744e-01 
-1.409347e+01 7.120194e+00 3.896662e+00 4.805284e+00 -3.188009e+00 -1.135638e+00 -2.935101e+00 -9.118196e+00 -5.387990e+00 -5.480548e+00 2.276148e+00 2.908211e+00 
-1.495055e+01 5.644489e+00 7.432727e-01 4.206955e+00 -6.537956e-01 9.785868e-02 -6.213075e+00 -3.481076e+00 6.537850e-01 3.918999e-01 -1.165885e+00 1.256500e+00 
-1.557455e+01 4.668993e+00 1.424200e+00 4.920085e+00 -1.413693e+00 -1.363796e+00 -3.659615e+00 -6.417032e+00 -4.683084e+00 -4.924774e-01 -2.379793e+00 1.325471e+00 
-1.203108e+01 7.483546e+00 3.025074e+00 8.562595e+00 6.688012e-01 2.940661e-01 -2.064370e+00 -6.261072e+00 -4.640163e+00 -5.184866e+00 -5.930649e+00 -1.446464e+00 
-9.786710e+00 7.354121e+00 8.902649e-02 -8.807871e-01 -5.519980e+00 -2.019471e+00 -7.629245e+00 -8.802869e+00 -4.899621e+00 -2.780489e+00 -6.553542e+00 -4.338762e+00 
-1.043036e+01 9.309922e+00 3.003952e+00 3.826554e+00 7.950272e-02 -1.524452e+00 -8.286400e+00 -1.248643e+00 -1.569975e+00 -2.072377e+00 -1.322341e+00 -1.196273e+00 
-9.433430e+00 9.535978e+00 4.533676e+00 2.574441e+00 -6.701329e+00 -4.137251e+00 -3.884691e+00 3.308692e+00 -2.549806e+00 -4.332155e+00 8.134490e-01 6.037491e-01 
-6.425212e+00 1.086302e+01 -1.962094e+00 -8.457629e-01 -3.433817e+00 -6.025522e+00 -3.810760e+00 5.688137e+00 -2.472084e+00 -2.819786e+00 4.186231e+00 -1.888694e+00 
-7.052580e+00 1.042009e+01 2.387504e+00 4.182632e+00 -2.068112e+00 -7.259468e+00 -6.255379e+00 -4.770936e+00 -2.948466e+00 -2.350509e+00 -4.171160e+00 -4.851315e+00 
-7.116046e+00 1.058624e+01 -1.655570e-01 6.126031e-01 -1.932826e+00 -1.672058e+00 -6.267290e+00 -5.720328e+00 -9.926711e-01 -1.426072e+00 -1.497117e+00 -3.479548e+00 
-6.534173e+00 9.809694e+00 -1.930966e+00 -1.674667e+00 1.021463e+00 -1.262542e+00 -4.442862e+00 -5.924865e+00 -8.083878e+00 -3.482497e+00 -3.689334e+00 -2.538289e+00 
-9.530034e+00 9.676772e+00 1.052330e+00 5.454690e+00 1.685055e+00 1.264302e+00 -3.979567e+00 -5.989209e+00 -2.685915e+00 -3.080369e+00 -6.500779e+00 -3.135592e+00 
-2.448143e+00 1.060286e+01 -5.658001e+00 -7.474080e+00 -4.905458e+00 1.154498e+00 -4.146320e+00 -2.915617e+00 2.123918e+00 1.090474e+00 -3.443990e-01 -2.054586e+00 
-1.193409e+00 1.434175e+01 -2.344525e+00 -6.589234e+00 -5.259496e+00 -1.686008e+00 -5.447488e+00 -5.779325e-01 1.215235e+00 -1.766393e+00 -1.697542e+00 -1.211600e+00 
-5.815257e+00 9.469517e+00 -3.480701e+00 -4.923642e+00 -3.388416e+00 1.368706e+00 -3.801314e+00 -2.705115e+00 -3.717560e+00 -3.261212e+00 1.237383e+00 7.890257e-01 
-3.090675e+00 6.540843e+00 -9.033734e+00 -6.720088e+00 -4.466122e+00 -7.522233e-01 1.714685e+00 3.331084e-01 -3.194777e+00 -1.065911e+00 -1.664199e+00 -5.037493e+00 
-3.348474e+00 8.749373e+00 -7.800838e+00 -5.641150e+00 -5.583725e+00 -2.261130e+00 -2.625827e+00 -1.837731e-01 -3.361047e+00 -7.517897e+00 -5.533463e+00 -2.581565e+00 
-7.493478e+00 1.044283e+01 3.868313e+00 2.403698e+00 -4.574809e+00 -5.432399e+00 -5.935426e+00 -8.050536e-01 -6.037601e+00 -3.150188e+00 -6.288629e+00 8.408670e-01 
-7.446299e+00 1.416685e+01 8.902174e+00 6.145930e+00 -1.270151e+00 -6.689297e+00 -4.580864e+00 1.370940e-01 -2.305815e+00 -3.757305e-01 -9.560823e-02 -8.081708e+00 
-6.368485e+00 1.145986e+01 1.293573e+00 8.490160e-01 -4.478504e+00 -4.414461e+00 -6.600796e+00 -1.635558e+00 -3.661492e+00 -7.403440e+00 -6.954391e+00 -5.626682e+00 
-4.871678e+00 1.179173e+01 -1.746976e+00 -5.373560e-01 -3.758046e+00 1.910527e+00 4.849827e-01 -4.922209e+00 -3.140256e+00 -5.189826e+00 -7.675848e+00 -1.195823e+00 
-6.396568e+00 1.036893e+01 -2.806444e+00 -3.930319e+00 -6.673813e+00 -1.957369e+00 2.307456e-01 -5.604617e-01 -5.317562e-01 4.361297e+00 1.976427e+00 1.316004e+00 
-1.151099e+01 8.250038e+00 1.697127e+00 3.655325e+00 -2.583576e+00 -9.873166e+00 -5.481578e+00 -1.134869e+00 2.226439e-01 1.694811e+00 2.856904e+00 4.543693e+00 
-8.793706e+00 1.219225e+01 1.418086e+00 1.489666e+00 -4.561968e+00 -1.057834e+01 -1.143623e+01 -1.047515e+00 -5.940160e+00 1.475815e+00 3.666491e-02 -7.075535e+00 
-1.185416e+01 8.826328e+00 2.476442e+00 2.155611e+00 -3.586989e+00 -4.059398e+00 -5.790031e+00 -1.059446e+00 2.060170e-01 7.120002e-01 -5.829303e-01 1.101291e-01 
-7.185130e+00 1.186388e+01 7.755126e-01 -6.565353e-01 -7.414907e+00 -5.717260e+00 -1.757150e+00 -3.944693e+00 -2.894332e+00 -1.396313e+00 -3.198347e+00 -2.136631e+00 
-8.515687e+00 1.145767e+01 4.561470e+00 6.773005e-01 -4.933433e+00 -2.392535e+00 -3.356502e+00 -2.753267e+00 -2.541686e+00 2.608566e+00 -2.722751e+00 3.800200e-02 
-1.363179e+01 6.967596e+00 3.351920e+00 8.317913e+00 4.755369e+00 6.393595e+00 1.534378e+00 9.492755e-01 -2.343322e+00 -1.683602e+00 5.535170e-02 -5.057328e+00 
-1.170532e+01 7.777812e+00 4.652074e+00 9.774819e+00 2.052850e+00 3.080616e-02 -4.000514e+00 3.684955e+00 2.595660e+00 4.284228e+00 6.029627e+00 4.718151e+00 
-1.049046e+01 7.494040e+00 3.113456e+00 9.450359e+00 3.053970e+00 3.412233e+00 2.225312e-01 -1.704589e+00 -6.505090e+00 -2.360810e+00 -1.106893e+00 -7.785219e-02 
-1.308025e+01 7.453813e+00 2.265215e+00 5.812714e+00 4.596805e-01 -1.857915e+00 -1.417893e+00 -2.325018e+00 -1.355758e+00 1.771498e+00 1.056377e+00 1.199699e+00 
-1.269046e+01 1.061510e+01 5.121220e+00 3.493338e+00 -5.524454e-01 7.310325e-01 3.420514e-01 -2.000315e+00 -3.987845e+00 1.636056e+00 2.465581e+00 2.489873e+00 
-1.283087e+01 8.044095e+00 3.191832e+00 3.018080e+00 2.329844e+00 1.734120e+00 1.264944e+00 4.223568e+00 3.816775e+00 2.831759e+00 -5.203696e+00 1.649592e+00 
-1.149133e+01 6.659774e+00 -9.682176e-01 2.228091e+00 1.630481e+00 1.628816e+00 -4.456005e+00 -1.762968e+00 -1.517387e+00 -2.208200e+00 -3.828935e+00 -4.011034e+00 
-1.242143e+01 8.027042e+00 3.384160e+00 5.702291e+00 5.202960e+00 1.028494e+00 -5.415041e+00 -1.087144e+00 -4.301824e+00 -9.372877e+00 -4.434973e+00 -3.004861e+00 
-1.365763e+01 6.097476e+00 -1.149428e+00 2.248522e+00 5.657282e-02 1.133798e+00 -1.098351e+00 -7.061942e-01 -6.005841e-01 9.973817e-01 -4.452560e+00 -4.276687e-01 
-1.494999e+01 5.402255e+00 1.038990e+00 3.858659e+00 1.759198e-02 3.489681e-01 3.898905e+00 1.832193e+00 -6.569664e+00 -3.532858e+00 -2.967877e+00 3.030692e-01 
-1.568800e+01 3.912121e+00 2.608736e+00 2.224686e+00 -9.147379e-01 1.370057e+00 3.181374e+00 2.369954e+00 1.373771e+00 -1.794626e+00 7.489613e-01 1.468824e+00 
-1.204119e+01 7.777812e+00 3.362481e+00 4.711400e+00 1.973054e+00 2.354694e+00 1.606254e+00 -2.115367e+00 -2.202960e+00 -2.844204e+00 -3.783500e+00 3.458946e-01 
-1.573855e+01 4.793609e+00 1.819416e+00 6.142038e+00 8.971831e-01 1.055090e-01 -9.607594e-01 5.342363e-01 -3.923657e+00 3.567995e-01 -2.758808e-01 4.139646e-01 
-1.267024e+01 8.507138e+00 3.206285e+00 5.696940e+00 3.860644e+00 4.459423e+00 2.908106e-02 1.794694e+00 -4.326184e+00 -6.106251e+00 2.766619e-01 2.863131e+00 
-1.237088e+01 8.327868e+00 3.727681e+00 5.671158e+00 2.510184e-01 2.944666e+00 -8.658826e-01 -2.322887e+00 -4.894981e+00 -1.300931e+00 -1.188236e+00 -1.215207e+00 
-1.536449e+01 4.452994e+00 -8.259177e-01 2.302031e+00 9.435015e-01 3.639042e+00 1.225104e+00 -9.980852e-01 -5.616900e+00 8.684258e-01 3.124382e+00 -3.424686e-01 
-1.657542e+01 1.947575e+00 -3.073812e+00 -1.723312e+00 -2.601462e+00 -2.263380e+00 -1.515645e+00 4.980162e-01 -2.229640e+00 5.018284e+00 9.629433e-01 4.117106e-01 
-1.617833e+01 4.550937e+00 3.490885e+00 2.683405e+00 2.888416e+00 6.045777e-01 5.626091e-01 -2.916470e+00 -1.687524e+00 2.570032e+00 -8.359931e+00 8.273432e-01 
-1.375535e+01 5.199810e+00 2.922241e+00 4.744965e+00 9.664314e-01 -1.791312e+00 -6.404060e+00 -5.652149e+00 2.949519e-01 1.861538e+00 3.387096e+00 5.544794e-03 
-1.123409e+01 9.648351e+00 3.254644e+00 2.664434e+00 -4.174453e+00 -1.030334e+00 -2.822974e+00 -3.796404e+00 1.254676e+00 3.970232e+00 -4.539548e-01 -1.082673e+00 
-1.107964e+01 7.733651e+00 2.591194e-01 2.352622e+00 -2.387755e+00 3.545888e+00 -1.332463e+00 -3.924240e+00 -5.091411e+00 -2.525248e+00 -2.518295e+00 -2.109583e+00 
-1.380253e+01 6.005654e+00 2.133476e+00 -4.969809e-01 -2.654201e+00 -1.100986e+00 -1.711970e+00 3.228582e+00 2.676088e+00 -1.785088e+00 1.026332e+00 -3.672938e+00 
-1.454953e+01 5.683842e+00 2.174054e+00 1.546580e+00 -3.492865e-01 -2.252130e+00 -3.271893e+00 -3.051549e+00 2.060170e-01 -5.499625e+00 -5.244368e+00 6.253873e-01 
-1.731006e+01 -1.368062e+00 -3.314499e+00 2.770965e+00 -2.890837e+00 -9.965824e-01 1.160210e+00 2.519948e+00 2.000182e+00 -1.576393e+00 1.302603e+00 2.394756e+00 
-1.421366e+01 3.638405e+00 1.120701e+00 1.601062e+00 -2.034634e+00 1.414608e+00 1.924564e+00 -7.705380e-01 -4.916635e+00 3.026719e+00 6.217595e+00 1.164537e+00 
-1.322347e+01 7.198462e+00 3.041750e+00 5.147742e+00 4.725560e+00 2.962667e+00 -2.392948e+00 2.072097e+00 1.364157e-01 1.161056e+00 -4.870632e+00 -2.629349e+00 
-1.771670e+01 2.857046e+00 -6.708330e-01 3.735588e+00 4.858553e+00 5.645667e+00 4.455434e+00 2.760705e+00 1.345352e-02 3.384590e+00 6.756797e-01 -1.662846e+00 
-1.737858e+01 2.681273e+00 1.888343e+00 8.344667e+00 1.058002e+01 -1.848915e+00 -5.012534e+00 3.241599e-01 -4.972316e+00 2.110675e+00 4.113682e+00 4.502671e+00 
-1.316000e+01 6.285055e+00 1.028984e+00 3.040457e+00 1.397055e+00 -2.338983e+00 -2.079156e+00 3.177682e-01 -3.004147e+00 -5.797978e+00 -4.841319e+00 5.392855e-01 
-9.407032e+00 1.093866e+01 4.165698e+00 1.389458e+00 -1.743425e+00 1.388507e+00 -4.658081e+00 -4.619665e+00 -1.894007e+00 -3.510730e+00 -1.733084e+00 -2.973891e-01 
-1.127172e+01 8.878361e+00 3.906667e+00 7.624240e+00 1.343858e+00 -3.040064e-01 -2.112835e+00 -5.985800e+00 -2.879638e+00 2.357903e+00 2.002075e+00 3.713330e+00 
-1.228551e+01 9.879654e+00 3.754362e+00 6.562328e+00 2.348187e+00 -1.229241e+00 -5.123429e+00 -6.373568e+00 -3.144457e-01 3.086237e+00 5.297545e+00 4.746868e-02 
-1.657991e+01 2.907767e+00 -1.202234e+00 4.492499e+00 2.450566e-01 8.133856e-01 -1.379285e+00 2.545941e+00 2.916212e+00 3.049992e+00 -5.887046e+00 -2.085691e+00 
-1.818175e+01 1.591219e+00 -2.833991e-01 1.048945e+00 7.138703e+00 1.133883e+01 3.139480e+00 7.805945e+00 2.827277e+00 5.538686e+00 1.577968e-02 -1.886891e+00 
-1.688040e+01 3.613919e+00 8.477743e-01 7.901515e+00 7.653250e+00 9.143199e+00 2.767366e+00 2.104908e+00 -2.444049e-02 -8.743850e-01 -1.481728e+00 -5.441405e+00 
-1.677368e+01 1.837389e+00 8.272074e-01 4.533847e+00 4.877814e+00 3.439234e+00 3.052407e+00 5.034046e+00 -4.879900e+00 -1.883903e+00 -4.499243e-01 -1.798986e+00 
-1.922867e+01 1.531754e+00 -5.771397e+00 -3.014341e+00 -1.250432e+00 3.909502e+00 3.009692e+00 2.807151e+00 -1.516227e+00 2.508606e+00 4.458838e+00 6.636281e+00 
-2.003520e+01 -3.702663e-01 -5.091025e+00 4.656963e-01 -1.746176e+00 -1.927217e+00 1.471948e+00 6.458793e-01 1.955328e+00 -2.418148e-01 -2.542627e-01 3.349989e+00 
-1.905062e+01 -5.386060e-01 -7.087115e+00 -5.698065e+00 -3.692925e+00 -1.122992e-01 -3.713731e-01 5.998585e-01 -1.031338e+00 -1.466132e+00 1.160071e+00 4.132568e+00 
-2.139272e+01 -1.078605e+00 -4.404539e+00 -7.090715e-01 7.527247e-01 1.773722e+00 -2.358858e+00 1.310624e+00 1.836233e+00 3.871036e+00 -4.536834e+00 -5.454028e+00 
-1.979145e+01 -2.129307e+00 -9.301103e+00 -1.291834e+00 2.538815e-02 2.013131e+00 3.209303e+00 1.074554e+00 -1.490707e+00 5.372341e+00 2.502222e+00 2.647516e-01 
-1.844179e+01 -6.382981e-01 -2.256699e+00 5.435718e+00 4.216057e+00 5.514712e+00 2.623202e+00 1.048987e+00 -1.178164e+01 -1.683705e+01 1.716644e+00 4.413414e+00 
-2.034636e+01 -2.765062e+00 -4.556289e+00 9.137134e-01 2.314251e+00 6.598353e+00 1.380357e+00 -9.755009e-01 -4.939062e+00 -2.850308e+00 1.285748e+00 4.144740e+00 
