-2.951388e+01 -1.442919e+00 -1.836467e+00 -1.452247e+01 -1.325695e+00 -9.459184e+00 -1.779390e+00 5.936203e+00 -4.443110e+00 3.499556e+00 5.050700e+00 -6.741580e-01 
-3.109629e+01 -6.166846e+00 -3.368316e-01 -9.971571e+00 2.614176e+00 -3.670696e+00 -1.427333e+00 1.923019e+00 -2.428704e+00 6.746437e+00 3.129634e+00 1.656115e+00 
-2.895431e+01 -4.910408e+00 5.267224e-01 -9.416023e+00 5.660439e-01 -9.474584e+00 8.569206e-02 2.908815e+00 -3.068941e+00 2.366346e+00 -2.473866e-01 -2.789020e+00 
-2.873215e+01 -4.230670e+00 2.360628e-01 -1.428281e+01 2.240142e+00 -4.372873e+00 -1.700903e+00 -1.200242e-01 -9.117958e+00 -4.662656e+00 4.661637e+00 -3.914105e-01 
-2.678114e+01 -1.642972e+00 2.277525e+00 -1.126494e+01 9.558707e-01 -3.296923e+00 -7.867361e-01 -3.156480e+00 -1.275950e+01 -1.865068e+00 4.447083e+00 1.954181e+00 
-2.615308e+01 -1.115097e+00 2.754586e+00 -9.533102e+00 1.227825e+00 5.065714e-01 9.975617e-02 2.390166e+00 -1.087998e+00 1.598516e+00 1.274697e+00 -3.340793e+00 
-2.780341e+01 -6.753598e-01 5.061961e+00 -8.523933e+00 1.061802e+00 -2.939799e+00 3.855751e-01 2.250167e+00 -4.485940e+00 1.902389e+00 -6.647381e-01 -7.571313e-01 
-2.661633e+01 -3.485304e+00 4.441676e+00 -8.586834e+00 1.635708e-02 -9.722878e-01 1.383673e+00 1.817353e-01 -1.564495e+00 3.988360e+00 -4.359180e+00 -6.725146e+00 
-2.589584e+01 -4.491279e+00 5.288381e+00 -7.371975e+00 -3.020595e+00 -1.860519e+00 2.369975e+00 -2.864998e-01 -1.736712e+00 8.484949e+00 -1.992474e+00 -2.280968e+00 
-2.622657e+01 -2.728208e+00 8.086506e+00 -1.061435e+01 -7.689273e+00 -1.225771e+00 1.045094e+01 2.040894e+00 -5.319365e+00 2.365124e+00 2.771064e+00 1.588141e+00 
-2.685074e+01 -7.294565e+00 6.483139e+00 -1.438336e+01 -9.953120e+00 -2.081536e+00 7.235248e+00 3.368346e+00 -1.196414e+00 8.987115e-01 6.453016e+00 -2.499571e+00 
-2.496432e+01 -7.947355e+00 5.733321e+00 -9.179571e+00 -7.432342e+00 -1.101047e+01 1.255735e+00 -4.561185e+00 -4.153553e+00 2.315836e+00 8.468133e+00 8.137923e-03 
-1.885295e+01 -2.650215e+00 1.666413e+01 -3.081861e+00 -2.989393e+00 -1.718808e-01 5.079811e+00 -8.364734e+00 -6.718518e+00 4.855988e+00 2.858135e+00 -8.186114e+00 
-1.153445e+01 2.872342e+00 1.974607e+01 3.620763e-01 -1.083023e+01 -8.511015e+00 -1.773038e+00 -8.106134e+00 -9.747934e+00 2.738651e+00 3.959078e-01 -2.243311e+00 
-8.729876e+00 2.091877e-01 2.015151e+01 2.312921e+00 -4.835679e+00 -1.017468e+01 -1.560716e+00 -9.231567e+00 -1.481094e+01 -3.376287e+00 4.923216e+00 2.478031e-01 
-7.081766e+00 -2.780837e+00 2.229724e+01 7.931300e+00 -7.886113e+00 -7.848796e+00 -6.856078e+00 -9.148873e+00 -1.149464e+01 -2.383200e+00 5.802373e+00 8.075538e-01 
-5.945349e+00 -2.919067e+00 2.448087e+01 1.635704e+00 -1.072584e+01 -6.128524e+00 -6.868327e+00 -6.721740e+00 -1.623062e+01 4.574853e-02 5.814129e+00 1.331243e+00 
-5.383544e+00 -2.688894e+00 2.325873e+01 7.656518e-01 -1.251203e+01 -8.709557e+00 -6.793924e+00 -4.249270e+00 -1.375979e+01 -1.958348e+00 4.216364e+00 2.298201e+00 
-5.800026e+00 -3.818832e+00 2.145790e+01 3.507579e+00 -6.327190e+00 -1.074741e+01 -1.170502e+01 -5.499832e+00 -1.413367e+01 4.877088e-01 5.391267e+00 2.576961e-01 
-6.767734e+00 -3.871685e-01 1.998670e+01 4.584239e+00 -1.063108e+01 -9.898721e+00 -5.563087e+00 -4.632998e+00 -1.397707e+01 -9.542630e-01 2.760410e+00 3.851079e+00 
-8.808941e+00 1.536009e+00 1.939590e+01 2.165540e+00 -4.650780e+00 -8.938066e+00 -3.313285e+00 -9.132915e+00 -1.240302e+01 3.078778e+00 -7.672391e-01 2.081194e+00 
-1.114469e+01 4.256230e+00 1.835121e+01 1.165554e+00 -1.113833e+00 -9.313503e+00 -7.211310e+00 -9.181516e+00 -5.934618e+00 6.530549e+00 -3.508680e+00 8.407431e-01 
-1.125549e+01 2.574322e+00 1.550780e+01 1.951127e+00 -5.116878e+00 -8.805705e+00 6.804676e-01 -5.039576e+00 -6.419591e+00 5.137457e+00 -1.464172e+00 -1.148701e+00 
-1.140750e+01 5.839315e-01 1.072351e+01 -1.985220e-01 -1.843025e+00 -6.270874e+00 -5.898387e-01 1.450069e+00 2.397701e-01 3.955773e+00 -8.734390e+00 -7.218837e+00 
-1.306897e+01 -4.987673e-01 9.022724e+00 -5.256762e+00 -4.401102e-01 -3.182460e+00 1.651798e+00 -6.317824e-01 8.608227e-01 1.350741e+01 -6.540723e+00 -6.124547e+00 
-1.543869e+01 2.694257e-01 1.402449e+01 2.630180e+00 -2.080311e+00 -2.919404e+00 2.609972e+00 -5.563665e+00 -2.186440e+00 8.959089e+00 -8.679282e+00 -5.480227e+00 
-1.235349e+01 -2.024691e+00 1.062662e+01 4.327127e+00 2.462020e+00 -7.970335e+00 -1.095693e+00 -3.995023e+00 -2.259164e+00 5.634815e+00 -5.066768e+00 -1.764619e+00 
-1.109792e+01 -1.788178e+00 1.156968e+01 3.738521e+00 2.779429e+00 -1.580292e+01 -5.770420e+00 -2.436174e+00 5.303223e+00 3.530514e+00 -7.277334e+00 9.849890e-01 
-6.115171e+00 -2.146976e-01 8.799991e+00 -3.224191e+00 3.155388e+00 -1.298630e+01 -1.083440e+01 -8.010021e+00 1.419413e+00 3.404239e+00 -8.759373e+00 4.448167e+00 
-1.243223e+00 -4.149825e+00 5.244676e+00 -2.256107e-01 3.060308e-01 -1.415674e+01 -1.283786e+01 1.166806e+00 7.488369e-01 -6.746591e+00 -3.495821e+00 5.021959e+00 
-3.646022e-01 -7.652823e+00 4.462212e+00 -2.542382e+00 9.016273e+00 -1.494715e+01 -1.928058e+01 6.103767e+00 2.939475e+00 -8.133573e+00 -2.598295e+00 2.642859e+00 
1.704769e-01 -9.842950e+00 3.767683e+00 -8.692893e+00 1.010794e+01 -1.802932e+01 -1.496698e+01 8.196861e+00 -2.102562e+00 2.268178e+00 -1.900743e-01 -3.454560e-01 
1.402662e+00 -1.143767e+01 -4.331916e-01 -5.074487e+00 5.039423e+00 -1.479024e+01 -1.132892e+01 3.485495e+00 6.181125e-01 2.365531e+00 3.307449e+00 -2.622116e+00 
1.521259e+00 -1.211995e+01 -1.830675e+00 -6.861881e+00 6.065608e+00 -9.177397e+00 -9.617633e+00 5.794391e+00 -2.421565e+00 1.748823e+00 -2.107631e-02 -1.084876e+00 
2.362575e+00 -1.133685e+01 -4.775183e+00 -6.302660e+00 2.810245e+00 -5.217816e+00 -7.108325e+00 4.822014e+00 -2.548721e+00 8.050241e-01 3.603195e+00 -3.839590e+00 
2.479502e+00 -1.169321e+01 -4.777816e+00 -7.743412e+00 2.807163e+00 -8.749515e+00 2.177132e-01 1.502296e+00 -3.881396e+00 4.820142e+00 -5.423983e-01 -1.259120e+00 
2.882621e+00 -1.084163e+01 -7.072553e+00 -7.024414e+00 5.000517e+00 -9.623593e+00 -2.091069e+00 2.323793e+00 -4.934330e+00 4.199768e+00 3.621565e+00 -3.669814e+00 
3.596987e+00 -1.054393e+01 -6.900896e+00 -9.108406e+00 2.187369e+00 -4.478595e+00 -6.609729e+00 4.697248e+00 -2.333226e+00 8.355743e-01 5.396043e+00 -4.883139e+00 
3.583624e+00 -1.221125e+01 -5.843568e+00 -7.311829e+00 2.671571e+00 -4.738738e+00 -8.300143e+00 3.197518e+00 -3.038156e+00 1.796074e+00 6.833261e+00 -6.837799e+00 
3.951108e+00 -1.133146e+01 -6.315890e+00 -7.019822e+00 1.435835e+00 -6.710411e+00 -4.730583e+00 4.504900e-01 -2.401042e+00 3.137027e+00 6.643322e+00 -5.382574e+00 
4.261799e+00 -1.033722e+01 -5.769850e+00 -7.068031e+00 4.178058e-02 -4.536035e+00 -7.065225e+00 6.793485e-01 -7.359785e-01 1.167146e+00 8.137485e+00 -7.312661e+00 
3.731175e+00 -8.417212e+00 -5.584502e+00 -5.764101e+00 6.292174e-01 -6.321654e+00 -6.899632e+00 -6.525778e-02 -2.546044e+00 1.905648e+00 8.063272e+00 -5.648089e+00 
3.878168e+00 -9.153700e+00 -3.920581e+00 -3.823815e+00 -1.000968e+00 -5.078380e+00 -7.521173e+00 -2.533013e+00 -5.463920e+00 1.330081e+00 1.107842e+01 -4.832397e+00 
4.176053e+00 -8.940014e+00 -2.040771e+00 -6.357297e+00 -9.528173e-01 -2.949372e+00 -1.018972e+01 -4.952529e+00 -6.850134e+00 1.753711e+00 1.250755e+01 -1.375602e+00 
3.850329e+00 -5.679870e+00 -1.828042e+00 -7.619905e+00 -3.441943e-01 -4.297536e+00 -1.062979e+01 -6.234282e+00 -8.851155e+00 2.825007e+00 1.194986e+01 7.711732e-01 
4.194984e+00 -4.155848e+00 -2.657370e+00 -8.545053e+00 2.698216e-01 -1.088416e+00 -1.290410e+01 -7.003914e+00 -1.033552e+01 1.451060e+00 1.515751e+01 2.323731e+00 
5.392648e+00 -2.317004e+00 -3.555677e+00 -5.844448e+00 -2.074918e+00 -2.401422e-01 -9.108149e+00 -9.193485e+00 -1.302854e+01 3.042932e+00 1.464244e+01 3.748161e-01 
4.542424e+00 2.342341e-01 -2.801120e+00 -4.693868e+00 -1.500963e+00 2.432460e+00 -1.224172e+01 -5.925994e+00 -1.152811e+01 -3.854093e+00 1.439812e+01 7.855340e-01 
4.387078e+00 1.010353e+00 -2.838506e+00 -6.029019e+00 8.068623e-02 5.144798e-01 -1.070692e+01 -8.091265e+00 -1.112032e+01 -3.452459e+00 9.511512e+00 4.710810e+00 
4.446655e+00 6.381457e-01 -3.981662e+00 -3.677812e+00 -8.610731e-02 1.748597e+00 -1.106124e+01 -1.078824e+01 -9.615425e+00 -7.046798e+00 9.917474e+00 3.414830e+00 
3.694426e+00 2.158363e+00 -3.107576e+00 -3.488650e+00 7.948553e-01 -3.743900e-02 -8.015686e+00 -1.333905e+01 -1.166195e+01 -2.720475e+00 5.526098e+00 1.506444e+00 
3.246207e+00 3.807616e+00 -3.145489e+00 -5.418834e+00 -1.316836e+00 1.162131e+00 -8.792841e+00 -9.560166e+00 -1.632520e+01 -4.500129e+00 4.235836e+00 2.116936e+00 
3.557455e+00 2.853953e+00 -5.182739e+00 -1.007051e+00 2.963942e+00 -6.588679e-01 -1.398612e+01 -8.030695e+00 -1.087181e+01 -6.057377e+00 3.191722e+00 3.212184e+00 
3.643201e+00 1.572786e+00 -2.605241e+00 -1.736609e+00 5.845337e-01 1.441004e+00 -9.249244e+00 -1.369812e+01 -1.278493e+01 -5.465517e+00 7.662453e+00 4.950475e+00 
3.476163e+00 2.026473e+00 -2.639467e+00 4.786953e-01 -9.975011e-01 -2.657596e+00 -8.269747e+00 -1.250704e+01 -1.486671e+01 -4.340453e+00 1.047333e+01 4.478165e+00 
2.337519e+00 5.735549e+00 -4.547710e+00 -2.382605e+00 -3.150794e+00 -1.550429e+00 -1.183159e+01 -9.741875e+00 -1.198899e+01 -2.518028e+00 7.968854e+00 3.452487e+00 
-6.730661e-01 4.960381e+00 -6.425941e+00 -1.004755e+00 8.464727e-01 4.495481e-01 -8.468913e+00 -9.738610e+00 -3.633332e+00 3.165540e+00 7.104025e+00 6.594304e+00 
-2.710376e+00 5.835734e+00 -7.027890e-01 2.808323e+00 -9.871005e-01 9.053181e-01 -6.452302e+00 -1.425775e+01 -1.835701e+01 -7.164926e+00 8.723834e+00 6.643130e+00 
-1.120650e+01 1.756670e+00 -3.141276e+00 -1.052045e+00 -4.500936e+00 -5.126246e+00 -1.211288e+01 -1.236232e+01 -1.114843e+01 -2.703774e+00 2.122259e+00 3.863524e+00 
-1.765083e+01 6.271428e-02 -5.337547e+00 5.397597e-01 -2.523681e+00 -5.427402e-01 2.399147e-02 -4.318907e+00 -6.038126e+00 -2.762838e+00 2.751225e+00 -1.211889e+00 
-1.792255e+01 -2.302326e-01 -7.308451e+00 7.114507e+00 3.139980e+00 5.340425e-01 -5.386152e+00 -8.682452e+00 -3.416053e+00 8.724463e+00 -2.993236e+00 -5.126953e+00 
-1.938413e+01 -1.142046e+00 -3.913736e+00 2.222932e+00 -3.815657e+00 1.008126e+00 -1.071648e+00 1.189293e+00 3.217432e+00 7.583920e+00 5.186150e-01 -3.356749e+00 
-1.816976e+01 -1.140144e+00 -5.879374e+00 2.115495e+00 -2.135395e+00 -3.499210e+00 3.324944e-01 6.321986e-01 -1.052305e+00 3.028675e+00 -7.504747e+00 -1.754726e+00 
-2.041364e+01 1.695575e-01 -2.416207e+00 1.775739e+00 1.334109e-03 2.181252e-01 -5.502748e+00 3.770571e+00 4.288659e+00 -8.361354e-01 -1.456457e+00 -1.139128e+00 
-1.935351e+01 8.965350e-01 -5.268568e+00 5.322980e+00 6.490488e+00 -2.403697e+00 -7.550663e+00 -3.486892e+00 1.591184e+00 -7.501873e-01 -2.826075e+00 -2.197675e+00 
-1.942422e+01 -1.889314e+00 -3.868452e+00 4.136128e+00 1.512106e+00 3.675511e-01 -1.520792e+00 6.176909e-01 1.562184e+00 1.541081e+00 2.016084e+00 -1.350710e+00 
-1.925495e+01 -2.616198e-01 -1.792236e+00 3.904727e+00 4.315238e+00 -1.918791e+00 -3.389049e+00 -3.934816e+00 -1.887514e+00 -4.284647e+00 -2.715124e+00 2.572971e+00 
-1.883123e+01 1.321465e-01 -4.092238e+00 1.520462e+00 8.487839e-01 2.646817e+00 -8.398168e-01 -2.367263e+00 -3.320128e+00 7.891380e-01 -1.110011e+00 6.559680e-01 
-1.896598e+01 8.353459e-01 -3.243428e+00 -1.691376e-01 4.655055e-01 4.316503e-01 -1.334358e-01 -1.476492e+00 -1.018383e+01 3.473487e+00 -4.973249e-02 1.941416e+00 
-2.039193e+01 9.057293e-01 6.441447e-01 -2.110341e+00 -4.397701e+00 1.433928e+00 -3.437140e+00 1.345976e+00 -4.350308e+00 -6.286707e+00 2.808537e+00 -1.661540e+00 
-2.027277e+01 -1.293909e+00 -4.265476e+00 -4.781102e+00 -6.844905e+00 -2.012026e+00 -9.105910e-01 -2.070218e+00 1.983358e+00 2.096689e+00 4.094024e+00 5.270560e+00 
-1.919148e+01 -1.257132e+00 -8.465298e+00 -6.379335e+00 -1.787555e+00 -7.308754e-01 2.081859e-01 -1.467062e+00 1.062932e+00 1.850657e+00 -3.491413e+00 -7.166020e-01 
-1.477722e+01 2.707797e+00 -5.997849e+00 2.377200e+00 -2.328768e+00 -3.080484e+00 -2.564711e+00 -5.509624e+00 -4.150876e+00 -1.534391e-01 -2.427460e+00 -5.295772e+00 
-1.394091e+01 5.162020e+00 5.688470e-01 1.102194e+00 -5.019036e+00 -2.838239e+00 -3.088259e+00 -2.293636e+00 -3.876934e+00 -8.442740e+00 -2.832688e+00 -2.674453e+00 
-1.605172e+01 4.755889e+00 8.358116e-01 2.547996e+00 -1.813749e+00 1.448080e+00 1.004849e+00 -3.343992e+00 -7.049567e+00 -3.203983e+00 -2.096812e+00 -2.144381e+00 
-1.775941e+01 3.522595e+00 -5.056891e+00 -2.260698e-01 1.266731e+00 -1.546683e+00 4.556716e+00 -1.634988e+00 -1.161614e+00 2.314614e+00 -3.984079e+00 -2.778009e-01 
-2.094594e+01 -9.318469e-01 -3.131271e+00 9.552727e-01 -2.697023e+00 1.289913e+00 3.501880e-01 -5.759156e+00 -2.278348e+00 6.028710e+00 4.503293e+00 1.035572e-01 
-1.335405e+01 -1.020026e+01 -1.239877e+00 -1.318778e+01 8.060262e-01 -6.462339e+00 -4.137169e+00 -2.717260e+00 -5.133763e+00 6.526802e-01 -2.994338e+00 1.986574e-01 
-1.764749e+01 -5.104438e+00 -5.046360e+00 -1.254500e+01 1.148473e+00 -8.105609e+00 -3.505192e+00 -4.459631e+00 -4.146414e+00 -6.597586e-01 -1.031758e+00 5.739521e-01 
-3.106567e+01 4.064103e+00 5.931307e+00 -6.732407e+00 7.090251e+00 -6.432371e+00 -5.439233e+00 -1.694832e+00 -7.082583e+00 -2.321285e+00 2.463561e+00 2.934862e+00 
-3.103282e+01 -4.023324e+00 -6.827798e-01 -1.322313e+01 -6.835594e-01 -5.606380e-01 5.297123e+00 6.470811e+00 -1.216937e+00 -8.617976e-01 -3.260074e-01 -4.593848e-01 
-2.999885e+01 -6.891288e+00 1.632493e+00 -1.029204e+01 5.437339e+00 2.393751e+00 7.784202e+00 -9.404331e-01 -6.340175e+00 3.316255e+00 1.244204e+00 -1.580482e+00 
-2.856121e+01 -3.293177e+00 4.851864e+00 -1.067496e+01 -3.069131e+00 -1.951895e-01 1.169536e+00 -3.242800e+00 -7.475203e+00 -8.552802e-01 -5.477506e+00 -1.381665e+00 
-3.003560e+01 -3.893971e+00 3.989890e+00 -9.302159e+00 3.233650e-01 -5.484619e+00 -1.104766e+00 -6.103836e-01 2.286161e-01 -5.509997e-01 1.191668e+00 -2.538824e+00 
-2.767646e+01 -4.269032e+00 1.853647e+00 -1.537232e+01 -3.966657e+00 -4.846541e+00 -1.435953e+00 -3.822745e+00 -2.966771e+00 1.066941e+00 -3.214771e+00 8.959523e-01 
-2.662134e+01 -7.299955e+00 4.316882e+00 -1.357666e+01 -9.766681e+00 -3.849896e-01 1.197210e+00 -2.695861e+00 -4.330231e+00 1.214397e+00 -3.881210e+00 -2.135446e+00 
-2.778615e+01 -1.001827e+01 2.907288e+00 -1.509593e+01 -8.137266e+00 -1.520460e+00 9.821653e-01 9.669631e-01 1.688447e+00 3.627460e+00 -3.829776e+00 -5.994820e-01 
-2.614806e+01 -9.850876e+00 3.458594e+00 -1.129938e+01 -8.318697e+00 -5.487116e+00 7.192148e+00 4.895278e+00 -1.891083e+00 -1.122493e+00 -5.019857e-01 -2.643975e-01 
-2.633181e+01 -7.726059e+00 8.777875e+00 -7.253060e+00 -1.513605e+01 -8.736611e+00 3.876195e+00 5.450559e+00 -5.403243e+00 -3.921303e+00 8.668978e-01 2.775298e+00 
-2.320597e+01 -1.049384e+01 1.189720e+01 -5.716810e+00 -1.029903e+01 -1.023753e+01 2.585020e+00 -2.446692e+00 -8.044055e+00 -3.428426e+00 -1.090907e+00 -1.479956e+00 
-1.995930e+01 -9.305881e+00 1.294768e+01 -3.895440e+00 -7.031729e+00 -7.916641e+00 -8.053370e-01 -9.419079e+00 -1.047205e+01 -4.293201e+00 -6.900028e+00 7.196354e-02 
-1.454670e+01 -4.267130e+00 1.476273e+01 2.601493e-01 -1.467065e+00 -3.330637e+00 8.152108e-01 -7.662200e+00 -4.548987e-01 6.283295e+00 -5.630339e+00 5.334228e-01 
-7.382434e+00 -1.126828e+00 1.968393e+01 4.301415e+00 -3.981680e+00 -4.956841e+00 -1.112025e+00 -2.534101e+00 -7.315478e+00 -1.266283e+00 -1.619577e+00 5.745903e-01 
-5.053365e+00 -7.597023e+00 1.553413e+01 1.471633e+01 -2.197028e+00 -1.477359e+01 -9.698841e+00 -5.034861e+00 -7.174492e+00 -1.264246e+00 -4.533689e+00 1.598034e+00 
-5.548355e+00 -6.212501e+00 1.615178e+01 1.263830e+01 -3.368754e-01 -1.739333e+01 -9.870787e+00 -2.792337e+00 -7.539003e+00 -9.839986e-01 -6.463940e+00 -1.150935e+00 
-5.668066e+00 1.967820e+00 1.617021e+01 1.888226e+00 4.640303e-02 -1.001069e+01 -7.258039e+00 -1.148642e+01 -1.131440e+01 4.606698e+00 -2.416806e+00 2.679082e-01 
-5.583990e+00 3.068274e+00 1.502127e+01 2.166459e+00 -1.608370e-01 -8.136410e+00 -6.579786e+00 -1.130181e+01 -1.347470e+01 9.064509e-01 -1.025879e+00 -1.954658e-01 
-5.499357e+00 2.234136e+00 1.506339e+01 4.169645e+00 -4.401102e-01 -8.835673e+00 -9.833585e+00 -8.605199e+00 -1.261316e+01 4.025755e-01 -6.066060e+00 1.527507e+00 
-6.713725e+00 -7.514499e-01 1.503654e+01 8.393185e+00 -1.531329e-01 -1.397609e+01 -1.169458e+01 -8.349501e+00 -6.874227e+00 -3.305410e+00 -6.321761e+00 2.229589e+00 
-7.301142e+00 -7.073810e-01 1.509130e+01 8.713658e+00 -1.309517e+00 -1.764972e+01 -8.412657e+00 -8.744835e+00 -3.971074e+00 -1.122086e+00 -7.184018e+00 4.226853e-01 
-7.264394e+00 7.573535e-01 1.536721e+01 1.830154e-01 5.225158e-01 -1.160026e+01 -1.174993e+01 -5.785270e+00 -5.077993e+00 7.014872e+00 -8.983962e-01 4.592413e+00 
-7.937001e+00 -1.679432e+00 1.378807e+01 -2.793068e+00 -7.825570e-01 -1.072535e+01 -4.542759e+00 -1.024215e+00 -1.572526e+00 5.419334e+00 -2.954661e+00 9.504433e+00 
-5.768289e+00 -2.174018e+00 9.817826e+00 -1.131475e+00 3.965473e+00 -9.266053e+00 -1.226032e+01 -4.832479e+00 4.068702e+00 5.230737e+00 -1.930753e+00 1.059968e+01 
-2.856812e+00 -4.417091e+00 6.998112e+00 -1.790327e+00 5.885332e+00 -1.372677e+01 -1.631441e+01 3.765493e+00 3.724714e+00 4.244982e+00 -7.061678e+00 9.112543e+00 
2.523256e-01 -4.097196e+00 2.225396e+00 -1.887663e+00 2.336444e+00 -1.255051e+01 -1.345713e+01 3.136948e+00 1.866910e+00 9.055556e-02 -2.235684e+00 7.436802e+00 
-1.073634e-01 -2.946967e+00 4.283183e+00 -9.291599e+00 2.952000e+00 -1.068789e+01 -1.531087e+01 6.706923e+00 5.648103e+00 -3.126997e+00 -5.068972e+00 5.340130e+00 
3.018802e-01 -1.769472e+00 -6.985765e-01 -8.446341e+00 5.993189e+00 -9.737640e+00 -1.703622e+01 8.994421e+00 4.633093e+00 -4.287987e-01 -1.424494e+00 -1.893866e+00 
6.827274e-01 -4.895824e+00 -2.320467e-01 -1.037193e+01 6.765910e+00 -8.658776e+00 -1.346394e+01 9.510894e+00 -2.001422e-01 2.859223e+00 -1.878217e+00 -9.653610e-02 
8.074492e-01 -6.198551e+00 -3.520397e+00 -8.637797e+00 6.190799e+00 -7.711025e+00 -1.088885e+01 7.312982e+00 -3.232819e-01 5.992457e+00 -7.800976e-01 -3.208993e+00 
2.084735e+00 -6.269885e+00 -5.212752e+00 -6.753527e+00 1.457407e+00 -5.315214e+00 -7.453575e+00 6.827337e+00 -7.279477e-01 2.077137e+00 3.863557e-01 -8.536661e-02 
1.515691e+00 -7.320879e+00 -5.089012e+00 -8.661213e+00 2.573730e+00 -2.086947e+00 -5.278176e+00 5.589833e+00 -1.950868e+00 -8.899038e-01 3.316266e+00 -2.412130e+00 
1.692752e+00 -9.937428e+00 -5.471292e+00 -1.014466e+01 3.710083e+00 -3.119558e-02 -8.095079e+00 5.061391e+00 1.309658e+00 -3.305818e+00 6.354556e+00 -4.999939e+00 
2.098098e+00 -1.125125e+01 -5.968362e+00 -7.720914e+00 -9.447281e-01 8.574519e-01 -8.359122e+00 5.041806e+00 2.456732e+00 -4.560822e+00 8.037188e+00 -4.719745e+00 
1.613687e+00 -1.026240e+01 -6.377497e+00 -8.605659e+00 7.067091e-02 -1.428474e+00 -5.027291e+00 3.252284e+00 2.162267e+00 -9.974407e-01 4.224446e+00 -2.293733e+00 
2.149880e+00 -1.025954e+01 -5.798811e+00 -8.134131e+00 -1.675461e+00 -4.175997e+00 -3.823222e+00 4.183314e+00 2.678026e+00 -1.464656e+00 6.056605e+00 -2.129063e+00 
2.657119e+00 -8.896262e+00 -5.549222e+00 -5.206716e+00 -3.206264e+00 -4.056123e+00 -3.944355e+00 3.667566e+00 -4.392831e-01 3.671372e-01 3.666386e+00 1.175828e+00 
2.472263e+00 -8.278664e+00 -5.105335e+00 -7.123586e+00 -4.102249e+00 -3.619084e+00 -4.663439e+00 1.732968e+00 -9.349652e-01 7.451456e-01 8.284439e+00 -1.420918e+00 
3.780173e+00 -7.881410e+00 -7.077292e+00 -5.546932e+00 -2.324530e+00 -1.864681e+00 -1.050730e+01 -2.416951e+00 2.577194e+00 1.432323e+00 7.901255e+00 1.283055e+00 
4.695542e+00 -5.241083e+00 -8.321020e+00 -5.343078e+00 -5.510491e-01 -5.215319e+00 -1.193095e+01 -2.084363e+00 -9.697655e-01 3.709335e+00 7.243632e+00 1.673668e+00 
4.486187e+00 3.417113e-01 -6.899316e+00 -6.180532e+00 -6.307930e+00 -6.191375e+00 -6.820691e+00 -1.607423e+00 -6.697995e+00 2.648630e+00 1.270227e+01 2.325327e+00 
2.847543e+00 1.430751e+00 -4.439766e+00 -5.302674e+00 -4.557176e+00 -7.778453e+00 -8.878587e+00 -1.926229e+00 -4.971361e+00 6.567535e-01 9.799175e+00 8.163137e+00 
1.095869e+00 3.234721e+00 4.445795e-01 -2.885353e+00 -1.010489e+01 -7.815082e+00 -6.022213e+00 -2.940316e+00 -7.340016e+00 4.861690e+00 1.238191e+01 6.463142e+00 
1.673821e+00 5.266644e+00 -5.495608e-01 -2.535955e+00 -4.166193e+00 -4.751641e+00 -8.126838e+00 -4.359529e+00 -5.439382e+00 -2.948583e+00 8.904221e+00 6.270389e+00 
1.270145e+00 7.658726e+00 -1.118243e+00 -4.425276e+00 -5.266722e+00 -3.439689e+00 -7.765707e+00 -6.232106e+00 -6.064449e+00 -1.415776e+00 1.055011e+01 1.178205e+01 
-1.068390e+00 5.705747e+00 -2.776898e+00 -4.149937e-02 2.161561e+00 -3.095885e+00 -9.982845e+00 -8.577271e+00 -8.526798e+00 -4.858259e-01 1.531696e+01 1.272763e+01 
-1.279972e+00 6.447943e+00 -2.373555e+00 -6.425011e-01 -6.966564e-01 8.162453e-01 -2.991171e+00 -1.165507e+01 -7.537219e+00 -2.727400e+00 7.732257e+00 1.084158e+01 
-4.671404e+00 8.565784e+00 -1.107185e+00 -2.327509e+00 -2.344110e-01 -2.630348e-01 -4.414822e+00 -6.643036e+00 -7.925823e+00 -1.494799e+00 5.402656e+00 6.237199e+00 
-3.820623e+00 7.842294e+00 -2.077630e+00 -3.146139e+00 -2.222451e+00 -1.175823e+00 -1.170550e+00 -8.619706e+00 -1.311777e+01 -7.264316e+00 1.215548e+00 -1.113917e+00 
-1.050828e+01 4.220722e+00 -3.026486e+00 -2.526993e-01 -4.154637e+00 1.739856e+00 -5.683767e+00 -1.225025e+01 -1.101681e+01 -1.912726e+00 3.650955e+00 -2.679079e-01 
-1.304392e+01 4.088515e+00 -3.020694e+00 3.506201e+00 1.224743e+00 3.474695e+00 -1.576594e+00 -4.236576e+00 -6.025187e+00 -6.972336e-01 -5.761864e+00 -5.444804e+00 
-1.774047e+01 1.776327e+00 -5.179053e+00 2.319349e+00 3.626559e-01 -2.096937e+00 -5.000524e+00 -4.981545e+00 -5.031147e+00 -9.649260e-03 2.925569e-02 1.163382e+00 
-2.021041e+01 -1.356049e+00 -4.836264e+00 -5.185359e-01 -2.189709e+00 1.868054e+00 5.938146e-01 4.089377e+00 4.570493e-01 1.463280e+00 -3.325721e+00 -5.487406e-01 
-1.925885e+01 -4.537473e-01 -4.707784e+00 -5.435503e-02 -8.880374e-02 1.234555e+00 -3.815509e+00 5.484167e-01 -4.953961e+00 2.090099e-02 -3.338947e+00 -6.605473e+00 
-1.973157e+01 -8.519523e-01 -6.009960e+00 -1.125506e+00 3.803753e-01 -1.695276e+00 -5.313138e-01 -1.774262e+00 -3.878273e+00 2.403413e+00 3.424645e+00 -3.213780e+00 
-2.020485e+01 7.931793e-01 -2.057621e+00 1.434605e+00 -1.042119e-01 -4.252167e+00 -7.084733e+00 -7.205208e+00 -3.250665e-01 -1.577488e+00 -3.726656e-01 1.332200e+00 
-2.034404e+01 -1.122706e+00 6.178168e-01 -4.891515e-01 -2.656962e+00 4.895060e-01 -4.245599e+00 3.202233e+00 -1.792482e+00 -4.646363e+00 -4.011632e+00 4.281105e-01 
-2.097099e+01 -4.283840e-01 -5.262775e+00 -1.748087e+00 -2.687008e+00 -7.096477e-01 5.263551e+00 5.562631e+00 4.264566e+00 2.163504e-03 -2.161105e+00 -8.164891e-01 
-1.970317e+01 -6.401681e-01 -3.978502e+00 1.532859e+00 1.359950e+00 1.590846e+00 6.872728e-01 -8.392421e-01 1.010148e-01 4.009542e+00 3.665169e-01 -7.373453e-01 
-2.065251e+01 -2.014863e+00 -4.029578e+00 2.410257e+00 2.318339e+00 1.349850e+00 1.586015e+00 -2.690784e+00 -7.118722e+00 -6.854208e-01 1.582935e+00 3.100170e+00 
-2.291198e+01 -2.693016e+00 1.796252e+00 -1.017611e+00 -2.636546e+00 1.109686e+00 4.515431e+00 2.999851e+00 -1.147546e+01 -4.577930e+00 -5.779498e+00 5.848024e-01 
-1.940362e+01 9.165087e-01 -1.227240e+00 -5.047620e-01 -6.266713e+00 -5.899182e+00 -2.689473e+00 -3.666547e-01 -5.933725e+00 3.182568e-01 -2.992869e+00 -2.166401e+00 
-1.833903e+01 -1.685139e+00 -4.982121e+00 3.779843e+00 3.081814e+00 -1.513385e+00 2.928910e+00 2.695915e+00 -2.788308e+00 2.243330e+00 -3.341151e+00 2.122217e-02 
-2.038023e+01 -5.980015e-01 -3.232370e+00 2.394884e-01 -4.465497e+00 2.270131e+00 3.998235e+00 2.382186e+00 1.300151e-01 5.159453e+00 4.022017e+00 -4.115155e-01 
-2.153502e+01 4.181185e-01 -2.459911e+00 -2.260476e+00 -1.692795e+00 -1.931084e-01 -3.830934e+00 3.231974e+00 3.579713e+00 2.509728e+00 -2.600132e+00 -4.825058e+00 
-2.135852e+01 -1.594782e+00 -4.064331e+00 -2.074988e+00 4.158141e-01 2.805817e+00 -9.691158e-01 1.694885e+00 -1.050520e+00 3.088880e-01 1.079247e+00 2.130182e-01 
-1.960852e+01 -1.052957e+00 -2.246129e+00 -1.599329e+00 -3.042166e+00 -2.461136e+00 3.684742e+00 7.806605e+00 -1.091258e-01 2.688549e+00 -3.703028e+00 -2.380217e+00 
-1.814582e+01 8.578559e-01 -2.985942e+00 -7.501590e-02 -5.239373e+00 2.962735e+00 8.183866e-01 -7.166523e-01 -7.359785e-01 1.842511e+00 -1.635742e+00 2.526378e+00 
-1.939805e+01 -2.632050e-01 -4.703045e+00 2.363885e+00 2.445457e+00 1.234555e+00 -1.480414e+00 -4.592740e+00 -2.309580e+00 3.637978e-02 3.573804e+00 5.433635e+00 
-1.839582e+01 -4.267988e-01 -4.158585e+00 1.229833e+00 -4.398857e+00 -3.068413e+00 -1.225474e-01 -3.332870e-01 -7.453479e-01 -6.590580e+00 3.545516e+00 2.789978e+00 
-1.880339e+01 -1.645275e-03 -5.125871e+00 -4.123628e+00 -5.227431e+00 -2.517744e+00 -4.491494e+00 -6.299689e-01 4.387568e-01 -1.029213e+00 1.284502e-01 1.576653e+00 
-2.088525e+01 2.415260e-01 -4.060645e+00 -1.172338e+00 -6.717788e+00 -3.567471e+00 -4.355872e-01 1.806473e-01 -1.058105e+00 1.661246e+00 -3.980405e+00 4.025803e-01 
-2.116309e+01 -3.120295e-01 -1.665862e+00 1.688045e+00 -2.139247e+00 -1.015382e-01 -5.747282e+00 -5.187917e+00 -2.725845e+00 1.103194e+00 -1.154832e+00 6.856469e-01 
-2.064582e+01 -1.919116e+00 -4.528228e+00 -5.710981e-02 2.802221e-01 4.545428e-01 -4.447486e+00 2.197939e+00 -3.288898e+00 4.420871e-01 2.054660e+00 -3.027728e+00 
-2.016142e+01 -1.406776e+00 -4.106982e+00 -2.582089e-01 -3.166588e+00 -2.126489e+00 -6.370215e-01 -6.502796e-01 -2.382303e+00 4.248649e+00 -5.941998e-01 -1.236143e+00 
-2.011242e+01 -2.113780e+00 -4.752015e+00 3.242062e-02 -2.380000e+00 -3.341459e+00 -1.564799e+00 1.050745e+00 2.602934e-01 -2.324624e-01 -1.118461e+00 -4.566245e+00 
-1.983569e+01 -1.017448e+00 -2.933812e+00 1.726153e+00 -3.129608e+00 -5.990336e+00 -1.934095e+00 -2.210580e+00 -6.877350e+00 3.939073e+00 3.675203e+00 -3.684332e-01 
-1.953558e+01 -2.167360e+00 -4.497161e+00 1.030111e+00 1.569502e+00 -1.479254e+00 -3.831388e+00 -2.620421e+00 -2.231502e+00 6.123212e+00 2.145037e+00 -3.445467e+00 
-1.110794e+01 -2.209210e+00 -2.479393e+00 3.047530e+00 -2.606500e+00 1.244960e+00 -1.400113e+00 -5.995028e-01 -1.350339e+00 -1.049042e+01 -3.650859e+00 -8.656349e-01 
-1.552388e+01 5.249617e-01 -2.429897e+00 1.996121e+00 -5.853323e-01 1.239549e+00 -2.617792e+00 -5.672233e-01 -4.831267e+00 -7.758415e+00 -3.937420e+00 -5.190459e+00 
-1.770428e+01 -1.336710e+00 -8.171478e+00 -3.562570e+00 3.746677e+00 3.336508e+00 2.320070e+00 8.382075e-01 5.302193e-01 -3.250827e+00 -6.368167e-01 7.258090e+00 
-1.949438e+01 -8.370513e-01 -6.059457e+00 -1.802724e+00 -6.870263e-01 1.054328e+00 -1.611074e+00 3.369674e-01 -3.609239e+00 1.374481e+00 -8.410838e-01 -1.941735e+00 
-2.085240e+01 -1.633144e+00 -3.272915e+00 -6.934646e-01 -5.512483e+00 1.261387e-01 9.340464e-02 -1.002453e+00 -1.545310e+00 -2.280958e+00 1.092473e+00 3.260053e+00 
-2.071988e+01 -1.023155e+00 -3.357165e+00 -9.239480e-01 -4.269813e+00 6.882356e+00 5.250848e+00 -4.390357e+00 3.345926e+00 -1.515980e+00 -5.408805e+00 -6.492660e-01 
-2.007288e+01 -1.888680e+00 -4.520856e+00 1.251412e+00 1.724739e+00 1.553802e+00 7.095032e-01 6.039086e-01 3.132216e+00 1.638842e+00 -2.777580e+00 -1.160828e+00 
-1.949159e+01 -2.654243e-01 -2.926441e+00 -4.003335e+00 -6.586433e+00 6.322724e-01 2.661238e+00 5.573512e+00 -4.414109e+00 1.641694e+00 1.860679e+00 3.202452e-01 
-1.772878e+01 -1.602708e+00 -8.490046e+00 7.431544e-01 -4.417732e+00 -1.726077e+00 1.407718e+00 -3.786235e-01 -8.236349e+00 -4.662656e+00 -1.239331e+00 4.306635e-01 
-1.964749e+01 3.892677e-01 -1.705354e+00 2.151767e+00 -9.975011e-01 9.511032e-01 4.064444e-01 1.184941e+00 -3.591393e+00 -2.595830e+00 1.883825e+00 2.055345e+00 
-2.033346e+01 7.592558e-01 -2.644206e+00 -8.445184e-01 -2.708579e+00 8.204076e-01 2.054213e+00 7.643269e-03 -6.085419e+00 -9.444382e+00 -3.934481e+00 -3.068415e-01 
-2.074048e+01 1.218967e+00 -1.061901e+00 2.991754e-01 -2.643095e+00 1.713634e+00 4.855692e+00 -3.000160e+00 -1.034311e+01 -1.318699e+01 5.795760e+00 1.273800e+00 
-1.961353e+01 -9.280424e-01 -3.083355e+00 2.704560e+00 -1.986321e+00 -3.292150e-01 -1.709069e+00 2.142085e+00 -7.926406e-01 1.981820e+00 2.118470e-01 -7.721303e-01 
-2.031954e+01 9.161916e-01 -4.763072e+00 4.809910e-01 -1.076083e+00 3.309453e+00 -2.499381e+00 -3.597513e+00 -2.608060e+00 -5.783239e+00 -2.513796e+00 -8.825486e-01 
-2.104282e+01 -1.728574e+00 -5.527107e+00 6.414792e+00 -2.031005e+00 -4.572663e+00 -4.129031e-01 1.857009e+00 -5.503766e-01 2.137015e+00 -2.213274e+00 4.973452e+00 
-1.972433e+01 -1.274886e+00 -2.407255e+00 1.572803e+00 -3.834195e-02 4.374775e-01 1.819660e+00 4.187666e+00 -6.540231e-02 3.557317e-01 -2.520777e+00 -1.284969e+00 
-2.057957e+01 -1.772960e+00 -4.025892e+00 -4.497360e+00 -3.056034e+00 4.142326e+00 -1.593834e+00 4.221759e+00 6.064816e+00 -7.347085e-01 1.369850e+00 -2.462233e+00 
-2.002723e+01 -1.294543e+00 -3.505654e+00 -1.073165e+00 -2.903108e+00 -2.162233e-02 4.150643e-01 2.419544e+00 -1.272261e+00 -4.977527e+00 2.240925e+00 2.384685e+00 
-2.002611e+01 -1.635997e+00 -6.840868e+00 -2.659002e+00 -6.706232e+00 2.913814e-01 1.846881e+00 3.000576e+00 1.015194e+00 2.343535e+00 9.458860e-01 2.931193e-01 
-1.852945e+01 5.352005e-02 -5.153778e+00 1.001186e+00 -5.173118e+00 -1.212452e+00 -5.163423e-01 2.751044e+00 -7.477164e-02 3.306886e+00 6.751218e-01 -9.106319e-01 
-1.985852e+01 -6.918460e-01 -4.618269e+00 -5.148628e-01 -3.757154e-02 -4.867717e-02 -1.230299e-02 -2.095969e+00 -4.299138e-01 -6.662760e-01 -1.121883e-01 -2.649561e+00 
-2.038246e+01 -1.171214e+00 -4.139629e+00 -2.459280e+00 -4.026749e+00 -3.984116e+00 -1.881014e+00 2.600890e+00 2.719073e+00 -1.681032e-01 -2.706674e+00 1.979711e+00 
-1.992867e+01 -1.635680e+00 -7.203139e+00 -1.746251e+00 -1.213601e+00 -1.302579e-01 -2.520251e+00 4.387872e+00 3.661806e+00 3.098330e+00 7.129627e-01 7.236232e-01 
-2.144817e+01 -1.791665e+00 -3.487751e+00 -1.116783e+00 2.709772e-01 2.432044e+00 1.361896e+00 9.539062e-01 2.828828e+00 -1.712724e+00 1.929748e+00 2.182677e+00 
-1.891531e+01 -1.788495e+00 -2.933812e+00 -1.389047e+00 -1.839492e-01 -1.182067e+00 -4.140799e+00 -8.628170e-01 7.644525e-01 8.137491e+00 5.178550e+00 2.217956e-02 
-1.948769e+01 -1.876555e-02 -2.088688e+00 -2.939989e+00 -3.770973e+00 -2.352085e+00 -4.618071e+00 -4.143002e+00 -2.383642e+00 6.791570e-01 -3.612283e+00 -3.225268e+00 
-1.774437e+01 1.052203e+00 -7.274225e+00 -1.445979e+00 -1.308361e+00 1.892612e+00 -3.546930e+00 -3.279070e+00 -6.502577e+00 -4.793085e-01 -1.037384e-01 -6.227944e+00 
-1.939193e+01 1.611465e+00 -1.525272e+00 1.274606e-01 5.945490e-01 9.247782e+00 7.781026e+00 5.050148e+00 -1.758574e+00 2.526429e+00 5.638036e-01 -3.974739e-01 
-1.929449e+01 7.040905e-01 -1.093495e+00 -1.455162e+00 -4.315652e+00 5.234509e+00 1.120992e+00 2.501875e+00 1.622861e+00 4.665273e-01 1.352216e+00 7.322396e-01 
-1.880785e+01 -3.817788e-01 -3.195493e-02 -3.032734e+00 -7.342204e+00 2.672207e+00 -3.298313e+00 -6.707124e-02 2.575856e+00 3.595688e+00 1.524153e+00 1.800042e+00 
-1.786631e+01 2.218694e-01 -4.611951e+00 -1.361499e+00 -2.214362e+00 6.404110e+00 3.203840e+00 5.206468e+00 -4.401754e-01 5.073098e+00 -1.018164e+00 -2.955924e+00 
-2.043758e+01 -1.873779e+00 -4.397115e+00 2.243371e-01 -2.378779e-01 3.834733e+00 2.732012e+00 -2.331719e+00 -4.801821e+00 2.422151e+00 -9.847321e-01 1.551122e+00 
-2.058346e+01 -2.428920e+00 -3.488804e+00 3.427690e+00 1.194697e+00 2.692186e+00 6.464415e-01 -2.318299e+00 -4.288739e+00 -6.821621e-01 4.207179e+00 1.167211e+00 
-2.051498e+01 -2.061785e+00 -2.172410e+00 1.447920e+00 -2.063747e+00 4.650124e+00 9.250016e-01 -1.049132e-02 -2.095115e-01 -1.496835e+00 5.106175e+00 2.336816e+00 
-1.824827e+01 2.768035e+00 -4.158585e+00 -1.075461e+00 9.420034e-01 -1.171245e+00 -7.990143e-02 2.111619e+00 1.004486e+00 -6.764594e-01 9.385382e-01 5.184237e-01 
-2.061520e+01 -3.573665e-01 -3.494069e+00 -1.336706e+00 -4.581444e+00 8.932475e-01 -1.304840e+00 9.063935e-01 1.649631e+00 -6.499825e-01 -3.950279e+00 8.866976e-01 
-2.060184e+01 -1.661044e+00 -3.723648e+00 -1.126646e-01 -9.233943e+00 -1.886325e+00 -1.928197e+00 4.532224e+00 1.200349e+00 2.281212e+00 4.477094e-01 1.063175e+00 
-2.104894e+01 -9.591125e-01 -2.581546e+00 1.925415e+00 -5.534824e+00 -5.737686e+00 -9.083226e-01 4.499218e+00 2.997922e+00 5.023810e+00 5.053638e+00 -1.607289e+00 
-1.858958e+01 2.979595e-01 -1.833308e+00 1.664867e-01 -4.863347e-01 1.329455e+00 2.349530e-01 8.882589e-01 -2.215578e-01 -6.813475e-01 -3.116793e-01 3.193994e+00 
-2.007678e+01 4.862826e-01 -5.164836e+00 -3.025847e+00 1.521351e+00 -2.431584e+00 -8.277913e+00 -6.824382e+00 -2.131116e+00 3.030304e+00 2.131444e+00 4.917924e+00 
-1.947990e+01 -1.745377e+00 -7.437457e+00 -9.629741e-01 -3.574904e+00 4.247683e-02 -2.060218e+00 -4.809026e-01 2.066343e+00 4.858839e+00 5.027187e+00 3.140380e+00 
-1.986576e+01 8.873408e-01 -5.476558e+00 -8.206437e-01 -2.953184e+00 1.424355e+00 -4.132178e+00 -1.686250e-01 4.066025e+00 3.968808e+00 4.522765e+00 -2.174857e-01 
-2.117756e+01 -1.522496e+00 -4.757280e+00 -2.306849e+00 -3.164596e-01 2.191880e+00 -2.173185e+00 1.326028e+00 5.534195e-01 -1.110761e-01 -1.246312e+00 -2.589723e-01 
-1.953446e+01 -4.394805e-01 -4.195971e+00 -5.846506e-01 -1.819527e+00 -2.742729e-01 1.555589e-01 1.734419e+00 -1.189722e+00 -4.085867e+00 -3.890762e+00 -5.506554e-01 
-2.008513e+01 2.256739e-01 -4.857327e+00 -3.910132e+00 -5.079128e+00 -5.006789e+00 -2.994829e-01 2.666537e+00 1.153503e+00 -4.463142e-01 -1.607820e+00 4.187120e+00 
-2.017533e+01 -2.415604e+00 -4.518750e+00 1.750946e+00 -2.974756e+00 -2.693808e+00 -6.405140e-03 2.497885e+00 9.344389e-01 -3.847983e+00 -3.599425e+00 2.066195e+00 
-2.057177e+01 -1.840807e+00 -5.660853e+00 4.551641e+00 1.775586e+00 1.870552e+00 -8.906291e-01 5.977429e-01 3.907639e+00 -5.546657e-01 -7.946346e+00 -4.658154e+00 
-2.090195e+01 -2.169169e-01 -2.401463e+00 4.929284e-01 8.395390e-01 2.984572e-01 -1.895986e+00 -1.276408e-01 -3.961258e+00 -4.672840e+00 -9.061113e-01 -2.686899e+00 
-1.874994e+01 -6.106832e-01 -5.584502e+00 -8.050333e-01 1.937757e+00 5.548539e-01 -6.130052e-02 -2.217108e+00 5.608841e+00 -3.522194e-01 -5.431583e+00 -9.195675e-01 
-2.037856e+01 -1.259258e-01 -2.500456e+00 -1.363336e+00 -4.418502e+00 -2.798281e+00 3.788181e+00 -1.091435e-01 -2.279687e+00 -2.770984e+00 -1.815026e+00 3.428234e+00 
-1.981231e+01 -1.352562e+00 -5.079628e-01 -2.260698e-01 -2.503265e+00 5.314841e+00 2.132700e+00 -4.055230e+00 -2.564782e+00 1.639657e+00 1.021616e+01 2.000774e+00 
-1.916587e+01 -9.010938e-01 -4.769391e+00 -2.644769e+00 -3.883068e+00 -5.190151e-01 -2.552462e+00 1.097895e+00 1.828987e+00 5.556606e+00 5.273704e+00 1.278268e+00 
-1.853892e+01 -1.396314e+00 -4.933151e+00 -1.415898e-01 -6.544060e+00 -3.857166e+00 -6.440960e+00 -1.041987e+00 4.414921e+00 5.956611e+00 5.331383e+00 1.642393e+00 
-1.842422e+01 4.599681e-01 -1.431018e+00 -1.056178e+00 -1.056328e+01 -1.636588e+00 -2.903157e+00 -1.236390e+00 -5.889555e+00 4.392357e-01 2.122993e+00 1.582716e+00 
-1.806676e+01 1.035082e+00 -2.452539e+00 -2.201708e+00 -6.024805e+00 -5.352674e+00 -4.538676e+00 -2.624048e+00 -7.040198e+00 -8.528362e-01 -3.541377e+00 1.053602e+00 
-1.852555e+01 -1.691797e+00 -5.613463e+00 -9.198158e-01 -8.800973e+00 -6.294183e+00 -6.161946e+00 -1.367081e-01 9.789170e-02 2.214002e+00 6.020601e+00 6.738869e+00 
-1.832622e+01 -7.070640e-01 -8.221501e+00 -2.433110e+00 -5.164643e+00 -5.853397e+00 -3.648101e+00 2.998763e+00 3.517559e-01 3.762288e+00 3.592541e+00 9.293808e+00 
-1.933903e+01 -1.125877e+00 -4.697780e+00 -2.773325e+00 -6.694675e+00 -4.912721e+00 -1.122006e+00 2.065557e+00 -6.471930e-01 1.989152e+00 3.739863e+00 6.375062e+00 
-1.747655e+01 -2.714481e-01 -6.835076e+00 -6.362347e+00 -8.145741e+00 -4.220950e+00 -6.890558e+00 3.580520e+00 1.678631e+00 1.650248e+00 8.851317e+00 9.676443e+00 
-1.894705e+01 -6.097321e-01 -3.561469e+00 1.689881e+00 -3.843007e+00 -7.239438e+00 -9.063234e+00 3.170194e-01 3.801899e+00 2.686105e+00 1.579996e+00 2.853803e+00 
-1.947823e+01 -1.043129e+00 -8.103025e+00 -3.483600e+00 -1.287175e+00 -1.862184e+00 -1.910050e+00 -2.873580e+00 2.457178e+00 -3.611808e-01 -3.095002e+00 3.115488e+00 
-1.845373e+01 -7.447920e-01 -6.305886e+00 -5.866487e+00 -4.976663e+00 -1.097573e+00 -2.686298e+00 -3.786235e-01 3.729176e+00 8.099609e+00 7.061409e+00 6.679830e+00 
-1.731286e+01 2.164797e-01 -1.002654e+01 -7.655718e+00 -8.220470e+00 3.664963e-02 -1.126997e+00 -2.078560e+00 1.088154e+01 1.229803e+01 1.079994e+01 5.308218e+00 
-1.751497e+01 2.748154e-01 -5.847781e+00 -6.172727e+00 -7.512465e+00 -2.435330e+00 -1.072101e+00 8.113683e-01 1.000395e+01 -1.359236e-01 6.460363e+00 3.455360e+00 
-1.727388e+01 3.455158e-01 -5.114813e+00 -3.685158e+00 -6.845675e+00 -9.818805e+00 -7.358756e+00 -3.749481e+00 -2.230163e+00 -4.332794e-01 2.797516e+00 -4.451821e-02 
