-3.021811e+01 -6.711481e+00 -4.653939e+00 -8.963198e+00 5.437449e+00 -1.009003e+01 1.962068e+00 5.593684e-01 2.004469e+00 3.648728e+00 2.642109e+00 8.007852e-02 
-3.142798e+01 -7.050505e+00 -5.867685e+00 -1.141936e+01 2.665307e+00 -7.950440e+00 -1.559348e-01 -5.387881e-01 -3.343906e+00 2.939563e+00 -2.438431e-02 2.431350e-01 
-3.115081e+01 -6.029459e+00 -7.330090e+00 -1.075171e+01 5.317260e-01 -5.890535e+00 4.475409e+00 -2.724110e-01 -8.272399e-01 -1.876589e+00 2.282300e+00 1.356206e+00 
-2.902310e+01 -3.500464e+00 -4.663974e+00 -1.236887e+01 2.062997e+00 -3.500970e+00 -1.218138e+00 -3.264146e+00 3.372263e+00 3.727769e+00 5.002318e+00 -1.301309e+00 
-3.032041e+01 -5.927929e+00 -3.614701e+00 -1.077134e+01 1.870592e+00 -9.309676e+00 2.286963e+00 -4.905073e+00 -2.419473e+00 1.840546e+00 2.135318e+00 2.930123e+00 
-3.012896e+01 -4.771804e+00 -2.762026e-01 -1.127189e+01 -2.985735e+00 -1.273859e+01 -9.423410e-01 -5.569532e+00 2.589024e+00 6.643787e+00 -6.785821e-01 -1.606753e+00 
-2.788638e+01 -5.281664e+00 -3.023160e+00 -1.148713e+01 -1.070850e+00 -7.394115e+00 6.195086e+00 -3.248564e+00 5.948237e-01 5.602397e+00 1.507458e+00 -8.316601e-01 
-2.985578e+01 -7.145413e+00 -3.822660e+00 -1.059769e+01 4.443955e+00 -3.638547e+00 3.476818e+00 -5.231181e+00 -4.793564e+00 2.997190e+00 2.668022e+00 -2.660879e+00 
-2.951345e+01 -8.123198e+00 -2.617835e+00 -1.390788e+01 -5.278942e-01 -1.113427e+01 3.653141e+00 -4.141558e+00 -2.702322e+00 7.775239e+00 -3.308117e+00 -6.987236e+00 
-2.848302e+01 -4.212502e+00 1.034554e+00 -9.393287e+00 1.242787e+00 -4.636549e+00 -5.312068e-01 -7.399299e+00 -2.541351e+00 7.300993e+00 -2.536249e+00 -1.241598e+00 
-2.672965e+01 -5.450735e+00 1.503995e+00 -1.335650e+01 -2.992393e-01 -1.027956e+00 3.731269e+00 -6.324886e+00 2.344808e+00 9.695843e+00 -1.103811e+00 -6.485817e+00 
-2.065228e+01 1.425538e+00 1.109911e+01 -5.939097e+00 1.504107e+00 -4.059174e+00 3.180528e+00 -8.458871e+00 -3.761971e+00 2.980815e+00 -6.819545e+00 -9.021997e+00 
-1.430458e+01 3.877723e+00 1.488809e+01 -4.444758e+00 -2.100195e+00 -1.081250e+01 3.188121e-01 -1.033538e+01 -8.261339e+00 2.560418e+00 -3.218059e+00 -5.486043e+00 
-1.218030e+01 1.546933e+00 1.916101e+01 -3.675064e+00 -3.759736e+00 -1.425082e+01 -2.743562e+00 -6.203198e+00 -1.394499e+01 1.783233e+00 -1.977207e+00 -8.500327e-01 
-1.042293e+01 1.650229e+00 1.986685e+01 1.698548e+00 -1.026325e+01 -1.061666e+01 -6.750732e+00 -6.278511e+00 -1.052643e+01 -5.820770e+00 1.623429e+00 -6.709002e-01 
-7.993467e+00 -2.841500e-01 2.192024e+01 -1.114551e+00 -1.032301e+01 -1.117449e+01 -5.349119e+00 -7.710196e+00 -5.540470e+00 -9.846827e+00 5.187108e+00 -2.319072e+00 
-6.380683e+00 -1.102575e+00 2.230995e+01 -3.779703e-01 -1.140494e+01 -8.161693e+00 -8.459309e+00 -6.405022e+00 -7.998266e+00 -4.366226e+00 3.035902e+00 -6.678380e-01 
-5.847470e+00 -9.012796e-01 2.267346e+01 -3.914467e-01 -9.557372e+00 -9.001066e+00 -8.534876e+00 -7.181522e+00 -6.576663e+00 -3.520706e+00 4.079220e+00 6.312555e-01 
-6.196659e+00 1.135072e+00 2.096351e+01 1.336611e+00 -1.089305e+01 -7.190380e+00 -1.036769e+01 -3.599900e+00 -1.114778e+01 -2.435860e+00 4.032491e+00 2.846298e+00 
-6.729301e+00 2.099613e+00 2.102428e+01 2.306140e+00 -1.018080e+01 -6.854706e+00 -9.436127e+00 -5.101332e+00 -1.183995e+01 -2.994501e+00 2.866830e+00 1.226067e+00 
-8.011755e+00 3.569158e+00 2.198881e+01 3.516320e+00 -9.162604e+00 -5.190994e+00 -9.151363e+00 -6.457704e+00 -1.122228e+01 -6.108908e+00 1.895728e+00 -1.181887e+00 
-9.783418e+00 5.213513e+00 1.791214e+01 5.250538e+00 -7.158488e+00 -6.766370e+00 -5.256048e+00 -4.655762e+00 -8.104507e+00 -4.431411e+00 -1.604229e+00 -1.602925e+00 
-1.440117e+01 6.962930e+00 2.162865e+01 4.096574e+00 -5.118121e+00 -7.829026e+00 -2.059192e+00 -6.593118e+00 -7.266078e+00 -2.274529e-02 -7.297025e+00 6.098208e-01 
-1.683006e+01 4.870516e+00 1.836486e+01 4.438489e+00 -2.605307e+00 -5.670260e+00 2.756586e+00 -8.151313e+00 -3.740354e+00 -7.076629e-01 -3.322985e+00 5.780516e-01 
-1.747243e+01 2.436871e+00 1.767241e+01 1.476380e+00 -9.413850e-01 -2.395463e+00 1.580392e+00 -3.703037e+00 1.869714e+00 5.422586e+00 -8.652574e+00 -6.602560e+00 
-1.693807e+01 -2.754434e+00 1.296963e+01 3.548278e+00 5.138684e+00 -5.389091e+00 3.145428e-01 -5.330609e+00 -3.158121e-01 4.008979e+00 -1.051024e+01 -2.843073e+00 
-1.356334e+01 -4.391726e+00 1.213891e+01 3.440082e+00 6.730105e+00 -1.210258e+01 -7.435956e+00 -3.158040e+00 3.963256e+00 4.410798e+00 -6.582079e+00 2.916726e+00 
-7.803156e+00 -3.822272e+00 6.927661e+00 -1.990516e+00 7.350740e+00 -1.057005e+01 -7.200717e+00 1.223085e+00 2.922004e+00 -1.279234e-01 -6.751576e+00 2.058574e+00 
-1.546904e+00 -4.672039e+00 3.186625e+00 -1.034848e+00 -7.836371e-01 -1.558938e+01 -1.143502e+01 -2.481709e+00 -6.731676e-01 -2.550800e+00 1.361750e+00 2.944251e-01 
1.257466e+00 -9.109810e+00 6.258832e-01 4.556403e-01 -3.241478e+00 -1.391514e+01 -1.623884e+01 1.214552e+00 2.669050e+00 -4.540368e+00 7.444939e+00 -5.203566e+00 
3.433753e+00 -1.376874e+01 1.215751e+00 -4.067420e+00 -6.633856e+00 -7.988405e+00 -1.740649e+01 6.441184e+00 7.567145e-01 2.307549e+00 6.736792e+00 -7.282345e+00 
4.150990e+00 -1.533938e+01 -1.970332e-01 -5.688051e+00 -7.144545e+00 -3.757330e+00 -1.531325e+01 5.388289e+00 5.612497e-01 3.816572e+00 7.123363e+00 -8.070834e+00 
4.613908e+00 -1.623152e+01 -1.173062e-01 -7.747242e+00 -4.668380e+00 -1.285069e+00 -1.371397e+01 4.309424e+00 -2.858693e+00 5.471712e+00 7.572380e+00 -1.001603e+01 
4.666487e+00 -1.544753e+01 -3.216623e+00 -7.164293e+00 -3.499213e+00 -1.081333e+00 -1.078864e+01 2.603572e+00 -2.983791e+00 5.714818e+00 7.481048e+00 -1.301727e+01 
4.824222e+00 -1.529038e+01 -3.010337e+00 -7.859289e+00 -3.632262e+00 -5.614705e-01 -8.743217e+00 2.881450e+00 -2.952057e+00 5.021083e+00 8.389277e+00 -1.318492e+01 
5.366579e+00 -1.459909e+01 -4.506751e+00 -6.673367e+00 -4.795056e+00 -4.144955e-01 -8.630508e+00 3.362265e+00 -4.038381e+00 6.578601e+00 6.595757e+00 -1.276426e+01 
4.886516e+00 -1.406009e+01 -4.652824e+00 -5.683431e+00 -5.697725e+00 6.251531e-02 -8.820493e+00 1.962115e+00 -4.354804e+00 7.633217e+00 4.397398e+00 -1.034291e+01 
4.609336e+00 -1.283289e+01 -4.449883e+00 -7.495042e+00 -3.752964e+00 -1.248607e+00 -8.249259e+00 9.389002e-01 -3.063356e+00 4.409223e+00 8.090641e+00 -1.179932e+01 
4.580761e+00 -1.195576e+01 -5.102194e+00 -5.822815e+00 -4.591896e+00 -1.660212e+00 -8.653990e+00 3.794340e-01 -2.591482e+00 4.488264e+00 8.201514e+00 -1.201252e+01 
5.082541e+00 -1.168736e+01 -5.293427e+00 -4.626497e+00 -5.879773e+00 7.323603e-01 -1.159768e+01 2.072905e-01 -4.154740e+00 7.217543e+00 8.311964e+00 -1.181195e+01 
4.845939e+00 -9.562284e+00 -4.709692e+00 -5.681505e+00 -4.231784e+00 3.436848e-01 -1.255528e+01 -2.526600e+00 -8.893287e-01 6.800294e+00 9.541346e+00 -1.369475e+01 
4.749926e+00 -6.989145e+00 -5.915075e+00 -3.978475e+00 -5.046816e+00 7.695739e-01 -1.234224e+01 -4.804162e+00 -2.619077e+00 6.538609e+00 9.493342e+00 -1.122632e+01 
5.761488e+00 -6.615688e+00 -5.982536e+00 -1.686335e+00 -6.127549e+00 -1.540002e-01 -1.083603e+01 -9.825631e+00 -1.725458e+00 2.601985e+00 1.032511e+01 -5.512837e+00 
6.024951e+00 -3.466915e+00 -6.510519e+00 -3.168737e+00 -3.799173e+00 -6.558201e-01 -9.521939e+00 -1.271386e+01 -6.216547e+00 3.392711e+00 1.198184e+01 -4.015090e+00 
5.812923e+00 -4.633736e-01 -6.734088e+00 -3.514118e+00 -3.680463e+00 -2.750385e-01 -9.837868e+00 -1.162646e+01 -9.717436e+00 -2.641178e+00 1.579106e+01 -1.019596e+00 
5.460877e+00 2.048406e+00 -6.368348e+00 -3.392445e+00 -4.451277e+00 1.906955e-01 -5.450729e+00 -1.286263e+01 -1.535418e+01 -1.663399e+00 1.285312e+01 2.989068e+00 
4.628196e+00 4.486465e+00 -6.377826e+00 -3.169507e+00 -4.317430e+00 2.672731e+00 -6.164130e+00 -1.239443e+01 -1.471490e+01 -5.108456e+00 1.135356e+01 9.305753e-01 
4.092125e+00 7.220729e+00 -5.191957e+00 -5.768524e+00 -4.933285e+00 6.006168e+00 -5.352108e+00 -1.294314e+01 -1.598565e+01 -8.812679e+00 8.805586e+00 4.432846e+00 
3.425752e+00 7.138622e+00 -4.288756e+00 -5.712694e+00 -4.914961e+00 5.610351e+00 -4.286489e+00 -1.389141e+01 -1.877964e+01 -9.338885e+00 5.252528e+00 4.078791e+00 
3.126855e+00 8.426296e+00 -3.974308e+00 -6.840859e+00 -3.825862e+00 4.175183e+00 -4.275815e+00 -1.198707e+01 -1.873503e+01 -9.152146e+00 4.947943e+00 3.446086e+00 
2.834245e+00 1.035582e+01 -2.207491e+00 -4.730843e+00 -2.286625e+00 6.006920e+00 -5.072895e+00 -1.237180e+01 -1.649385e+01 -8.768908e+00 6.015900e+00 4.654082e+00 
2.259884e+00 1.229770e+01 -1.387920e+00 -5.438931e+00 -5.534002e+00 2.961042e+00 -6.345240e-01 -1.357791e+01 -2.171391e+01 -3.860804e+00 5.558811e+00 1.256688e+00 
1.034008e+00 1.109081e+01 -3.164215e+00 -5.540581e+00 -5.684978e+00 1.876585e+00 -3.710986e+00 -1.432140e+01 -1.924324e+01 -1.037713e+01 1.486642e+00 5.052920e+00 
-1.157138e+00 1.258111e+01 -1.757564e+00 -3.291180e+00 3.776772e-02 -7.456591e-01 -5.192436e+00 -1.235992e+01 -1.564761e+01 -1.094112e+01 -1.414767e+00 3.676892e+00 
-2.508745e+00 1.067410e+01 -1.573021e+00 -2.754819e+00 3.365328e-01 2.568232e+00 -3.785272e+00 -7.914616e+00 -1.025508e+01 -3.126131e+00 3.561809e+00 -3.367491e-01 
-1.038265e+00 9.091984e+00 -1.018277e+00 -4.511370e+00 -3.212000e+00 9.936074e-01 -8.101542e+00 -1.196073e+01 -2.239965e+01 -6.653063e+00 6.267808e+00 7.874224e-01 
-9.438230e+00 5.390530e+00 -2.317883e+00 1.269229e+00 -1.294725e+00 -1.930480e+00 -9.264073e+00 -1.675737e+01 -1.777150e+01 -1.053899e+01 -3.635641e+00 2.794625e+00 
-1.335303e+01 5.931732e+00 -1.352796e+00 2.761642e+00 -3.230324e+00 -7.883906e+00 -6.723409e+00 -7.557344e+00 -1.077387e+01 -4.860311e+00 -2.879065e+00 1.169801e+00 
-1.617969e+01 5.867282e+00 -1.383460e+00 -3.405151e+00 -4.097938e+00 -4.030606e+00 -2.148847e+00 -6.610926e+00 -2.462245e+00 -2.456958e+00 -5.984381e+00 -2.941061e+00 
-1.651916e+01 1.756616e+00 -1.124208e+00 -2.269670e+00 -4.987859e+00 -1.346715e+00 -4.686950e+00 -3.951606e+00 -9.288815e-01 -4.648065e+00 2.077544e+00 -3.928586e+00 
-1.735870e+01 2.627911e-01 -6.879604e+00 -2.738648e+00 1.050382e+00 -1.738022e+00 -7.225634e-02 -2.338271e-01 -5.365938e-02 7.018504e-01 -3.111268e-01 -3.031392e+00 
-1.897377e+01 -6.390657e-01 -1.733032e+00 -3.044754e+00 -2.383026e+00 -1.085468e+00 1.179077e+00 -2.176006e+00 -2.050619e+00 1.740721e+00 2.151460e+00 3.797472e-02 
-1.913551e+01 -1.333006e+00 -4.350642e+00 -2.057898e+00 -2.915566e-02 -1.136590e+00 1.168831e+00 1.364436e+00 -1.885509e+00 1.554908e-01 1.117488e+00 2.196751e+00 
-1.836398e+01 1.069739e+00 -3.647595e+00 -1.719833e+00 -2.109357e+00 -4.427551e+00 1.326704e-01 4.925886e-01 -2.175257e+00 2.162674e-01 -8.215762e-02 -2.787573e+00 
-1.846856e+01 -6.099309e-01 -3.541664e+00 6.258278e-01 -2.225278e+00 1.551060e+00 -1.563098e+00 -6.057025e+00 -1.097693e-01 -1.476975e+00 -3.387391e-01 -5.672832e+00 
-1.959271e+01 -7.470813e-04 -4.972289e+00 -3.718959e+00 -2.883756e+00 2.940368e+00 -1.883815e-01 -1.002537e+00 1.105310e-01 -1.058152e+00 -2.221469e+00 -1.700147e+00 
-1.973845e+01 -2.026062e+00 -5.397686e+00 -5.492451e+00 -3.276931e+00 2.876090e+00 -6.451973e-01 -8.415232e-01 9.089470e-01 2.656149e+00 4.502339e-03 -6.353033e-01 
-9.359933e+00 1.858588e+00 -2.151738e+00 -2.392882e+00 -2.814841e+00 -3.766352e+00 -1.311200e+01 -8.403592e+00 -6.997027e+00 -1.616478e+00 1.081380e+00 -2.801735e+00 
-7.661424e+00 1.621094e+00 -9.179212e-01 -1.308226e+00 -4.592693e+00 -4.573399e+00 -1.954841e+01 -1.362355e+01 -9.126443e+00 -5.297398e+00 1.250876e+00 -3.687829e+00 
-1.316501e+01 7.395437e-01 -5.765032e-02 1.288866e+00 -8.373466e+00 -6.670141e+00 -1.386169e+01 -5.220051e+00 -8.254002e-01 -5.095860e+00 -5.856514e+00 -2.858384e+00 
-1.893891e+01 -2.907613e+00 -3.229446e+00 1.974236e+00 -1.017072e+00 -1.134335e+00 -4.813748e+00 -3.298277e+00 6.031021e-01 3.428590e-01 -5.266037e+00 -3.553479e+00 
-1.894405e+01 -1.656138e+00 -3.546124e+00 -1.492275e+00 -4.913765e+00 -5.456000e+00 -2.034430e+00 2.897774e+00 1.349066e-01 2.174659e+00 6.366103e-01 -6.380175e+00 
-1.855086e+01 -6.391438e+00 1.302726e+00 3.046571e+00 -9.491644e+00 -8.603745e+00 1.810935e+00 4.545009e+00 -1.049470e+01 -5.971609e+00 1.226238e+00 -3.347936e+00 
-2.070371e+01 -9.395420e+00 2.786317e+00 5.158128e+00 -7.720963e+00 -1.052946e+01 2.517078e+00 7.320822e+00 -4.530492e+00 -2.588274e+00 1.432692e+00 4.170654e+00 
-1.934639e+01 -6.620103e+00 5.366015e+00 6.600101e+00 -4.054119e+00 -3.161161e+00 4.508709e+00 4.478229e+00 -9.369739e+00 -4.274273e+00 5.603415e+00 3.593067e+00 
-1.116417e+01 -5.288286e+00 9.513492e+00 5.133871e+00 -9.231519e+00 -6.567146e+00 -2.122377e+00 -2.868661e+00 -1.740955e+01 -7.256105e+00 1.651466e+00 -2.676572e+00 
-9.637113e+00 -1.073440e+00 7.866544e+00 9.770903e+00 -6.280118e+00 -6.120583e+00 -1.858107e+00 -2.430882e+00 -7.718177e+00 -7.233747e+00 3.709216e+00 -1.018831e+00 
-2.452737e+00 -7.030199e+00 8.595237e+00 8.650437e+00 -7.239354e+00 -1.037421e+01 -5.970304e+00 1.056368e-01 -5.756171e+00 -6.220089e-01 7.234237e+00 1.094397e+00 
9.168496e-01 -3.822713e+00 6.501707e+00 6.495371e+00 -4.387939e+00 -1.254914e+01 -1.177998e+01 -3.161379e+00 -9.835175e+00 -6.744385e+00 1.816715e+00 9.554548e-01 
1.327761e+00 -7.199269e+00 8.006484e+00 4.448115e+00 -6.959311e+00 -1.304307e+01 -1.708886e+01 -9.769378e-01 -9.347663e+00 -4.461012e+00 4.871903e+00 -1.508766e+00 
3.576629e+00 -6.508419e+00 4.145788e-01 6.603182e+00 -6.108428e+00 -8.177856e+00 -1.395092e+01 -8.655500e+00 -5.766749e+00 -4.182656e-01 6.728721e+00 -3.234639e+00 
4.522468e+00 -6.984730e+00 6.019093e-01 7.906248e-01 -5.825597e+00 -2.206763e+00 -1.451319e+01 -8.803529e+00 -5.951635e+00 1.885262e+00 8.960639e+00 -2.334383e+00 
4.934522e+00 -7.362600e+00 4.876154e-01 -3.339310e+00 -5.315306e+00 9.105346e-01 -1.349538e+01 -1.019997e+01 -6.817199e+00 2.491139e+00 1.007277e+01 4.754715e-01 
5.928938e+00 -6.474429e+00 -4.596305e-01 -5.455872e+00 -8.879375e+00 3.092981e+00 -1.284004e+01 -7.703517e+00 -6.804322e+00 -1.145695e+00 8.808134e+00 4.068074e+00 
5.931225e+00 -5.615832e+00 -1.841193e+00 -7.858519e+00 -1.143362e+01 4.586788e+00 -1.129114e+01 -6.666576e+00 -9.302131e+00 -3.812623e+00 9.565135e+00 7.937796e+00 
5.892934e+00 -3.413501e+00 -2.098215e+00 -1.031854e+01 -1.287605e+01 3.528644e+00 -5.828989e+00 -9.200127e+00 -9.406073e+00 -8.288363e+00 1.260333e+01 8.519977e+00 
5.710052e+00 -1.421734e+00 -4.015566e+00 -1.421629e+01 -1.389664e+01 4.740530e+00 -7.721146e+00 -8.888117e+00 -8.850033e+00 -9.380137e+00 1.046954e+01 6.875632e+00 
5.929510e+00 1.656409e+00 -5.922880e+00 -1.464946e+01 -1.875496e+01 3.103882e+00 -6.972828e-01 -9.599692e+00 -1.198529e+01 -1.013843e+01 8.195143e+00 6.879077e+00 
1.961832e-01 5.190117e+00 -1.214103e+01 -1.546228e+01 -1.820324e+01 -2.111363e-01 1.387420e+00 -8.554960e+00 -1.309553e+01 -9.463606e-01 1.169850e+01 9.750174e+00 
-7.661995e+00 6.011632e+00 -7.532474e+00 -9.657809e+00 -1.134000e+01 -3.669371e+00 2.267751e+00 4.896206e-01 -5.487579e+00 -1.451153e+00 5.371048e+00 5.482379e+00 
-2.532176e+00 5.398475e+00 -1.000345e+01 -1.495595e+01 -1.638037e+01 -4.009633e-01 8.114901e-01 -3.534604e+00 -6.239084e+00 -4.344812e+00 3.171839e+00 6.408280e+00 
-9.735411e+00 5.263293e-01 -1.386380e+01 -1.333879e+01 -1.804549e+01 -8.673662e+00 -3.989772e+00 -1.928179e+00 -6.461683e+00 -6.198340e+00 7.118265e+00 9.625775e+00 
-1.357192e+01 -8.593431e-01 -9.305424e+00 -7.739927e+00 -1.006448e+01 -3.457742e+00 -3.015943e+00 -6.822395e+00 -6.538490e+00 -1.766687e+00 3.772087e+00 1.138916e+01 
-1.536758e+01 -3.022489e-01 -1.036473e+01 -6.289868e+00 -6.182521e+00 -2.840146e+00 -1.922239e-01 -7.730229e+00 -5.052038e+00 -1.635372e+00 4.925854e+00 1.036527e+01 
-1.848171e+01 -1.683066e+00 -5.985881e+00 -1.917358e+00 -2.419675e+00 -2.045128e+00 -3.754960e+00 -2.914294e+00 -2.383139e+00 9.203942e-01 6.850379e-01 1.233306e-01 
-1.706552e+01 2.355646e+00 -4.279836e+00 -3.482544e+00 -8.382115e-01 8.635477e-01 -5.726953e+00 -7.920181e+00 -1.445828e+00 -4.024869e+00 -1.876953e+00 1.552180e+00 
-1.696608e+01 2.243861e-01 -6.659379e+00 -2.012078e+00 -6.362179e+00 1.175917e+00 -9.410602e-01 -6.159559e-01 1.894089e+00 -1.458396e+00 -2.328520e+00 1.340513e+00 
-1.880918e+01 -2.060936e+00 -7.294407e+00 -3.258451e+00 -5.686970e+00 4.842696e-01 1.460425e+00 2.897403e+00 -1.102292e-01 -1.524526e+00 3.377869e+00 3.929514e+00 
-1.863201e+01 -1.600958e+00 -6.522784e+00 -2.064829e+00 -2.436405e+00 2.830886e-02 -1.056758e+00 -6.678957e-01 6.198453e+00 -2.143943e+00 -1.531163e+00 -2.163288e+00 
-1.742728e+01 1.932749e+00 -3.018142e+00 5.892491e-01 -6.957717e+00 -5.453745e+00 -5.113453e+00 -2.022784e+00 -6.506317e-01 1.567308e-02 2.053756e+00 -5.543458e+00 
-2.008249e+01 -1.581976e+00 -4.466051e+00 -1.697501e+00 -1.009105e+00 -2.527026e+00 1.480399e-01 3.914682e+00 2.049081e+00 -2.366266e+00 7.071277e-01 2.122878e+00 
-2.197131e+01 -3.262970e+00 -3.923016e+00 -2.109878e+00 -9.883907e-01 -1.296345e+00 5.915873e+00 6.692350e+00 5.350129e-02 4.518161e-01 -1.574493e+00 1.694185e+00 
-2.104547e+01 -2.143044e+00 -2.382556e+00 -3.725119e+00 -1.702240e+00 -5.966842e+00 7.704712e+00 5.105588e+00 -3.465784e+00 2.319831e+00 2.638710e+00 2.256079e+00 
-1.820395e+01 -1.114053e+00 -6.774788e+00 -4.103228e+00 -5.763852e+00 -2.813082e+00 -2.991608e+00 -8.125853e-01 -8.750712e-01 -1.209955e-01 1.628102e+00 -6.620966e-01 
-1.926638e+01 -1.830608e-01 -6.128052e+00 -1.859218e+00 -3.770491e+00 -4.999663e+00 -1.233935e+00 1.514690e+00 1.937321e+00 4.334590e+00 4.927553e+00 4.506719e+00 
-1.954242e+01 -2.537688e+00 -4.928802e+00 1.465214e+00 8.400515e-01 2.749413e+00 -1.123787e+00 1.328078e+00 5.019204e-01 -1.808570e+00 1.047560e-01 -8.530948e-01 
-2.090888e+01 -3.921595e+00 -4.940510e+00 -4.561333e-01 3.979077e+00 3.056895e+00 -6.174468e-01 6.974309e+00 -6.142983e-01 3.291311e+00 -2.758846e+00 -6.953969e-01 
-1.956871e+01 -1.310733e-02 -4.069089e+00 1.526050e+00 6.289527e+00 2.766704e+00 -3.588030e+00 -4.680990e+00 -4.660648e+00 3.741625e+00 -1.867608e+00 -6.165829e+00 
-1.489152e+01 -8.633160e-01 -4.125957e+00 -3.491400e+00 -3.101656e+00 3.224545e+00 -1.234362e+00 -1.080075e+00 1.965376e+00 7.635717e-01 -5.540036e+00 -4.330868e+00 
-1.152422e+01 7.770659e-01 -4.085814e+00 -3.339310e+00 -4.767968e+00 2.721973e+00 4.985164e+00 3.236496e+00 1.028065e+00 -2.236210e+00 -1.204803e+01 -8.427568e+00 
-1.536301e+01 1.411853e+00 -1.385133e+00 -3.153720e+00 -2.752300e+00 6.748937e+00 3.205290e+00 1.870107e+00 -3.820401e-01 1.402828e+00 -6.571884e+00 -6.041431e+00 
-1.780219e+01 2.415241e+00 -4.211608e-01 4.515112e+00 1.774987e+00 6.980864e+00 7.551017e+00 3.680953e+00 -7.007626e-01 -9.630506e-01 -5.077000e+00 -7.500136e+00 
-1.799421e+01 2.501321e+00 -1.996187e+00 3.016923e+00 3.894626e+00 9.044528e+00 8.430068e+00 5.325591e+00 1.716784e-02 -1.411494e-01 -8.388346e+00 -3.698929e+00 
-1.648316e+01 2.452763e+00 -4.743701e+00 -3.960671e-01 8.249142e-01 7.270303e+00 4.190646e+00 1.277993e+00 -7.886068e-01 5.006263e-01 -6.818270e+00 -3.081534e+00 
-2.094260e+01 -2.381420e+00 -5.714364e+00 -1.936996e+00 -3.942978e+00 -1.098249e+00 -1.465423e-01 4.135426e+00 -1.645892e+00 5.035568e+00 4.442852e+00 2.249955e+00 
-1.898235e+01 6.004909e-01 -3.719517e+00 -1.182703e+00 -1.858793e+00 -7.753095e+00 -3.832235e+00 -3.525467e-01 -4.119348e-01 1.762764e+00 1.303977e+00 9.538899e-02 
-1.838284e+01 -1.889217e+00 -4.842384e+00 -2.498383e+00 -5.772900e-01 -2.795039e+00 2.031139e-01 -4.913003e-01 -7.817081e-01 3.122837e+00 2.786117e+00 2.422964e+00 
-1.227860e+01 6.857868e+00 8.667367e-01 7.632869e-01 -3.095680e+00 3.981973e+00 -4.966254e-01 -2.060022e-01 4.901487e+00 1.900692e+00 4.086442e+00 1.147601e+00 
-1.316329e+01 5.075785e+00 -8.552689e-02 7.426011e+00 3.765958e+00 2.294580e+00 -1.140437e+00 3.130252e-01 2.170959e+00 1.730959e+00 8.181661e-02 2.019533e+00 
-1.667061e+01 4.792382e+00 -1.434753e+00 1.889143e+00 -4.645560e-01 -2.142861e+00 -6.637169e+00 -1.492997e+00 3.719960e+00 2.060349e+00 -1.041789e+00 -9.219919e-01 
-1.633914e+01 2.456736e+00 -7.400339e+00 -2.154543e+00 1.911622e+00 1.613757e-01 -5.272272e+00 -2.508930e-01 -7.476742e-01 -4.120915e+00 -1.743565e+00 6.358487e-01 
-1.860801e+01 3.103442e+00 -1.601455e+00 -2.301151e-01 -2.195402e+00 4.177814e+00 3.420036e+00 -1.241460e+00 -5.646272e-01 3.183929e+00 8.562338e-01 -1.720816e+00 
-1.620941e+01 3.128162e+00 -3.901829e+00 -1.118786e+00 -2.504126e+00 1.951388e+00 1.673890e+00 1.622651e+00 -2.522954e+00 -3.585577e+00 -4.181938e+00 -3.868909e-01 
-1.507154e+01 3.551942e+00 -6.624255e+00 -3.515273e+00 -1.809397e+00 2.807301e+00 2.424861e+00 -7.257715e-01 -1.164359e+00 -5.336132e+00 -9.036171e+00 9.263649e-01 
-1.896977e+01 -9.198200e-01 -3.164215e+00 1.191066e+00 2.484967e-01 3.145607e+00 2.063678e+00 9.314802e-01 -1.718581e-01 -6.884537e-01 -1.551129e+00 2.098348e-01 
-1.978474e+01 -2.156728e+00 -3.633099e+00 -4.087735e-01 -3.936604e+00 5.199025e-02 4.462174e+00 -3.384488e-01 5.347606e+00 3.138878e-01 -5.711657e+00 -4.741606e-01 
-1.869488e+01 -9.352704e-01 -3.356564e+00 1.983092e+00 -2.275471e+00 -6.618345e-01 -1.417088e+00 -5.045311e+00 5.022905e+00 4.010869e+00 -1.176877e+00 1.900111e+00 
-1.971616e+01 -1.275619e+00 -6.537280e+00 -1.207639e-01 -4.769960e+00 -1.720432e-01 -3.059490e+00 -3.005559e+00 7.740555e+00 5.425106e+00 1.911446e+00 2.357129e+00 
-1.840512e+01 -1.152458e+00 -4.297119e+00 6.031013e+00 1.309312e+00 2.655064e+00 -3.298571e+00 8.309396e-01 2.635016e+00 -1.816442e+00 -1.108059e+00 -2.135336e-02 
-1.752558e+01 -1.291510e+00 -5.092158e+00 -3.677759e+00 -4.311057e+00 -2.362384e+00 1.552977e-01 2.969006e+00 -2.912044e+00 -2.967319e-02 1.027855e+00 3.211070e+00 
-1.733070e+01 1.392430e+00 -2.947335e+00 -2.251188e+00 -2.265114e+00 -7.501698e-01 -2.166778e+00 3.390831e+00 -3.387598e+00 -1.503742e+00 -1.398624e+00 5.910655e-01 
-1.858743e+01 1.965416e+00 -1.855689e+00 1.993488e+00 4.839236e-01 4.188340e+00 1.459571e+00 2.143395e-01 -5.761230e+00 -1.162070e+00 2.262499e-01 7.736429e-01 
-1.510183e+01 5.462484e+00 5.578643e-01 5.468947e-01 -5.861448e+00 -2.402605e+00 -5.025933e+00 -6.680303e+00 -4.178195e+00 -8.282714e-01 3.260788e-01 -2.885211e-01 
-1.625170e+01 4.959245e+00 8.005993e-02 6.143060e+00 1.751997e-01 -1.306119e+00 7.332700e-02 -4.146010e+00 -1.879070e+00 -3.652652e+00 -1.029730e-01 4.230331e-01 
-1.241405e+01 8.020173e+00 3.305937e+00 3.050037e+00 -2.140827e+00 -4.043011e+00 -4.520020e+00 -1.367229e+00 1.020247e+00 -2.734075e+00 -4.873944e+00 -3.713474e+00 
-1.136763e+01 8.349927e+00 2.816982e+00 3.836673e+00 -6.119468e-01 -4.054287e+00 8.307020e-01 1.587777e+00 1.037264e+00 -1.209621e+00 -4.842933e+00 1.508163e+00 
-1.217516e+01 8.726032e+00 3.710913e-01 -8.573445e-01 -5.042036e+00 -1.547067e+00 -3.085533e+00 -7.851313e-01 2.140605e+00 1.582954e+00 -1.977207e+00 -1.484303e-01 
-1.023090e+01 7.767671e+00 -4.863920e-01 -1.865378e+00 -6.600395e+00 -2.882719e-02 5.012488e+00 3.949927e+00 -3.207310e+00 1.702303e+00 -3.599532e+00 -7.685383e-02 
-8.065476e+00 7.066226e+00 -2.075356e+00 -3.553392e+00 -8.518865e+00 -2.537551e+00 -1.270651e+00 -1.140919e+00 -2.006467e+00 -4.209718e+00 -7.547234e+00 -4.922618e+00 
-9.619396e+00 9.889661e+00 4.937831e+00 3.054272e+00 -3.040708e+00 3.513232e+00 -6.170198e-01 1.846596e-01 -3.901325e+00 -4.491872e+00 -3.560875e+00 -5.425567e+00 
-1.103044e+01 1.009316e+01 4.789528e+00 5.487722e+00 1.337709e-01 -1.111029e+00 -4.225865e+00 1.446056e+00 -2.877550e+00 -8.231680e+00 -7.418519e+00 -6.682940e+00 
-1.184826e+01 8.649221e+00 4.571533e+00 6.960498e+00 -2.651118e+00 9.710537e-01 1.344300e+00 -1.006618e+00 -4.957295e+00 -6.602048e+00 -1.207038e+00 -3.721512e+00 
-1.018118e+01 9.303874e+00 3.875176e+00 2.889475e+00 -2.167801e-01 1.634133e+00 -3.277652e+00 -2.401202e+00 -8.575003e+00 -5.124516e+00 -5.198918e+00 -2.570164e+00 
-7.637421e+00 1.230079e+01 3.395699e+00 -2.141066e+00 -4.642487e+00 -2.400349e+00 -3.022774e+00 -7.009146e-01 -7.122606e-01 -2.390198e+00 -4.121616e+00 -8.274497e-01 
-6.884750e+00 1.144617e+01 -4.534976e-01 9.950808e-01 -1.711004e+00 -2.039866e+00 -2.839621e+00 1.490437e-01 -1.497799e+00 -3.767907e+00 -2.628856e+00 4.949192e+00 
-3.981510e+00 1.269765e+01 -2.897715e+00 -7.752248e+00 -7.282774e+00 2.256538e-01 1.316122e+00 -6.649277e-01 -5.458145e+00 -3.153213e+00 -2.700648e+00 -4.117704e-01 
-6.005777e+00 1.164702e+01 5.154920e-01 -1.497280e+00 -5.120511e+00 -4.462510e+00 -3.229836e+00 -8.979150e-01 -3.970773e+00 -5.406355e+00 -5.623722e+00 -5.921627e+00 
-8.483246e+00 1.184788e+01 2.042013e+00 -5.851216e-01 -2.297380e+00 -6.388596e+00 -9.482235e+00 -1.100109e+00 -2.322890e+00 -9.161298e-01 -3.678971e+00 -3.048234e+00 
-1.037550e+01 1.183596e+01 3.969956e+00 3.141676e+00 -4.330576e+00 -1.528273e+00 -2.163363e+00 -3.538314e+00 -2.035902e+00 8.369249e-02 4.097062e+00 3.723206e+00 
-9.417084e+00 1.082198e+01 -5.967832e-01 3.202897e+00 -1.507047e+00 -3.855439e+00 -3.942383e+00 -3.767220e+00 2.729759e+00 6.469959e+00 2.349419e+00 -2.164054e+00 
-8.984455e+00 8.516790e+00 -7.158861e-02 -5.739554e-01 -4.980689e+00 -7.017844e+00 -2.896403e+00 -8.734291e-01 -4.965595e-01 1.353703e+00 1.230911e+00 -4.470183e-02 
-7.441395e+00 8.501340e+00 -4.895350e+00 -2.480286e+00 -5.945899e+00 -9.144360e-01 -3.558572e+00 -2.935579e-01 2.051841e+00 1.045097e+00 -2.094453e+00 -6.528304e+00 
-1.277181e+01 6.696302e+00 4.051007e-01 9.569619e-01 -7.824420e-01 2.508089e+00 -4.276670e+00 -4.397314e-01 5.819460e-01 1.827635e+00 4.111505e+00 1.002917e+00 
-1.365307e+01 7.638330e+00 2.597872e+00 4.370337e+00 -1.032494e-01 1.534520e+00 3.409363e+00 3.684663e+00 3.459187e+00 -3.042681e+00 -1.717912e-01 -1.680243e+00 
-8.882728e+00 1.093366e+01 4.254855e+00 1.403993e+00 -1.789878e+00 -6.717504e+00 -7.413756e+00 -8.411522e-01 -4.906244e+00 -3.776409e+00 -1.698961e+00 4.492174e+00 
-1.088070e+01 9.002813e+00 2.107802e+00 3.157463e+00 -4.175503e-01 -5.541328e+00 -2.673118e+00 1.007164e+00 -3.738055e+00 -3.131169e+00 -1.475089e+00 1.594284e+00 
-1.143621e+01 7.740743e+00 3.613694e+00 2.157515e+00 -2.199784e+00 -1.686149e+00 -1.323590e+00 5.682724e-01 -3.812101e+00 -2.747616e+00 -2.450863e+00 1.948722e+00 
-1.233004e+01 9.614204e+00 3.672235e+00 5.526611e+00 5.082118e+00 3.777486e+00 -2.730753e+00 -8.329902e-01 -6.442827e+00 -7.777273e+00 -1.656905e+00 2.863905e+00 
-1.372851e+01 7.523998e+00 1.305514e+00 1.908780e+00 8.667412e-01 4.366890e+00 -6.597129e-01 1.292462e+00 -1.610938e+00 -1.864623e+00 2.003629e+00 2.462771e+00 
-1.111274e+01 8.564466e+00 2.232131e+00 2.405866e+00 -1.770359e+00 -1.220492e-01 -8.339006e-01 -4.309620e+00 2.072997e+00 3.515208e+00 1.539743e+00 9.026337e-01 
-1.224431e+01 8.702194e+00 4.341272e+00 3.309553e+00 -1.069257e+00 3.818083e+00 5.690027e+00 -6.641858e-01 -1.658310e+00 1.864478e+00 1.884684e+00 2.834433e+00 
-1.416971e+01 5.092559e+00 1.016713e+00 9.750587e-01 -3.546617e+00 -1.995886e+00 -2.864810e+00 -1.956142e-01 9.434407e-01 -5.234437e-01 -9.648998e-01 -7.952977e-01 
-1.522585e+01 4.555771e+00 -1.128459e-01 4.001470e+00 3.935258e+00 -1.465874e+00 -1.193803e+00 -1.214006e+00 -4.967873e+00 -5.020302e-01 1.947130e+00 -1.851754e-01 
-1.847885e+01 1.326214e+00 -2.981903e+00 1.483788e-01 -1.682721e+00 2.918566e+00 1.859178e+00 1.303963e+00 5.971232e-01 -2.361227e+00 -1.437281e+00 2.837112e+00 
-1.814623e+01 3.581077e+00 -1.146509e+00 4.396905e+00 -1.256084e+00 2.029198e+00 6.121227e+00 2.723776e+00 1.741857e+00 -4.322769e+00 -3.260539e+00 2.999403e+00 
-1.838912e+01 1.329746e+00 -1.547374e+00 2.439364e+00 -8.581292e-01 7.819785e-01 5.211772e-01 4.614015e+00 6.825780e+00 2.202371e+00 2.401245e+00 8.199571e-01 
-1.879089e+01 -5.525440e-01 -2.004550e+00 -5.585538e-01 4.596240e-01 3.254240e+00 3.025888e-01 6.072273e-01 3.482183e+00 3.664769e-01 -1.856138e+00 -1.806937e+00 
-1.669576e+01 6.437517e-01 -1.352238e+00 3.167859e+00 5.936984e+00 6.273429e+00 3.597975e-01 -1.769762e+00 6.360343e+00 -4.966768e-01 -1.046266e+01 -6.233577e+00 
-1.650030e+01 4.211009e+00 9.191447e-01 4.294099e+00 4.496652e-01 4.958924e+00 -2.657477e-02 7.555665e+00 7.022164e+00 1.275922e+00 -2.554775e-01 -1.130597e+00 
-1.650145e+01 3.664950e+00 6.453968e-01 2.067031e+00 -3.563347e+00 3.582773e+00 3.631794e+00 1.079138e+00 1.248366e+00 1.251674e+00 2.221553e+00 1.873318e+00 
-1.959671e+01 -7.476594e-01 -5.889986e+00 -4.173690e+00 -2.727204e+00 3.153125e+00 4.437839e+00 -2.375974e+00 -4.362622e+00 -4.429522e+00 3.555437e+00 2.643817e+00 
-1.907550e+01 4.005196e-01 -5.445076e+00 -8.072894e-01 -2.876984e+00 2.576126e+00 4.819515e+00 3.557039e+00 -4.712641e-01 1.308672e+00 3.241507e+00 5.172725e+00 
-1.945555e+01 2.254116e+00 -5.548777e+00 -4.753853e-01 -4.821348e+00 -1.139597e+00 6.176636e-01 2.095304e+00 2.717341e+00 2.535540e+00 1.271293e+01 6.234506e+00 
-1.964529e+01 2.054043e-01 -2.045250e+00 -3.053610e+00 -4.184779e+00 -3.539311e+00 -7.737034e-01 5.230986e+00 2.841058e+00 1.018330e+00 -1.276116e-01 6.879043e-01 
-2.004763e+01 -2.427771e+00 -4.230215e+00 1.340846e+00 3.050117e+00 -1.111405e+00 -5.905502e-01 5.084812e+00 2.071136e-01 -1.220643e+00 5.095940e-01 -6.537097e-02 
-1.905950e+01 -1.927724e-01 -7.614988e+00 -5.222682e-02 1.410494e+00 -2.492068e+00 3.671072e+00 2.420299e+00 -3.204551e+00 -5.382422e+00 7.581041e-01 -3.964599e-01 
-1.936011e+01 8.790379e-01 -2.277740e+00 -2.188041e+00 -5.011362e+00 -2.505224e+00 -4.646056e-01 -2.242786e+00 -1.702922e+00 -5.546193e-01 -2.649246e+00 -7.711837e-01 
-1.980703e+01 2.954575e-01 -3.086718e+00 8.999760e-01 5.735531e-01 -4.984252e+00 5.975978e-01 -3.104616e+00 -3.406476e-01 1.799923e+00 2.711352e+00 7.177597e-01 
-1.963672e+01 -1.131710e+00 -1.254670e+00 -8.095996e-01 -1.703037e+00 -2.629645e+00 -3.352365e+00 1.774761e+00 1.359206e+00 4.031967e+00 -3.651783e+00 3.767223e+00 
-1.868630e+01 -3.063882e+00 -5.159062e+00 1.445284e-01 -2.861050e+00 1.084950e+00 -5.248029e-01 -2.888695e+00 -9.449786e-01 6.558448e+00 -7.457010e-01 2.058574e+00 
-1.934525e+01 -2.226475e+00 -9.768174e+00 -3.564173e+00 -1.829713e+00 -2.569126e+00 1.524891e+00 4.793949e+00 7.337186e-01 3.943479e+00 2.750009e+00 2.118668e+00 
-1.858344e+01 -1.940967e-01 -6.424101e+00 -2.299703e+00 -2.039645e+00 -1.173428e+00 1.730245e+00 -2.097122e-01 -2.137543e+00 -1.137508e+00 -7.536189e+00 -2.766521e+00 
-1.923895e+01 -9.410090e-01 -6.372251e+00 -8.173004e-01 -2.818028e+00 -4.009556e+00 -1.811237e-01 1.341434e+00 -1.480322e+00 -1.267563e+00 -3.279230e+00 3.136432e+00 
-2.022194e+01 -1.042098e+00 -3.351546e+00 -1.199938e-01 -1.207485e+00 -5.513213e-01 -4.882484e+00 -1.172454e+00 -3.008167e+00 -7.873338e-01 -2.214672e+00 5.662660e+00 
