-2.441398e+01 -3.603006e+00 -1.727240e+00 -1.298013e+01 2.294009e+00 -1.473152e+00 4.463615e+00 2.418854e+00 -3.557181e+00 2.823803e+00 -1.149921e+00 -7.221192e+00 
-2.510957e+01 -2.982567e+00 -1.435635e+00 -1.645511e+01 2.446241e+00 -5.401068e+00 1.332108e+00 4.903728e+00 1.763107e+00 5.063336e+00 3.702160e+00 -3.712323e+00 
-2.679126e+01 -3.826689e+00 -3.448526e+00 -1.516898e+01 4.757121e+00 -1.984271e+00 5.045243e-01 3.506094e+00 -3.995543e+00 4.214243e+00 7.807339e+00 6.705483e+00 
-2.603105e+01 -1.914311e+00 -1.001226e+00 -1.575963e+01 3.050432e+00 -5.604553e+00 -4.118388e-02 -9.820101e-03 1.527507e+00 5.100055e+00 3.651454e+00 1.977074e+00 
-2.764107e+01 -2.915688e+00 -7.406895e-01 -1.645631e+01 -6.677474e-01 -3.734242e+00 2.478055e+00 6.306981e+00 5.308979e-01 7.224535e+00 2.175902e+00 3.293702e-01 
-2.636609e+01 -2.691101e+00 5.483669e-01 -1.461101e+01 2.570395e+00 -5.426887e+00 -4.704763e+00 1.289248e+00 8.680210e-02 6.110013e+00 7.412337e+00 4.038333e-01 
-2.315366e+01 3.113363e+00 2.626119e+00 -1.296697e+01 5.556169e+00 -5.907812e+00 -5.779339e+00 -6.575627e+00 -7.584275e+00 3.814877e+00 6.370323e+00 6.069522e-01 
-2.621296e+01 1.367279e+00 3.844318e+00 -8.807674e+00 3.002733e+00 -7.076647e+00 -1.061092e+01 -1.047499e+01 -5.391943e+00 7.145850e+00 9.573944e+00 2.266653e+00 
-2.602888e+01 8.946072e-01 3.734762e+00 -1.130859e+01 4.122483e+00 -2.976315e+00 -7.435309e+00 -1.135386e+01 -1.256888e+01 4.376508e+00 5.584884e+00 1.461081e-01 
-2.461815e+01 1.312601e+00 5.601577e+00 -7.126976e+00 1.990222e+00 -4.022622e+00 -4.720802e+00 -9.213967e+00 -7.628581e+00 -8.330991e-01 -6.766652e+00 -9.033129e+00 
-2.708394e+01 -6.828110e+00 3.784907e+00 -9.937971e+00 -5.770848e-01 -7.244144e-01 1.611578e+00 -1.011099e+01 -7.662982e+00 -4.340326e+00 -5.359046e+00 -1.408090e+01 
-2.723327e+01 -9.907707e+00 5.144821e+00 -1.311125e+01 -4.058459e+00 7.739353e-01 2.138842e+00 -8.972743e+00 -1.862633e+00 7.434360e+00 2.248412e+00 -5.686424e+00 
-2.559122e+01 -1.188154e+01 6.299248e+00 -6.521574e+00 -4.252301e+00 -1.712853e-01 1.864986e+00 -5.925012e+00 -4.433906e+00 1.230825e+01 -1.233586e+00 -3.847598e+00 
-2.285718e+01 -8.924857e+00 9.156974e+00 -6.417154e+00 -3.866309e+00 9.533521e-01 6.362567e+00 -1.174442e+00 1.991410e+00 9.910645e+00 4.826318e+00 -3.078559e+00 
-1.715508e+01 -4.556483e+00 1.654684e+01 -2.874018e+00 -4.414293e-01 -2.677870e+00 1.717833e+00 -8.998248e+00 2.677361e+00 1.109861e+01 -8.563318e-01 -9.835675e+00 
-8.819931e+00 -1.121930e-01 1.604484e+01 2.394853e+00 1.657003e+00 -6.881039e+00 -1.188999e+01 -1.325815e+01 -3.028645e+00 4.003228e-01 -3.456041e+00 -3.419435e+00 
-5.117715e+00 -3.523926e+00 2.095089e+01 -2.644053e+00 -4.023277e+00 -7.023697e+00 -1.236473e+01 -5.669521e+00 -8.638220e+00 -2.260051e-01 -1.686900e+00 3.670154e-01 
-3.742281e+00 -3.293464e+00 2.047015e+01 -1.398575e+00 -7.693419e+00 -3.635344e+00 -1.309127e+01 -5.186640e+00 -9.685911e+00 -4.268636e+00 1.534975e+00 -1.339845e+00 
-3.683636e+00 -7.452841e-01 1.838531e+01 -2.021114e+00 -9.547265e+00 -3.940352e+00 -1.068590e+01 -4.405902e+00 -1.214616e+01 -2.604373e+00 2.435518e+00 -1.344396e+00 
-3.076012e+00 1.968965e-01 1.739385e+01 -1.172197e+00 -1.147892e+01 -4.546869e+00 -9.636585e+00 -5.066460e+00 -9.249112e+00 -5.109335e+00 2.194156e+00 5.515185e-01 
-3.312763e+00 1.501037e+00 1.783862e+01 1.408434e+00 -8.193417e+00 -6.285900e+00 -1.091325e+01 -1.089519e+01 -7.108905e+00 -4.798444e+00 7.196185e-01 3.831206e+00 
-3.710786e+00 2.640692e+00 1.641984e+01 8.727789e-01 -2.082828e+00 -1.073719e+01 -1.152311e+01 -7.930029e+00 -8.683046e+00 -7.131490e-01 -3.927102e+00 8.324100e-01 
-5.387046e+00 1.577857e+00 1.329667e+01 6.503535e+00 1.509169e+00 -1.437498e+01 -1.678011e+01 -7.035596e+00 -1.865760e+00 1.656825e+00 -8.978966e+00 -2.720309e+00 
-6.112503e+00 5.794398e+00 1.344384e+01 1.084809e+00 2.415456e+00 -1.216815e+01 -1.784907e+01 -6.720881e+00 1.310151e+00 2.085218e+00 -9.465239e+00 -2.998305e+00 
-4.625752e+00 1.436417e+00 1.166423e+01 -1.939012e+00 5.360974e+00 -1.789767e+01 -1.867144e+01 -2.770502e+00 9.656114e-01 7.164734e+00 -1.023648e+01 2.547131e+00 
-1.635960e+00 -1.429438e+00 8.506723e+00 -3.529239e+00 4.974982e+00 -1.290638e+01 -1.804073e+01 -8.311944e-01 -1.700527e+00 2.290148e+00 -9.170635e+00 2.626558e+00 
2.818863e+00 -5.101909e+00 2.599411e+00 6.970170e-01 -9.806177e-02 -1.084090e+01 -1.980656e+01 2.428365e+00 1.162640e+00 -7.279276e+00 -1.462271e+00 4.043012e+00 
4.148685e+00 -7.185099e+00 -2.129491e+00 1.019845e+00 -7.431867e-01 -1.265651e+01 -1.597458e+01 1.617798e+00 2.401104e+00 -4.075946e+00 5.580827e+00 1.045044e+00 
5.643581e+00 -9.830887e+00 -2.946529e+00 -3.891922e+00 -1.481292e-01 -1.027464e+01 -1.497899e+01 2.832135e+00 4.841546e+00 7.552770e-01 3.134757e+00 -2.890333e+00 
6.000879e+00 -1.054080e+01 -4.481406e+00 -3.581051e+00 -2.356507e+00 -5.406757e+00 -1.244412e+01 5.673034e-01 2.173323e+00 1.473578e+00 7.492453e+00 -7.687828e+00 
4.767169e+00 -8.723316e+00 -6.580415e+00 -6.752736e+00 2.963829e+00 -7.068332e+00 -1.117307e+01 2.378218e+00 1.173586e+00 7.615717e-01 7.633416e+00 -7.129768e+00 
5.309089e+00 -8.450377e+00 -6.934701e+00 -8.555390e+00 3.471320e-01 -1.099002e+00 -1.232864e+01 1.393433e+00 -7.508293e-01 5.542087e+00 6.362718e+00 -9.605253e+00 
4.968624e+00 -8.387114e+00 -5.707236e+00 -9.645831e+00 6.806890e-01 -1.849489e+00 -1.046537e+01 2.651241e-01 9.770787e-01 6.007549e+00 2.579524e+00 -7.244359e+00 
5.035414e+00 -7.518590e+00 -8.086948e+00 -7.635132e+00 1.417153e+00 -4.201601e+00 -9.802182e+00 2.088143e+00 -2.408370e+00 6.046017e+00 5.318169e+00 -9.269342e+00 
6.304419e+00 -6.982655e+00 -9.437052e+00 -6.963968e+00 8.819734e-01 -3.231874e+00 -1.167708e+01 1.997792e+00 -1.088592e+00 5.409547e+00 6.289701e+00 -1.140312e+01 
5.463303e+00 -8.313457e+00 -6.098586e+00 -8.887385e+00 -4.153807e-01 -1.951888e+00 -1.119552e+01 1.724144e+00 -2.752909e+00 4.981154e+00 7.077675e+00 -1.231116e+01 
5.670731e+00 -7.417820e+00 -6.495931e+00 -8.327020e+00 -7.303316e-01 -1.026797e+00 -1.374684e+01 1.792016e+00 8.858618e-01 9.367757e-01 8.401109e+00 -1.132825e+01 
5.213520e+00 -7.900434e+00 -6.324239e+00 -7.473319e+00 -1.177555e+00 -8.338149e-01 -1.399263e+01 3.961117e-01 -1.395081e+00 4.789165e+00 7.288106e+00 -1.233557e+01 
5.009349e+00 -7.998944e+00 -5.994480e+00 -6.384472e+00 -1.325727e+00 -3.725927e+00 -1.288517e+01 5.106719e-01 -3.716159e+00 5.388915e+00 8.294119e+00 -1.079708e+01 
5.009892e+00 -6.822687e+00 -4.004482e+00 -8.024518e+00 -2.551702e+00 -2.400430e+00 -1.392567e+01 -1.619905e-01 -1.831358e+00 4.051979e+00 9.674343e+00 -1.099689e+01 
4.983285e+00 -6.800545e+00 -2.279927e+00 -5.033776e+00 -6.119003e+00 -1.538792e+00 -1.099665e+01 -4.370885e+00 -3.267372e+00 4.829731e+00 1.288810e+01 -1.139609e+01 
4.906178e+00 -5.696138e+00 -3.108956e+00 -4.780695e+00 -5.817245e+00 -2.778081e+00 -1.237836e+01 -4.965301e+00 -3.589498e+00 3.872229e+00 1.287188e+01 -9.808372e+00 
5.502942e+00 -3.320577e+00 -2.957976e+00 -4.404063e+00 -5.211362e+00 -2.968876e+00 -1.324965e+01 -8.990899e+00 -6.020557e+00 6.358656e+00 1.446101e+01 -8.722865e+00 
4.608068e+00 -1.532016e+00 -1.568084e+00 -3.820980e+00 -4.867995e+00 -1.707706e+00 -1.340081e+01 -1.142995e+01 -7.131839e+00 4.800355e+00 1.543609e+01 -5.211928e+00 
4.204615e+00 -1.743950e+00 1.155014e+00 -3.217172e+00 -6.640989e+00 -4.057192e+00 -1.421155e+01 -5.034037e+00 -1.030462e+01 3.695485e-01 1.836844e+01 -3.819881e+00 
4.776400e+00 9.793364e-02 1.030741e+00 -5.661099e+00 -4.977602e+00 -1.894562e+00 -1.480337e+01 -7.216731e+00 -1.135179e+01 5.604893e-01 1.727419e+01 -1.683203e+00 
4.705809e+00 5.227057e-01 -4.319459e-03 -5.877912e+00 -4.003317e+00 -2.238080e+00 -1.347619e+01 -1.201572e+01 -1.296503e+01 5.313028e+00 1.430433e+01 -2.857652e+00 
4.431591e+00 1.175680e+00 -3.220869e-01 -3.424419e+00 -4.661636e+00 -6.715188e+00 -1.234468e+01 -9.731433e+00 -1.298483e+01 5.601396e-01 1.630621e+01 -3.750382e+00 
3.155527e+00 3.372293e+00 1.477142e+00 -2.167782e+00 -9.591920e+00 -2.477011e+00 -1.064220e+01 -1.207062e+01 -1.302028e+01 -1.154131e+00 1.460705e+01 2.739494e+00 
1.409762e+00 6.839608e+00 -4.011023e+00 -1.150276e+00 -2.333790e-01 -2.666826e-01 -8.923676e+00 -1.041101e+01 -1.060955e+01 -1.820326e+00 1.213664e+01 -1.473052e+00 
1.146920e-01 3.821467e+00 -4.274285e+00 -1.887599e+00 -1.877095e-01 -1.577739e+00 -1.247579e+01 -1.637203e+01 -1.698013e+01 1.258507e+00 1.353360e+01 -9.051920e-02 
-3.443627e+00 2.196488e+00 -6.905444e-01 -8.533541e-01 -2.356168e+00 -3.010448e+00 -1.493729e+01 -1.016546e+01 -9.339808e+00 -1.803890e+00 9.971481e+00 1.424392e+00 
-3.285613e+00 5.130579e+00 -4.856035e-01 -3.068512e+00 -1.716118e+00 -5.906498e+00 -1.866463e+01 -1.860357e+01 -1.201377e+01 -2.148003e+00 1.303870e+01 7.164496e-02 
-1.054343e+01 4.183879e+00 -3.112226e+00 -1.919882e+00 -3.281062e+00 -7.883147e+00 -1.437033e+01 -1.989486e+01 -1.378650e+01 -1.931184e+00 3.592635e+00 3.963870e-01 
-1.598490e+01 3.743743e+00 -3.550451e+00 -3.284129e+00 -3.645742e+00 -7.719922e+00 -1.133345e+01 -5.297309e+00 -1.356509e+00 -3.378627e+00 -3.736083e-01 -1.531381e+00 
-2.021383e+01 1.291362e+00 -4.879842e+00 -4.588575e-02 1.069078e+01 -6.250787e-01 -3.847909e+00 3.357815e+00 3.870477e+00 -7.441891e+00 -7.017648e+00 7.372627e-01 
-2.019862e+01 -1.790494e+00 -4.025740e+00 6.651328e-01 2.216878e+00 7.791865e-01 -3.037166e+00 -2.390076e+00 3.965343e+00 9.941279e-01 -2.742097e+00 -4.144338e-01 
-1.917071e+01 -4.786718e-01 -5.863122e+00 -3.157788e+00 -1.164700e+00 -3.156940e-01 -4.553601e+00 -1.889470e+00 5.371646e+00 7.514302e-01 -4.363176e+00 -1.184714e+00 
-2.001943e+01 -6.454175e-01 -4.971956e+00 -1.435241e+00 -6.367987e+00 -4.722347e+00 -3.359539e+00 2.143477e+00 1.014608e+00 -2.176679e+00 -1.253869e+00 2.793272e+00 
-1.945471e+01 -5.999945e-03 -5.481038e+00 -2.480646e+00 -2.224234e+00 2.864465e-01 -1.176305e+00 -1.987603e+00 -2.394296e+00 -3.513615e+00 -4.183169e+00 5.119832e+00 
-2.044841e+01 -2.219333e+00 -2.668551e+00 -4.233154e-01 3.060920e+00 3.233259e+00 -1.738052e+00 -3.574584e+00 -3.951238e+00 2.397508e+00 -2.431775e+00 1.692873e+00 
-2.022143e+01 -5.234085e-01 2.947399e-02 8.408946e-01 -2.828764e+00 9.909859e-01 2.346540e+00 5.275075e+00 -2.232712e+00 -1.969793e-01 2.683979e+00 -6.543706e-01 
-1.963716e+01 -1.287998e+00 -3.043004e+00 -2.751662e+00 -2.419091e+00 3.716372e+00 3.807642e+00 -1.291596e+00 -2.481344e+00 -9.883696e-01 -5.242058e-01 -1.681962e+00 
-2.076389e+01 -1.625104e+00 -4.226320e+00 -1.100457e+00 -1.905224e+00 1.586667e-01 1.502918e+00 2.620307e+00 6.893546e-01 2.628874e-01 -4.998668e-01 -3.594139e-01 
-1.895623e+01 1.670946e+00 -6.223403e+00 -2.732930e+00 -7.098700e+00 -1.233783e+00 -2.631393e+00 -1.488726e+00 2.388073e+00 -2.849169e+00 4.432694e-01 2.779207e+00 
-2.042180e+01 -1.448869e+00 -6.042445e+00 -9.661446e-01 5.020702e-01 2.555413e+00 5.418137e-01 2.219995e+00 1.979943e+00 1.757891e+00 -5.034527e+00 -2.427007e+00 
-1.837358e+01 3.925627e-01 -4.580606e+00 -4.161344e+00 -1.584183e+00 -4.614697e+00 -7.936911e+00 -6.677842e-01 3.239257e+00 2.322321e+00 4.181841e+00 8.340648e-01 
-1.898338e+01 1.978003e-01 -1.959979e+00 -8.294410e-01 -4.123412e+00 -8.298765e-01 1.303640e+00 -1.014682e-01 -2.927524e+00 5.501932e-03 5.993018e-02 -2.671908e+00 
-1.856363e+01 2.016186e+00 -3.869853e+00 -6.050086e+00 -3.429234e+00 1.069317e+00 -3.739650e+00 2.675642e+00 -1.490989e+00 -3.781492e+00 -4.324275e-01 1.336976e-01 
-1.864508e+01 -1.725423e+00 -5.828238e+00 -5.824089e-02 -2.406912e+00 1.571246e+00 -8.062178e-01 -1.133806e+00 -8.477798e-01 1.043087e+00 9.491750e-02 -2.882473e+00 
-1.838933e+01 -9.454692e-01 -4.136931e+00 1.701769e+00 -3.493510e+00 -3.441382e-01 -3.214391e+00 3.228124e+00 1.661987e+00 3.822570e+00 -1.846118e+00 2.161577e+00 
-1.903605e+01 -2.392857e+00 -2.969422e+00 -1.720207e+00 -6.871705e+00 3.345827e-01 1.374780e-02 3.459647e-01 9.744725e-01 -1.228619e+00 5.698973e+00 4.319638e-01 
-1.798316e+01 4.128976e-01 -3.081703e+00 -2.226369e+00 -2.409619e+00 5.407267e+00 -3.145826e+00 -2.032562e+00 -2.333312e+00 7.811554e-01 4.468189e-01 -2.961900e+00 
-1.552171e+01 3.547625e+00 -2.924182e+00 3.175946e-01 -2.909278e+00 -2.994256e+00 -6.315023e+00 -4.584875e+00 -3.927782e+00 2.331064e+00 2.451744e+00 3.289694e+00 
-1.751292e+01 -9.436391e+00 1.695533e-01 -5.812150e+00 -1.694416e-01 -9.931021e-01 -5.017914e+00 1.690425e+00 -5.068775e+00 1.056026e+00 -3.691318e+00 -1.580609e+00 
-1.836164e+01 -1.636605e+01 -1.430730e+00 -1.420807e+01 -2.413002e+00 -7.061768e+00 -8.503068e+00 -6.993422e-01 -8.176924e+00 1.806151e+00 -5.478206e+00 -1.596044e-01 
-2.123142e+01 -9.848511e+00 1.501669e+00 -1.209693e+01 1.943876e+00 -6.749654e-01 -9.873153e+00 4.782683e+00 -4.707556e+00 4.471838e-01 2.318244e-01 -4.086423e-01 
-2.467408e+01 -3.000191e+00 4.331053e+00 -8.031692e+00 1.524730e+00 -5.724019e+00 -1.728830e+00 2.361358e+00 -9.410175e+00 5.671338e-01 7.640008e+00 2.444951e+00 
-2.681135e+01 -7.497804e+00 1.507665e+00 -8.427455e+00 2.566335e+00 -2.534774e+00 2.734269e+00 -2.021322e+00 -4.621030e+00 -1.437395e+00 -2.150862e+00 -1.691477e+00 
-2.771003e+01 -4.966343e+00 -3.287189e+00 -1.099015e+01 4.288585e+00 2.396126e+00 -2.192106e-01 -3.179893e+00 7.237564e-01 4.091846e+00 -4.097526e-02 -2.683078e+00 
-2.391930e+01 -3.405984e+00 -3.195075e+00 -1.068685e+01 1.684066e+00 -8.009948e-01 -1.010307e+00 4.159976e-01 -4.113343e+00 3.242054e+00 9.998813e-02 -2.478718e+00 
-2.194547e+01 -2.989346e+00 -6.602762e+00 -1.626221e+01 -6.457075e-02 -1.073763e+01 -7.219191e+00 -3.207992e+00 -3.352855e+00 -3.305888e+00 1.185102e+00 -1.879289e+00 
-2.354191e+01 -3.042668e+00 -4.689072e+00 -1.420727e+01 -3.411981e+00 -1.135202e+01 -4.591692e+00 -8.935132e+00 -1.208999e+00 5.660988e+00 -4.144632e+00 -3.163365e+00 
-2.214802e+01 -1.798628e+00 -5.020466e+00 -1.675602e+01 -5.007033e+00 -7.046890e+00 -3.690732e+00 -6.830685e+00 -5.419047e+00 1.206401e+00 -4.456475e+00 -1.961199e+00 
-2.771655e+01 -4.020999e+00 -3.433264e+00 -1.858538e+01 -2.461716e+00 -7.718172e+00 -9.221591e+00 -4.121015e+00 -3.399767e+00 -2.606121e+00 -5.794756e-01 2.544648e+00 
-2.922393e+01 -3.156543e+00 3.260018e+00 -1.647703e+01 -4.805072e+00 -4.819057e+00 -1.299801e+00 -1.384109e+00 -2.108255e-01 6.341870e+00 -2.184471e-01 -1.517444e-01 
-2.928094e+01 -6.993048e+00 3.784907e+00 -1.647823e+01 -4.345670e+00 -1.406199e+00 -1.166682e+00 3.713599e+00 -2.137326e+00 3.182953e+00 -3.304937e+00 -4.257559e+00 
-2.696828e+01 -6.193663e+00 4.550710e+00 -1.010935e+01 -4.610215e+00 -2.977524e-01 -2.346711e+00 -3.203237e+00 -2.104487e+00 4.528981e+00 1.329108e+00 -3.237828e+00 
-2.712847e+01 -7.493285e+00 3.282366e+00 -1.147399e+01 -5.043231e+00 -2.100235e+00 -1.420089e+00 -1.064100e+01 -3.598999e-01 1.131472e+01 -7.131230e+00 -6.126997e+00 
-2.629984e+01 -6.877366e+00 8.708394e+00 -7.173607e+00 -4.692420e+00 -4.333319e+00 -6.643812e+00 -1.100067e+01 2.515777e+00 1.201834e+01 -4.532535e+00 -6.857150e+00 
-2.035067e+01 -1.905273e+00 1.567638e+01 -1.276617e+00 -1.472208e+00 -3.520692e+00 -5.325852e+00 -1.125530e+01 1.248644e+00 9.408813e+00 -5.392513e+00 -4.559962e+00 
-1.110001e+01 -1.735816e+00 1.968309e+01 1.035388e+00 -4.942081e+00 -8.564494e+00 -1.866359e+00 -1.099765e+01 -2.534510e+00 2.520464e-01 -5.480235e+00 -2.162792e-01 
-7.901165e+00 -4.365336e+00 2.500174e+01 -8.609266e-01 -7.586519e+00 -9.501400e+00 -8.867141e+00 -8.898819e+00 -6.492800e+00 -6.915229e+00 -3.705659e-01 2.551681e+00 
-6.528988e+00 -5.586329e+00 2.628262e+01 -4.328807e-01 -8.757351e+00 -8.494040e+00 -1.173000e+01 -1.001589e+01 -6.520426e+00 -8.970957e-01 -1.092116e+00 2.624076e+00 
-6.684831e+00 -4.100531e+00 2.453626e+01 4.418723e-02 -6.949851e+00 -8.736471e+00 -1.089440e+01 -9.342361e+00 -8.568375e+00 -3.463607e+00 -2.407579e-01 5.157477e+00 
-7.151816e+00 -1.696050e+00 2.169053e+01 2.004669e+00 -6.163658e+00 -9.647121e+00 -6.477012e+00 -1.082170e+01 -6.447453e+00 -7.841607e+00 -1.739128e+00 4.791780e+00 
-7.635092e+00 3.807459e+00 1.829210e+01 -1.858505e+00 -8.158572e+00 -7.600456e+00 -6.558407e+00 -8.912653e+00 -8.251461e+00 5.325127e-01 -4.932607e+00 9.242479e-01 
-8.919845e+00 4.348365e+00 1.831064e+01 -9.103472e-01 -9.150109e+00 -9.673816e+00 -9.437709e+00 -6.514240e+00 -8.624146e+00 4.554860e+00 -3.909862e+00 -4.956448e-02 
-1.147469e+01 3.599592e+00 1.913640e+01 -7.170490e-01 -4.529702e+00 -7.877021e+00 -1.170194e+01 3.105159e-01 -3.355462e+00 -6.616229e+00 -7.517612e+00 8.938136e+00 
-1.417126e+01 -1.401421e+00 1.223109e+01 3.371308e+00 5.654951e+00 3.039506e-01 -9.988229e+00 -5.263157e+00 1.402931e+00 1.716276e+00 -6.621632e+00 4.105479e+00 
-1.597187e+01 -4.174189e+00 6.436602e+00 -2.026694e+00 8.026724e+00 -1.354999e+00 -6.953353e+00 -7.802068e+00 6.387541e+00 6.309347e+00 -9.592005e+00 2.351044e+00 
-1.781157e+01 -6.230718e+00 7.397535e+00 -1.873650e+00 8.073408e+00 3.310819e-01 -2.783357e+00 -2.888089e+00 3.935111e+00 4.855259e+00 -1.486140e+01 3.570999e+00 
-1.519157e+01 -9.376742e+00 8.651163e+00 4.692511e+00 5.274033e+00 -1.212132e+01 -3.001881e+00 -1.830677e+00 7.519673e+00 1.232979e+00 -1.292797e+01 3.630983e+00 
-1.094200e+01 -4.540668e+00 7.956217e+00 1.475391e+00 4.133647e+00 -1.257643e+01 -9.226402e+00 -5.187937e+00 4.929114e+00 2.303437e+00 -6.599321e+00 4.331764e+00 
-4.116412e+00 -2.862366e+00 4.533268e+00 -2.512530e+00 5.487547e-01 -1.859521e+01 -1.267747e+01 -1.899846e+00 6.195725e+00 1.074756e-02 -7.068861e+00 1.128497e+01 
1.840366e+00 -6.381648e+00 4.110129e-01 1.909017e+00 -5.236345e-01 -1.743075e+01 -1.654956e+01 5.893267e+00 3.116765e+00 -2.426371e+00 8.129180e-01 1.749134e+00 
1.875661e+00 -8.625257e+00 -9.412700e-01 -2.295717e+00 -2.993851e+00 -1.416449e+01 -1.437354e+01 6.646770e+00 4.632008e+00 -1.665546e-01 6.316068e+00 -1.631079e+00 
2.120014e+00 -1.095744e+01 -2.685993e+00 -6.210305e+00 -3.091279e+00 -6.786517e+00 -1.217387e+01 9.269789e-01 1.307452e+01 -3.515014e+00 6.179668e+00 -5.899471e+00 
2.370883e+00 -1.357114e+01 -2.052638e+00 -8.732348e+00 -3.666716e+00 -2.499329e+00 -1.017788e+01 3.984221e+00 6.651289e+00 -2.857212e+00 7.518820e+00 -3.276714e+00 
2.279658e+00 -1.496972e+01 -2.009034e+00 -1.103399e+01 -1.733371e+00 6.969173e-01 -7.113738e+00 1.530473e+00 2.147782e+00 -4.037128e+00 1.118995e+01 -4.250526e+00 
1.650856e+00 -1.486398e+01 -3.728139e+00 -1.195584e+01 -1.410977e+00 1.611943e+00 -6.407645e+00 1.380464e+00 2.605430e+00 -3.940259e+00 1.335967e+01 -6.893968e+00 
1.445057e+00 -1.480795e+01 -3.554266e+00 -1.213440e+01 -1.547986e+00 1.116140e+00 -4.524732e+00 2.217027e-02 2.977595e+00 -1.879777e+00 1.228369e+01 -8.041942e+00 
1.318537e+00 -1.519657e+01 -2.943804e+00 -1.144689e+01 -3.050684e+00 2.217147e+00 -4.960577e+00 -1.075204e-01 2.852497e+00 -2.747753e+00 1.378713e+01 -6.890245e+00 
1.789866e+00 -1.461228e+01 -3.601141e+00 -9.944746e+00 -3.733360e+00 2.224586e+00 -5.625370e+00 3.079221e-01 2.238880e-01 -1.653865e+00 1.472671e+01 -7.352744e+00 
2.044536e+00 -1.361452e+01 -4.061168e+00 -1.122689e+01 -3.809814e+00 3.568025e+00 -7.176689e+00 7.099632e-01 -3.161158e-01 -3.137819e-01 1.273244e+01 -8.096547e+00 
2.857959e+00 -1.558067e+01 -3.400016e+00 -1.286215e+01 -2.726261e+00 3.746566e+00 -8.964173e+00 -5.004832e-01 8.113246e-01 -4.040067e-01 1.411570e+01 -7.883500e+00 
2.144449e+00 -1.422321e+01 -3.186354e+00 -1.354209e+01 -4.978617e+00 4.122904e+00 -1.018951e+01 -2.334309e+00 1.775617e+00 9.292906e-02 1.398387e+01 -5.486201e+00 
2.394232e+00 -1.413916e+01 -2.318080e+00 -1.314872e+01 -5.885581e+00 2.991703e+00 -1.093450e+01 -3.145741e+00 1.742779e+00 -1.024739e+00 1.434084e+01 -2.671081e+00 
3.576899e+00 -1.321460e+01 -2.338248e+00 -1.180838e+01 -8.012429e+00 3.847652e+00 -9.796970e+00 -4.793677e+00 -1.026565e+00 -8.439400e-01 1.635692e+01 -1.540482e+00 
3.918450e+00 -1.136956e+01 -3.086064e+00 -1.170755e+01 -8.342265e+00 5.359130e+00 -1.348982e+01 -4.571906e+00 -4.001798e+00 7.989905e-01 1.579662e+01 1.955149e+00 
5.810284e+00 -7.729621e+00 -7.210499e+00 -8.642673e+00 -8.790166e+00 1.980404e+00 -8.761688e+00 -9.760830e+00 -4.767498e+00 -3.630908e-01 1.564703e+01 5.094183e+00 
4.854050e+00 -3.119037e+00 -7.921252e+00 -6.186392e+00 -9.609850e+00 -1.812459e-02 -6.948542e+00 -8.341581e+00 -8.340072e+00 -2.511000e+00 1.445594e+01 7.007886e+00 
5.381852e+00 -3.766588e+00 -6.066428e+00 -1.050033e+01 -5.218128e+00 3.350203e-01 -9.432096e+00 -6.072859e+00 -1.468460e+01 -1.949019e+00 1.569520e+01 5.328743e+00 
5.369905e+00 -3.982362e-01 -6.748292e+00 -9.417460e+00 -5.930235e+00 2.313857e+00 -6.813418e+00 -8.053236e+00 -1.347324e+01 -7.333131e+00 1.419633e+01 5.836333e+00 
3.658893e+00 4.400784e+00 -6.111122e+00 -7.696509e+00 -3.577406e+00 1.612381e+00 -3.584077e+00 -7.799474e+00 -1.710523e+01 -4.676745e+00 1.468970e+01 5.150445e+00 
3.106907e-02 7.836467e+00 -3.778829e+00 -5.166893e+00 3.860865e-02 4.893084e+00 -8.215579e+00 -1.307788e+01 -1.376200e+01 -4.650517e+00 9.860942e+00 1.302947e+01 
-7.861817e-02 7.672433e+00 -3.583154e+00 -3.941741e+00 -9.904790e-01 -7.296656e-01 -5.810614e+00 -7.585485e+00 -1.666895e+01 -6.007736e+00 1.311121e+01 1.247224e+01 
-3.216108e+00 8.108501e+00 -1.245956e+00 -2.429233e+00 2.446292e-01 -4.219271e-02 -3.141015e+00 -1.101883e+01 -2.108437e+01 -3.718894e+00 1.224059e+01 1.075131e+01 
-4.245647e+00 9.237311e+00 -3.891287e-01 2.207533e+00 2.472628e+00 3.080974e+00 -8.346694e+00 -1.471804e+01 -1.644795e+01 -6.457811e+00 4.506361e+00 1.029585e+01 
-5.618367e+00 1.044520e+01 -1.220515e-01 -1.135928e+00 -1.518504e-01 -2.077918e+00 -4.760898e+00 -1.112215e+01 -1.909324e+01 -9.209667e+00 -2.067847e-01 3.544523e+00 
-8.059179e+00 1.114698e+01 2.380299e+00 -1.109225e+00 -4.269554e+00 9.006741e-03 -4.838684e+00 -9.219155e+00 -1.384801e+01 -9.419842e+00 1.198793e+00 1.731759e+00 
-8.465348e+00 8.066929e+00 9.299058e-01 6.962199e-01 -6.039843e+00 -3.629655e+00 -1.244492e+01 -1.372591e+01 -1.629731e+01 -1.060955e+01 1.730194e+00 1.920399e+00 
-8.405618e+00 6.825600e+00 -1.424734e+00 8.452787e-01 -5.751278e+00 -9.074301e+00 -1.824322e+01 -1.343367e+01 -1.316414e+01 -9.896844e+00 -8.436552e-01 2.396136e+00 
-1.422882e+01 2.166664e+00 -5.077152e+00 -1.137124e+00 -3.482008e+00 -2.561030e+00 -1.056401e+01 -8.615661e+00 -1.287329e+01 -4.514830e+00 -1.046987e+00 1.179905e+00 
-1.797393e+01 2.307879e-01 -3.974504e+00 -3.111157e+00 -4.524965e+00 -8.064315e+00 -7.006681e+00 4.216176e-01 -1.467533e+00 -1.243657e+00 -4.795700e+00 2.188467e+00 
-1.932981e+01 2.579010e-01 -2.978688e+00 -2.873619e+00 -5.198845e+00 2.925625e+00 -3.086885e+00 3.228556e+00 3.505491e-01 -2.189618e+00 1.699770e+00 3.209852e+00 
-1.979083e+01 -1.276701e+00 -4.112403e+00 -2.774778e+00 -4.833827e+00 3.597782e+00 -5.710374e+00 -1.991685e-01 -3.838129e+00 2.743720e+00 7.131424e+00 6.940869e+00 
-1.829810e+01 -1.894880e+00 -6.988662e+00 -4.048155e+00 -2.925854e+00 3.739669e-01 -6.668270e+00 -3.872200e-01 7.925600e-01 3.121963e-01 1.651599e+00 1.028910e+00 
-1.818733e+01 -1.295680e+00 -5.601495e+00 -1.032304e+00 -7.112570e+00 3.901582e-01 -1.954170e+00 -1.792202e+00 -2.089371e+00 -3.989568e+00 -3.360856e-01 4.219242e+00 
-1.952258e+01 -2.703302e+00 -6.512828e+00 1.781010e-01 -2.670443e+00 1.054001e+00 1.087756e-01 1.058399e+00 2.708114e+00 9.829372e-01 3.021175e+00 2.544933e-01 
-2.234947e+01 -3.865551e+00 -2.792279e+00 -3.986051e-01 7.398903e-01 -1.508597e+00 3.517347e+00 5.516300e+00 3.475899e+00 3.516225e+00 -5.761654e+00 -2.088200e+00 
-2.300379e+01 -4.789656e+00 -6.071509e-01 -1.167015e+00 1.204756e-01 -1.937885e+00 5.109563e+00 7.030222e+00 4.718793e-02 7.415475e+00 1.163298e+00 1.982865e+00 
-1.987988e+01 -1.524107e-01 -6.060432e+00 1.873944e+00 -5.567873e-01 -5.947196e+00 -4.871563e+00 -1.344769e+00 -3.192432e-01 -5.448902e+00 -2.095592e+00 1.632061e+00 
-2.026867e+01 -1.848336e+00 -6.286630e+00 1.036983e+00 -1.994195e+00 -4.754730e+00 -2.110544e+00 -1.608042e+00 1.755289e+00 2.310431e+00 -1.459229e+00 -1.246766e+00 
-1.928149e+01 3.433073e-01 -1.854238e+00 3.279242e+00 -3.189384e+00 -5.924440e+00 -5.992651e+00 -4.001267e+00 4.289032e+00 5.099006e+00 1.403646e+00 -1.621150e+00 
-1.993255e+01 -2.012143e-01 -1.844972e+00 2.813263e-01 -4.753314e+00 -3.911908e+00 -5.271321e+00 2.806870e-01 5.879855e+00 2.317425e+00 -1.332464e+00 3.488133e-01 
-2.148718e+01 -2.839093e-01 -2.566081e+00 -1.702671e+00 -2.080798e+00 5.507915e+00 4.399695e-01 -4.830855e+00 -4.203636e-01 3.120006e+00 1.015743e+00 3.714133e+00 
-2.053474e+01 -1.360752e+00 -3.120947e+00 -8.684991e-01 -3.928555e+00 7.039189e-01 4.702758e-02 2.836890e+00 -4.172362e-01 2.790581e+00 2.944609e+00 5.989396e+00 
-2.133785e+01 -1.717289e+00 -3.151470e+00 -3.442354e+00 -3.528016e+00 1.413710e+00 -2.662267e+00 1.257690e+00 -1.430004e+00 1.281239e+00 8.590607e-01 4.502202e+00 
-1.930158e+01 5.520782e-01 -5.423262e+00 -4.777108e+00 -2.915367e+00 1.394122e-01 2.218232e+00 -1.920164e+00 -4.126374e+00 7.769589e-01 2.574453e+00 1.271329e+00 
-1.537021e+01 1.323898e+00 -3.944526e+00 1.977169e+00 -4.692867e-03 2.851233e+00 -2.732435e+00 -7.014846e+00 -4.467786e+00 -7.411257e-01 -1.570926e-01 -3.894758e+00 
-9.970561e+00 2.451803e+00 -6.300256e+00 -1.279407e+00 1.573783e+00 -2.400868e+00 2.771793e-01 -6.665978e+00 -7.364312e+00 -1.060395e+01 1.248342e-01 2.090010e+00 
-8.080900e+00 3.746906e+00 -2.469061e+00 2.335867e+00 1.207073e+00 -1.510785e+00 -2.631393e+00 -5.139087e+00 -5.837603e+00 -9.627568e+00 -5.072049e+00 3.231649e-01 
-1.195308e+01 -5.202453e-01 -3.807717e+00 5.579291e+00 5.641419e+00 6.045832e-01 -5.878778e+00 -4.480258e+00 -7.530066e+00 -7.246403e+00 -6.786935e+00 4.713594e+00 
-1.446720e+01 -2.012370e+00 -9.392902e+00 7.556043e-01 4.503114e-01 1.008261e+01 2.968832e+00 -8.005009e-01 -6.621025e+00 -7.567086e+00 -4.174042e+00 -1.324539e+00 
-1.698457e+01 -1.339513e+00 -7.655810e+00 -4.989537e+00 -2.641011e+00 3.324280e+00 3.132658e-01 -2.796873e+00 -5.505052e+00 -9.035162e+00 -3.235976e+00 2.591808e+00 
-1.028170e+01 6.380945e+00 -4.206153e+00 -5.382510e+00 -3.219831e+00 1.411522e+00 1.793614e+00 6.750091e+00 3.312633e-01 -1.705622e+00 -1.753832e+00 5.184238e-01 
-9.716977e+00 8.925510e+00 5.832505e-01 1.290462e+00 -5.242485e+00 -3.856770e+00 -4.980625e+00 -4.821777e+00 -5.458662e+00 -5.349934e+00 -4.739416e+00 2.118554e+00 
-1.138401e+01 9.798553e+00 1.698434e+00 2.585361e+00 -1.968823e+00 -4.132022e+00 -6.193699e-01 2.220860e+00 -7.153850e-01 -1.727653e+00 9.163588e-01 7.412707e-02 
-9.292347e+00 1.123781e+01 2.926989e+00 -1.706257e+00 -9.861201e+00 -5.882868e+00 -3.445745e+00 -2.035156e+00 2.292686e+00 1.786917e+00 -2.446480e+00 -2.252846e+00 
-9.664849e+00 1.170460e+01 3.505838e+00 1.375753e+00 -6.076378e+00 -3.260756e+00 -4.451356e+00 -3.283213e+00 2.734057e-01 -1.268136e+00 -6.575490e+00 -3.635792e+00 
-8.923646e+00 1.208871e+01 6.256734e+00 3.810513e+00 -2.226264e+00 -6.001896e+00 -4.626175e+00 -3.444462e+00 -5.326267e+00 -1.226171e+00 2.159169e+00 -7.934973e-02 
-8.270952e+00 9.402249e+00 5.712592e-01 5.519437e-01 -2.173828e+00 1.963004e-01 -1.576063e+00 -6.518995e+00 -6.170674e+00 -1.580076e+00 -2.024604e+00 -1.509456e+00 
-6.943845e+00 1.068786e+01 -5.559157e-01 -1.190131e+00 -6.427526e+00 -2.561906e+00 2.146861e+00 2.667860e+00 3.834512e+00 -6.578951e-01 5.915996e+00 2.776312e+00 
-8.418650e+00 1.033404e+01 8.116288e-01 -1.991621e+00 -4.040192e+00 -4.642704e+00 -3.464189e+00 -2.775258e+00 -1.805936e-01 -2.225988e+00 9.604732e-01 3.084920e+00 
-6.515956e+00 1.084421e+01 3.027825e+00 4.366893e+00 -2.517196e+00 -5.106999e+00 -9.913650e+00 -8.117408e-01 5.303767e-01 -2.183115e-01 3.992200e+00 5.317986e+00 
-8.773776e+00 1.156542e+01 9.816861e-01 1.577022e+00 -2.084857e+00 -1.033799e+00 -3.280549e+00 -4.215257e+00 -3.268936e+00 -1.213932e+00 2.211396e+00 3.024108e+00 
-7.485222e+00 1.324779e+01 8.928420e-01 1.234266e+00 -2.204951e+00 -1.068370e+00 7.723663e-01 2.744810e+00 2.188438e+00 1.731313e+00 1.768224e+00 2.950344e-01 
-8.206878e+00 1.174347e+01 3.103587e+00 3.581743e+00 -3.737757e+00 -5.226798e-01 5.442194e-01 -1.043455e+00 -6.823787e+00 3.000405e+00 7.159313e+00 -7.023580e-01 
-1.228323e+01 8.897041e+00 2.286004e+00 3.498047e+00 2.108624e+00 1.702965e+00 -5.520084e-01 -1.737732e+00 -5.072423e+00 1.773628e+00 3.254931e+00 -1.133417e+00 
-1.134382e+01 8.654831e+00 5.142095e+00 7.533396e+00 2.066338e+00 -3.517629e+00 -3.239250e+00 -1.120837e+00 -7.099523e+00 -7.327886e+00 -5.196786e+00 -2.161008e+00 
-1.315584e+01 1.080219e+01 6.050158e+00 4.547039e+00 -1.257731e+00 -3.550011e+00 -8.118146e+00 1.217486e+00 -2.910323e+00 -4.569035e+00 -4.702908e+00 -3.560088e+00 
-1.251237e+01 7.385034e+00 2.401011e+00 2.862754e+00 3.875191e+00 2.071863e+00 -2.468770e-01 -1.068471e-02 -5.969997e+00 -8.967460e-01 -4.928043e+00 -3.590700e+00 
-1.356472e+01 7.882559e+00 4.910447e+00 4.808091e+00 3.018633e+00 2.151944e+00 -1.489055e+00 5.997261e-01 5.192340e+00 -6.613922e-01 -1.479654e-01 1.202657e+00 
-1.546470e+01 5.862181e+00 4.152274e+00 5.996576e+00 3.508481e+00 -5.983850e-01 -5.198347e+00 -1.626631e+00 -1.942382e+00 -1.662049e-01 2.697112e-02 3.335070e-01 
-1.559393e+01 3.119690e+00 8.323408e-01 5.625922e+00 -1.622072e+00 1.099074e+00 -2.585283e+00 -2.639515e+00 -7.695939e-01 -4.341724e+00 -5.498489e+00 -4.156749e-01 
-1.680267e+01 3.277850e+00 2.322347e-01 2.496484e+00 2.408690e+00 -1.075809e+00 -3.414871e+00 -1.001521e+00 -3.146445e+00 8.052853e-01 -3.352601e+00 -1.626115e+00 
-1.746948e+01 2.006245e+00 5.254745e-01 4.066384e+00 2.848810e+00 4.579323e+00 9.082922e-01 -7.235512e-01 -2.478216e+00 -1.347171e+00 -2.424676e+00 -1.018826e+00 
-1.704593e+01 2.165308e+00 -7.951951e-01 5.240521e+00 2.859009e-01 -2.728090e-01 -1.152247e+00 3.066010e+00 -1.633808e+00 -1.945871e+00 -3.973245e+00 -9.683569e-01 
-1.713118e+01 2.626683e+00 9.113739e-01 1.667095e+00 8.935262e-02 2.768192e-01 3.171317e+00 2.093330e+00 -6.291080e+00 -5.081008e+00 -3.033151e+00 4.621628e-01 
-1.609947e+01 5.131483e+00 9.542571e-02 3.441851e+00 -7.607780e-01 -4.732308e-01 1.205404e+00 1.705988e+00 -3.268414e+00 -7.219826e+00 -4.936156e+00 -5.742685e+00 
-1.649858e+01 2.939839e+00 2.011665e-01 1.565065e+00 -3.321995e+00 3.667361e+00 5.504911e+00 8.435637e+00 4.169669e+00 -1.660859e+00 -1.074004e-01 -2.098128e+00 
-1.733155e+01 1.509171e+00 1.019664e-01 5.139288e+00 2.037921e+00 4.015692e+00 1.306848e+00 1.396891e+00 9.480054e+00 1.741805e+00 2.710346e+00 2.948404e+00 
-1.678475e+01 3.913652e+00 -5.439245e-01 2.127025e+00 1.220267e+00 2.170761e+00 -5.018883e-01 3.248874e+00 3.520205e+00 -2.072816e+00 -5.657849e-01 3.754674e+00 
-2.005473e+01 -7.796273e-01 -4.373485e+00 4.279937e-01 1.603891e+00 1.130143e+00 -1.459785e+00 5.095670e+00 2.620546e+00 5.005284e+00 3.733091e+00 2.530169e+00 
-1.979951e+01 -6.386392e-01 -2.466336e+00 8.803514e-01 2.351519e+00 2.480146e+00 -3.848076e-01 5.047252e+00 -5.892451e-01 4.071912e+00 6.728817e+00 4.516267e+00 
-1.884545e+01 2.745077e+00 -1.082439e+00 1.382130e+00 -2.819292e+00 -1.982520e+00 2.111176e+00 5.622214e+00 -4.318190e+00 -6.191333e+00 -2.537244e+00 2.622835e+00 
-2.022740e+01 6.243799e-01 -1.705438e+00 5.358094e+00 4.004419e+00 1.897697e+00 1.581907e+00 7.142189e+00 -7.738824e-02 4.080305e+00 2.206690e-01 -5.406075e-01 
-1.964041e+01 -2.008755e+00 -2.229781e+00 9.991202e-01 -3.022944e+00 7.756857e-01 -2.875578e+00 -3.150255e-01 5.360700e+00 1.743553e+00 -3.707037e+00 -2.180865e+00 
-1.929615e+01 4.861030e-01 -1.786106e+00 1.723690e+00 -1.562871e+00 1.265362e+00 2.778776e+00 -1.346931e+00 1.659381e+00 2.638457e+00 2.805024e-01 2.690265e+00 
-1.993255e+01 -3.363280e-01 -3.991401e+00 3.026559e+00 2.208759e+00 2.954507e+00 4.599942e+00 1.769536e+00 -9.702710e-01 -3.003041e+00 8.149462e-01 6.752643e+00 
-1.905288e+01 1.454493e+00 -1.219248e+00 1.361803e+00 -1.920785e+00 4.290506e+00 3.827290e+00 4.427330e+00 -2.442772e+00 7.528290e-01 -3.401421e-01 -1.329503e+00 
-1.999825e+01 1.843566e+00 -3.535735e+00 -6.042585e-01 -1.988105e+00 -5.778177e-01 -1.794186e+00 -2.880739e+00 -6.875390e+00 -5.687194e-01 9.117952e-01 -1.230219e+00 
-2.089693e+01 -1.435765e+00 -2.346968e+00 2.384889e+00 -2.536766e-01 -9.388394e-01 -1.728830e+00 2.102409e+00 -8.232815e-01 -4.302348e-01 2.072461e+00 1.166667e+00 
-2.077095e+01 -2.334112e+00 -3.947252e+00 2.751558e+00 -1.179247e+00 -1.069245e+00 -1.064437e+00 -2.203513e-01 -3.617124e+00 -1.150634e+00 -2.823370e-01 1.677980e+00 
-1.969906e+01 -1.001051e+00 -4.895103e+00 -4.215148e+00 -2.794596e+00 -6.281419e-01 4.062888e-01 -2.315912e-01 -1.493595e+00 7.304967e+00 -2.443073e-01 -1.554547e+00 
-2.055538e+01 1.117169e-02 -2.818986e+00 1.595356e+00 2.503802e-01 2.216709e+00 2.089925e+00 -1.642626e+00 8.940830e-02 -1.988536e+00 2.536931e+00 -1.719607e+00 
-2.031483e+01 -1.743047e+00 -5.493574e+00 9.202067e-01 -3.945469e+00 -3.628342e+00 -1.396834e+00 -1.015355e+00 1.863185e+00 2.821214e-01 4.640733e+00 3.714961e+00 
-1.986793e+01 -5.344789e-02 -6.284450e+00 -2.606589e+00 -2.495545e+00 -7.196008e-01 -1.679511e+00 8.227941e-01 1.972124e+00 -2.487361e-01 7.191114e-01 -3.308697e-01 
-1.800379e+01 -2.217978e+00 -1.521754e+00 -2.441588e+00 -4.129501e+00 -1.361125e+00 -2.644224e+00 2.209620e+00 8.670972e-01 -2.784614e-01 1.252541e+00 -2.224302e+00 
-1.881722e+01 1.878588e-01 -3.794636e+00 -3.518877e+00 -3.853792e+00 4.636211e+00 2.122403e+00 -2.847020e+00 2.848730e-01 5.270713e+00 2.338162e+00 -2.758497e-01 
-1.805592e+01 -3.085597e+00 -3.292640e+00 1.191152e-01 -5.178209e+00 2.695009e+00 3.320475e+00 2.284363e-03 8.842981e-01 -9.254221e-01 -3.068645e+00 -3.734791e-01 
-1.980657e+01 -4.050145e-01 -3.401106e+00 -3.958153e-01 -1.984384e+00 2.317462e-01 -8.567389e-01 -2.821946e+00 -2.328099e+00 1.278999e-01 -4.617721e+00 -6.058740e+00 
-1.899586e+01 -1.755699e+00 -3.206521e+00 -1.900353e+00 -3.038506e+00 -5.848193e-01 -4.487041e+00 -2.082468e-01 -1.347648e+00 -5.291533e+00 4.326211e-01 -6.692632e-01 
-1.901704e+01 -1.049855e+00 -8.187239e+00 -1.675569e+00 2.266996e-01 -2.596810e-01 -2.111914e-01 2.362655e+00 4.469784e-01 -5.520592e+00 -2.062634e+00 1.955976e+00 
-1.977236e+01 -1.211630e+00 -6.362393e+00 -2.494197e+00 -1.593656e+00 8.505156e-01 -3.317037e+00 2.375191e+00 6.455705e-01 3.716467e-01 2.292891e-01 1.138536e+00 
-2.037673e+01 -3.646838e+00 -6.300256e+00 1.962821e+00 -2.283097e+00 5.303555e+00 4.173319e+00 1.133860e-01 1.193914e+00 6.783202e+00 1.838198e+00 3.799352e+00 
-2.069710e+01 -3.835275e+00 -5.004114e+00 -1.172267e-01 -2.875448e+00 1.844852e-01 1.270761e+00 3.304018e-01 2.687146e-01 3.909647e+00 5.215742e+00 -2.951145e+00 
-1.914030e+01 -1.401873e+00 -4.105863e+00 -2.562349e+00 -2.290201e+00 8.465772e-01 -1.330040e-01 1.692154e+00 -4.179541e+00 2.648948e+00 2.397488e+00 -2.135360e+00 
-1.955136e+01 -1.691080e+00 -4.744668e+00 1.611696e+00 2.811648e-01 5.675954e+00 1.589124e+00 8.807226e-01 4.282138e-01 -4.606595e-01 -2.732970e+00 -3.743350e+00 
-2.137966e+01 -2.541979e+00 -1.909834e+00 3.410366e+00 3.593105e-01 3.538268e+00 5.003309e+00 2.440037e+00 -8.893627e+00 -3.829052e+00 1.954823e+00 5.717890e-01 
-1.994613e+01 -1.998813e+00 -3.936350e+00 -4.129530e-01 1.202675e+00 3.286209e+00 6.470025e+00 2.494507e+00 -2.394818e+00 -5.418477e+00 -7.214531e-01 2.349390e+00 
-1.956277e+01 -9.621889e-01 -1.523389e+00 -4.357432e+00 -4.006024e+00 8.632061e-01 4.144450e+00 2.242475e+00 1.831390e+00 3.869781e+00 -1.652420e+00 1.529054e+00 
-2.048805e+01 -1.210726e+00 -2.392208e+00 1.745610e+00 -2.094668e+00 -1.848510e-01 -2.673093e+00 1.179443e+00 4.558395e-01 -1.704922e+00 -2.455100e+00 5.825448e-01 
-2.046741e+01 -9.160966e-01 -5.291903e+00 -2.395754e+00 -3.576730e+00 9.892355e-01 1.074691e+00 2.371733e+00 1.220497e+00 3.524968e+00 -1.914064e+00 -2.735202e+00 
-1.965182e+01 -1.548736e+00 -3.649106e+00 1.388506e+00 2.314306e+00 1.767292e+00 -4.060018e+00 1.956723e+00 -1.215775e+00 2.035210e+00 -3.641170e-02 1.161703e+00 
-1.989726e+01 -5.419357e-01 -1.735416e+00 3.517576e+00 2.082576e+00 -1.142762e+00 -1.445350e+00 5.694408e+00 -7.790948e-02 -5.233831e+00 6.932513e-01 1.836835e+00 
-2.016333e+01 -2.150647e+00 -7.170710e+00 -6.449109e-01 3.090689e+00 1.459220e+00 5.618617e-01 -3.176193e-01 3.740689e+00 1.494910e+00 -1.670674e+00 -2.008772e+00 
-2.034415e+01 -2.171433e+00 -4.581151e+00 -3.419637e+00 -6.302358e+00 -3.647055e-01 -3.894492e-03 5.688356e+00 1.206945e+00 2.785335e+00 3.453192e+00 4.912990e+00 
-2.107721e+01 -2.175049e+00 -8.426149e-01 1.123070e+00 -4.943096e+00 -2.223639e+00 -7.536919e-01 4.325307e+00 6.299334e-01 9.175417e-01 -1.732029e+00 -3.725975e+00 
-1.966431e+01 -9.129335e-01 -1.354967e+00 1.685358e-01 -1.171804e+00 -6.237659e-01 -3.907652e+00 -1.999707e+00 3.666152e+00 3.544902e+00 -4.740067e-01 3.548246e+00 
-2.036913e+01 -2.467418e+00 -2.920912e+00 -1.321255e+00 -2.645020e-01 -2.058663e+00 -2.209582e+00 1.350203e+00 -2.004931e+00 -4.715563e+00 -5.080669e+00 1.572776e-01 
