-2.087540e+01 -1.868998e+00 -7.445379e+00 -1.240723e+01 -3.239339e-01 -1.023544e+01 -2.427804e+00 -4.949533e+00 -2.540309e-01 -2.048194e+00 -2.635520e+00 8.670065e-01 
-2.609091e+01 -1.771545e-01 -5.118313e+00 -1.550191e+01 -3.491722e-01 -5.394960e+00 -4.576664e+00 -2.546393e+00 1.906589e+00 -1.033960e+00 -2.404715e+00 3.080401e+00 
-2.410324e+01 -9.386838e-02 -6.456988e+00 -1.522393e+01 -3.120748e+00 -1.294178e+01 -3.291809e+00 7.552817e-01 -5.347257e+00 1.747449e+00 -1.575626e+00 3.184809e+00 
-2.957415e+01 -6.897424e-01 -4.005006e+00 -1.525931e+01 3.286019e+00 -1.191338e+01 -2.959341e+00 7.341344e-01 -1.773340e+00 6.095936e+00 3.838795e+00 2.581823e+00 
-3.012778e+01 -8.309502e-01 -3.429876e+00 -1.149749e+01 5.008086e-01 -7.840565e+00 3.536386e+00 -9.868938e-01 -2.944703e+00 -1.596086e+00 8.464717e-01 1.918127e+00 
-2.932755e+01 -1.058094e+00 -6.372149e+00 -1.264361e+01 -6.383978e-01 -1.041636e+01 4.165804e+00 2.917703e+00 7.095098e-01 -3.239490e+00 2.510080e+00 3.255784e+00 
-2.954998e+01 -1.634282e+00 -2.052165e+00 -9.489447e+00 1.746190e+00 -6.688711e+00 -1.538194e+00 1.902634e+00 3.137779e+00 2.007712e+00 -6.623615e-01 2.534619e-01 
-2.710480e+01 -4.599486e-01 -6.073127e-01 -1.393435e+01 2.779801e+00 -4.625520e+00 9.774134e-01 -5.387515e-01 9.887058e-01 6.012734e+00 1.396331e+00 -1.427627e+00 
-2.891068e+01 -3.034246e+00 -3.141530e+00 -1.155542e+01 -1.928105e-01 -9.043857e+00 5.115449e-01 -5.235696e+00 -6.760555e+00 -1.335136e+00 1.002152e+00 8.123961e+00 
-2.739534e+01 -2.162392e+00 -3.589663e+00 -1.145122e+01 5.329164e+00 -6.173977e+00 -6.081088e-01 2.104658e+00 -1.994282e+00 -9.631354e-01 -8.145885e+00 2.878624e+00 
-2.837078e+01 -3.183782e+00 -1.966807e+00 -1.213470e+01 5.464121e-02 -8.070085e+00 6.449453e-01 -4.416802e+00 -5.421779e+00 6.534510e-01 -5.304264e+00 3.796594e+00 
-2.741566e+01 -3.310982e+00 1.353856e+00 -1.012354e+01 -2.436412e+00 -1.027163e+01 1.610136e+00 -5.747469e-01 -3.878330e+00 -2.466390e-01 -5.640062e+00 6.989563e-01 
-2.719707e+01 -1.828112e+00 2.636839e+00 -1.003762e+01 1.948967e+00 -9.383347e+00 -3.343847e+00 1.715458e+00 -2.793034e+00 2.059971e+00 -4.494635e+00 -3.076162e+00 
-2.806486e+01 -2.932410e+00 1.773363e+00 -1.293597e+01 -9.418380e-01 -5.705361e+00 5.933197e-01 4.021411e+00 5.336185e+00 2.535458e+00 -1.608663e+00 -1.759328e+00 
-2.895517e+01 -2.788930e+00 -2.934633e-01 -1.432546e+01 7.114182e-01 3.798941e+00 1.600223e+00 -2.894648e+00 -1.849961e+00 6.964271e-01 -6.599941e+00 -4.744053e+00 
-2.593219e+01 -2.172613e+00 1.117038e+00 -1.432352e+01 6.351230e-01 -6.499278e+00 -3.768266e-01 1.406348e+00 -6.848953e-01 4.339419e+00 -3.427047e+00 2.061542e+00 
-2.783857e+01 -3.817892e+00 1.250801e+00 -1.452219e+01 -2.445985e+00 -8.713235e+00 -2.486864e+00 -1.263158e+00 -1.839990e+00 -1.418337e+00 -7.447273e-01 1.845980e+00 
-2.806321e+01 -4.132865e+00 5.180945e+00 -1.262184e+01 -4.183949e+00 -3.617337e+00 3.270824e+00 1.986773e+00 -6.753208e+00 2.164488e+00 6.134036e-01 3.925345e+00 
-2.473046e+01 -1.581661e+00 9.336979e+00 -9.346765e+00 -3.262025e+00 -1.685756e+00 6.265516e+00 -5.832958e-01 4.465829e-01 5.366374e+00 3.160408e+00 -3.286738e+00 
-1.877678e+01 1.399603e+00 1.199143e+01 -1.003961e+00 -7.828655e-01 -5.619867e+00 3.652027e+00 -1.050336e+00 -5.385568e+00 6.623901e-01 -6.159601e+00 -2.360248e-01 
-1.544568e+01 4.297201e+00 1.491184e+01 -3.452101e+00 -5.236997e+00 -9.329426e+00 -2.777056e-01 -9.017009e+00 -7.360406e+00 1.987771e+00 7.731570e-01 5.285291e+00 
-1.454603e+01 5.144447e+00 1.635253e+01 1.272339e+00 -3.470023e+00 -1.543244e+01 -2.851133e+00 -5.800824e+00 -1.039850e+01 -4.274821e-01 5.857974e-01 4.211587e+00 
-1.337781e+01 4.553495e+00 1.930677e+01 -2.441665e+00 -4.785318e+00 -1.276264e+01 3.066950e-01 -8.562568e+00 -8.899657e+00 -6.357487e+00 -1.500049e+00 5.698817e+00 
-1.063934e+01 7.302852e-01 1.935830e+01 -1.840700e-02 -3.781586e+00 -1.388434e+01 -6.516957e+00 -7.591592e+00 -1.006997e+01 -1.769710e+00 1.944834e+00 1.446824e+00 
-1.063604e+01 6.814493e-01 2.126014e+01 2.274999e+00 -6.043173e+00 -1.551829e+01 -5.628998e+00 -6.299359e+00 -1.095059e+01 -2.829671e+00 -2.842793e+00 6.153403e+00 
-1.107872e+01 3.176625e+00 1.981476e+01 1.729931e+00 -8.446037e+00 -1.192722e+01 -4.017044e+00 -8.509025e+00 -1.288765e+01 -2.045100e+00 -6.148428e-01 6.590393e+00 
-1.105730e+01 2.919574e+00 2.027487e+01 5.408556e+00 -7.421419e+00 -1.609688e+01 -4.898807e+00 -6.481136e+00 -1.173360e+01 -1.405273e+00 2.469350e+00 2.728170e+00 
-8.719217e+00 -1.150087e+00 1.889195e+01 5.287645e+00 -4.277070e+00 -1.482902e+01 -7.204459e-01 -1.166132e+01 -1.249981e+01 3.729503e+00 -1.843994e+00 -4.142827e+00 
-7.952487e+00 -1.065287e+00 2.077088e+01 3.913313e+00 -3.991616e+00 -1.481093e+01 -5.310159e+00 -1.154928e+01 -8.992548e+00 3.762853e+00 -9.439941e-02 -2.025335e+00 
-7.609766e+00 7.499710e-01 1.901739e+01 4.624000e+00 -5.940189e+00 -1.058025e+01 -8.482443e+00 -3.592958e+00 -1.676175e+01 1.438365e+00 3.360892e+00 -7.516135e-01 
-9.319529e+00 3.644162e+00 2.083022e+01 6.331862e-01 -8.743675e+00 -9.353903e+00 -4.812077e+00 -7.164148e+00 -1.180760e+01 4.010739e+00 -1.185973e+00 -3.169705e-01 
-1.133467e+01 9.638649e-01 2.048410e+01 2.205407e+00 -4.979392e+00 -6.531205e+00 -5.872258e+00 -9.237480e+00 -1.392151e+01 9.661228e+00 1.063248e+00 -3.199633e+00 
-1.417091e+01 -5.754133e-01 1.819659e+01 4.288873e+00 4.145573e+00 -7.928186e+00 -3.288918e+00 -6.365051e+00 -5.933464e+00 1.142428e+01 -6.448786e+00 -3.667417e+00 
-1.657819e+01 -2.207442e+00 1.525015e+01 3.137699e+00 3.494597e+00 -7.591535e+00 -4.488281e+00 -1.394991e+00 -6.927674e-01 7.900929e+00 -6.953390e+00 -3.101091e+00 
-1.679349e+01 -5.196655e+00 7.784907e+00 -7.092668e-01 8.466840e+00 -5.202689e+00 -7.381374e+00 -8.762081e-01 2.096043e+00 5.379096e+00 -5.392512e+00 1.243580e+00 
-1.787878e+01 -9.220130e+00 7.270673e+00 4.153966e+00 9.375421e+00 -5.519475e+00 -9.703695e+00 9.622551e-01 7.557157e+00 9.707642e+00 -3.201672e+00 -1.271015e+00 
-9.069078e+00 -3.578255e+00 9.069451e+00 -2.116300e-01 4.692693e+00 -1.008432e+01 -1.049708e+01 6.577082e+00 1.003161e+01 4.649190e+00 -8.515625e+00 2.769244e-01 
5.501911e-01 -5.784201e+00 2.626430e+00 -6.031303e-01 1.264631e+00 -1.347674e+01 -1.663762e+01 1.767201e+00 4.795637e+00 -1.586460e+00 -3.501267e+00 2.640186e+00 
2.214368e+00 -5.434778e+00 -3.263322e+00 -2.929281e-02 2.110260e+00 -1.618379e+01 -1.170387e+01 5.433329e+00 1.291518e+00 7.046785e-01 3.430586e+00 -1.887786e+00 
4.119108e+00 -8.249469e+00 -5.518042e+00 -1.812232e+00 2.885106e+00 -1.270304e+01 -1.277810e+01 3.766744e+00 2.992409e+00 1.590329e+00 2.069287e+00 -8.856431e-01 
4.682621e+00 -8.793478e+00 -6.885863e+00 -3.236717e+00 3.451663e+00 -1.135892e+01 -1.090554e+01 3.185419e+00 3.134631e+00 4.539516e+00 2.002761e+00 -4.200309e+00 
5.380697e+00 -1.075032e+01 -7.755065e+00 -2.912865e+00 8.274565e-01 -7.211249e+00 -1.022904e+01 4.324222e+00 1.476774e+00 3.882842e+00 4.663811e+00 -6.906711e+00 
3.610518e+00 -8.287704e+00 -7.445899e+00 -7.904784e+00 4.981049e+00 -7.038843e+00 -8.962767e+00 6.802952e+00 -8.911434e-01 1.942732e+00 5.165246e+00 -3.896470e+00 
3.135981e+00 -8.757514e+00 -5.561762e+00 -1.026040e+01 4.767538e+00 -5.252707e+00 -7.872849e+00 5.690246e+00 -1.636890e+00 2.728334e+00 4.261938e+00 -1.864323e+00 
3.216169e+00 -7.597944e+00 -5.431642e+00 -8.821913e+00 3.073668e+00 -2.647467e+00 -8.820280e+00 5.331642e+00 -1.679630e-01 2.030622e-01 7.724470e+00 -5.527701e+00 
2.814679e+00 -7.690316e+00 -3.535013e+00 -9.211081e+00 1.381830e+00 6.097922e-01 -9.560796e+00 2.659436e+00 -1.406501e+00 3.326560e+00 7.130260e+00 -8.693088e+00 
3.195298e+00 -7.959103e+00 -2.232251e+00 -7.599593e+00 -1.749755e+00 2.765721e-02 -7.448281e+00 3.062396e-01 9.496396e-02 1.543915e+00 8.579807e+00 -6.163242e+00 
3.414991e+00 -6.316853e+00 -3.853547e+00 -7.619032e+00 -5.974942e-01 -2.924522e+00 -7.351225e+00 2.451563e+00 4.061729e-01 1.577608e+00 7.339795e+00 -8.132920e+00 
3.542413e+00 -5.133055e+00 -2.428993e+00 -7.828972e+00 -1.639228e+00 -2.517276e+00 -5.343613e+00 9.105117e-01 -2.820849e+00 4.304007e+00 5.021332e+00 -6.776787e+00 
3.363364e+00 -5.661922e+00 -3.607360e+00 -7.890788e+00 -7.584974e-01 9.301260e-01 -1.204336e+01 -1.328400e+00 2.508539e+00 3.692372e+00 5.689763e+00 -5.213010e+00 
4.678227e+00 -5.873544e+00 -4.211116e+00 -4.842762e+00 -3.557922e+00 -3.535746e+00 -8.375475e+00 -9.499986e-01 5.245481e-02 3.623610e+00 8.978512e+00 -6.295512e+00 
5.020949e+00 -5.079298e+00 -4.248591e+00 -7.781541e+00 9.498770e-01 1.184123e+00 -1.356074e+01 -2.796111e+00 -2.606204e+00 8.561042e+00 6.045475e+00 -8.169873e+00 
4.422834e+00 -1.888683e+00 -3.338271e+00 -7.789317e+00 7.642156e-01 -1.636092e+00 -1.352605e+01 -2.360117e+00 -1.986935e+00 2.311295e+00 9.750579e+00 -3.362991e+00 
4.755120e+00 -2.023455e+00 -5.762147e+00 -1.974353e+00 1.024722e+00 -2.339550e+00 -1.069160e+01 -8.212063e+00 -2.090321e+00 1.769453e+00 9.917573e+00 -1.069824e+00 
5.837659e+00 -7.378212e-01 -3.402811e+00 -4.654594e+00 -2.893313e+00 3.177429e+00 -8.737679e+00 -7.957395e+00 -3.277429e+00 6.476532e+00 1.158661e+01 2.948145e-01 
4.371206e+00 1.495541e-01 -2.848500e+00 -2.040834e+00 8.684184e-02 -1.266804e+00 -1.388330e+01 -1.188674e+01 -7.225007e+00 5.088234e+00 1.138025e+01 -5.395710e-01 
5.191761e+00 2.134791e+00 -3.306522e+00 -1.086037e-01 3.569211e-01 -2.299818e+00 -1.288589e+01 -6.647164e+00 -1.105241e+01 2.116574e-01 1.566644e+01 -9.035333e-01 
4.722715e+00 4.152586e+00 -5.009533e+00 -2.082045e+00 -1.461690e+00 7.900021e-01 -1.257201e+01 -8.720497e+00 -8.434156e+00 -2.932126e+00 1.017327e+01 -1.147837e+00 
3.486941e+00 4.298337e+00 -4.106500e+00 -4.067926e+00 -1.295696e-01 -5.641712e-02 -1.201363e+01 -8.194514e+00 -1.364651e+01 -4.269196e+00 7.798237e+00 -1.834115e+00 
3.309539e+00 4.442952e+00 -3.107178e+00 -3.811376e-01 1.177602e+00 -1.607358e+00 -9.475305e+00 -1.066560e+01 -9.671645e+00 -2.467297e+00 5.613280e+00 -4.321434e+00 
3.308440e+00 4.574695e+00 -2.391518e+00 -3.544630e+00 -8.611913e-01 7.064005e+00 -8.031030e+00 -1.598526e+01 -1.283936e+01 -2.322897e+00 3.579478e+00 1.786737e+00 
2.861913e+00 3.812249e+00 -3.145173e+00 -3.239050e+00 -1.657795e+00 1.372731e-01 -8.534068e+00 -1.176570e+01 -1.533481e+01 -5.090210e+00 6.500297e+00 1.454156e+00 
3.261755e+00 3.094474e+00 -8.010100e+00 -1.571967e+00 2.302014e+00 -4.941242e+00 -1.375113e+01 -1.467638e+01 -1.624587e+01 -2.462827e+00 7.160581e+00 -3.051233e+00 
1.700285e+00 4.089743e+00 -4.248071e+00 -2.067660e+00 -3.844537e+00 -3.636848e+00 -1.170181e+01 -1.971753e+01 -1.441902e+01 -3.313406e-02 3.323329e+00 -2.081631e-01 
-1.959804e+00 4.507309e+00 -2.463865e+00 2.047520e-01 -4.014243e+00 -4.370814e+00 -1.262446e+01 -1.325996e+01 -9.101707e+00 2.419594e+00 9.692199e+00 1.952148e+00 
-2.267924e+00 6.987720e+00 7.860122e-01 1.755590e+00 4.659971e-01 -3.581154e+00 -1.394814e+01 -1.455579e+01 -6.337563e+00 -2.969598e-02 9.299376e+00 2.519061e+00 
-4.135317e+00 9.272787e+00 5.340733e+00 4.641495e+00 -3.187121e-01 -4.208696e+00 -1.612673e+01 -1.649999e+01 -1.610995e+01 -3.487720e+00 4.509035e+00 -5.427971e-01 
-1.002969e+01 5.932637e+00 1.759310e+00 8.411828e-01 -4.666959e+00 -3.842955e+00 -1.246091e+01 -1.464668e+01 -1.261790e+01 -9.493018e+00 -3.435193e+00 -1.371749e-02 
-1.456855e+01 3.221296e+00 -3.638588e+00 -2.745690e+00 -6.905338e+00 -4.675539e+00 -5.357655e+00 -1.620412e+00 -7.681587e+00 -5.134905e+00 -5.721976e+00 1.457382e+00 
-1.743060e+01 2.213535e+00 -1.223041e+00 -2.503481e+00 -5.538406e+00 -7.817186e-03 -1.660030e+00 -8.156270e+00 -5.938187e+00 -4.196652e+00 -2.320086e+00 -1.280107e+00 
-1.836265e+01 9.634863e-01 -6.514240e+00 -3.793060e+00 -5.272679e+00 -1.644606e+00 -7.362789e+00 -1.649208e+00 -1.642663e+00 -7.054386e+00 -1.342106e+00 8.813773e-01 
-1.860981e+01 2.411688e-01 -3.106658e+00 -2.422226e+00 -2.755807e+00 -1.317532e+00 2.207901e-01 -1.080932e+00 1.332453e+00 -1.405960e+00 -6.981137e-01 -2.324775e+00 
-2.030364e+01 -1.988627e+00 -5.392086e+00 1.137821e+00 -4.635919e+00 8.971348e-01 -3.998458e+00 -3.254602e+00 2.287072e+00 4.800466e+00 1.000342e+00 -8.205206e-02 
-1.995433e+01 -1.289781e+00 -2.874003e+00 -2.810616e+00 -6.477737e+00 -9.971157e+00 -1.812015e+00 1.273615e+00 2.610876e+00 2.298918e+00 1.674655e+00 -1.503880e+00 
-2.060627e+01 -2.664977e-01 -2.409735e+00 -8.372184e-02 -4.851460e+00 -4.624101e+00 -2.833787e+00 2.023668e+00 8.919111e-02 -1.706105e+00 5.839872e-01 -8.651134e-01 
-2.031573e+01 -6.870924e-01 -3.290387e+00 2.881494e+00 -2.061318e+00 -3.703186e+00 -5.581090e+00 9.258097e-01 6.410984e+00 5.156651e+00 1.540698e+00 1.495215e+00 
-2.182227e+01 -1.255331e+00 -2.718900e+00 4.166796e+00 3.977027e+00 4.547096e+00 -3.067961e+00 -2.702073e+00 -4.069358e+00 -1.983902e+00 4.434363e+00 2.182681e-01 
-1.798149e+01 3.149746e+00 -5.368144e+00 -1.759747e+00 -3.526012e+00 -2.471160e+00 5.491134e+00 -9.841942e-01 1.978256e-01 -1.392552e+00 3.531054e+00 -1.355480e+00 
-2.006418e+01 -8.748647e-01 -1.111137e+00 4.346801e+00 1.927790e+00 2.200109e+00 5.315194e+00 4.136596e+00 2.036740e+00 8.532505e+00 -7.483478e-01 -7.856942e+00 
-1.968850e+01 -2.331614e+00 -4.795616e+00 2.019960e+00 1.286741e-02 -3.477773e-02 -1.253634e+00 -7.448250e-01 2.539503e+00 5.023598e+00 1.818569e+00 -2.540630e+00 
-1.992193e+01 -1.362845e+00 -2.865155e+00 2.767970e+00 3.654150e+00 2.097234e+00 -2.686758e+00 2.158013e-01 2.554197e+00 -8.166730e-01 -2.885474e-01 1.496388e+00 
-2.003177e+01 -2.865023e+00 -6.407542e+00 1.147540e+00 3.486185e+00 8.024182e-01 1.980187e+00 -4.879081e-01 4.378942e+00 2.302699e+00 -2.163501e+00 -3.062671e+00 
-1.831542e+01 -2.839121e-01 -2.091722e+00 3.986792e+00 9.707639e-01 2.247645e+00 4.925318e+00 1.556179e+00 4.901647e+00 -1.564456e+00 -2.307868e+00 1.861524e+00 
-1.922660e+01 6.602492e-01 -2.817271e+00 -2.495705e+00 -2.544327e+00 4.469647e-01 -5.891107e-01 3.088231e+00 2.807678e+00 7.894743e-02 -1.340748e+00 -7.677439e-01 
-1.974288e+01 -7.934715e-01 -5.777761e+00 -5.023545e+00 -3.020085e+00 8.552750e-01 2.057419e+00 1.477889e+00 -1.079023e+00 3.320715e+00 2.965808e+00 -7.999909e-02 
-1.943421e+01 -2.862752e+00 -7.320984e+00 -6.268458e-01 -3.983493e+00 9.067129e-01 4.408237e+00 5.067252e-02 1.175305e-01 2.605594e+00 7.871864e-01 3.886632e+00 
-1.891298e+01 -2.176618e-01 -7.581745e+00 -9.110430e-01 -5.466173e+00 -2.074201e+00 -1.581972e+00 -1.258209e+00 4.273456e+00 1.084930e+00 -1.090935e+00 -1.059559e+00 
-1.896571e+01 -5.629205e-01 -4.982988e+00 -3.826927e-01 -8.389468e+00 -3.888362e+00 -3.006423e+00 -3.974059e+00 -1.275531e-01 6.430118e+00 7.967494e+00 1.808147e+00 
-1.822919e+01 6.477563e-01 -3.148296e+00 1.076394e+00 -2.195342e+00 -1.229201e+00 3.138663e+00 2.747625e+00 -3.817452e+00 -8.753143e+00 -5.874488e+00 7.860609e-01 
-1.870702e+01 1.134980e+00 -3.822318e+00 -7.858562e-01 -4.620253e+00 -1.895765e+00 -4.780688e+00 4.596698e-01 -2.145426e+00 -1.899669e+00 4.780883e-01 -1.709471e+00 
-1.866034e+01 6.371562e-01 -5.541984e+00 -3.538021e+00 -7.741626e-01 -2.902174e+00 -3.268267e+00 6.465496e+00 1.101194e+01 4.545017e+00 3.819335e+00 6.567238e-01 
-1.202615e+01 -7.695995e+00 -3.429355e+00 -1.023901e+01 -4.538968e-01 -2.367574e+00 -6.685050e+00 -5.726583e+00 -4.834523e+00 4.913235e+00 -5.679435e+00 -2.223300e+00 
-1.238425e+01 -7.409415e+00 -3.417384e+00 -1.138630e+01 4.726693e-01 -3.610243e+00 -7.182306e+00 -9.156940e+00 -3.836345e+00 5.468486e+00 -5.301095e+00 -3.036569e+00 
-2.515228e+01 -5.598321e+00 -2.475836e+00 -9.821464e+00 1.142791e+00 -5.219361e+00 -1.849599e+00 -5.364830e+00 1.215421e+00 -9.019375e-01 3.269334e-01 -3.248750e-02 
-2.861299e+01 -4.136651e+00 -8.561022e-01 -9.961035e+00 5.779741e-01 -9.716805e+00 -8.682337e+00 -1.052585e+00 -2.183737e+00 2.353239e+00 4.880446e-01 6.315016e-01 
-2.684721e+01 -4.750915e-01 -2.265562e+00 -1.321511e+01 7.645682e-03 -6.605346e+00 -4.480847e+00 -2.339420e+00 -4.064635e+00 5.028630e-01 -2.061675e+00 2.810582e+00 
-2.930448e+01 -5.989387e+00 1.254965e+00 -1.044390e+01 7.294041e-01 -7.901226e+00 -3.331044e+00 -2.801510e+00 -4.618829e+00 -5.625988e-01 5.181086e+00 2.960156e+00 
-2.844163e+01 -5.624821e+00 4.136342e+00 -1.205772e+01 -3.126260e+00 -1.384579e+00 -5.837416e-01 2.483509e+00 -3.206580e+00 -3.276278e+00 -1.940389e+00 -6.038598e+00 
-2.800829e+01 -6.637883e+00 3.848517e+00 -1.411941e+01 -6.574049e+00 3.826611e+00 -1.010375e+00 -1.843133e+00 3.122330e-01 2.559868e+00 -2.203326e+00 -1.178338e+00 
-2.798906e+01 -4.593210e+00 7.984771e+00 -1.622037e+01 -8.903809e+00 -2.256300e-01 2.165626e+00 -4.557184e+00 -2.108165e+00 3.453769e+00 1.422127e+00 1.700219e+00 
-2.747498e+01 -6.967999e+00 6.454040e+00 -1.055081e+01 -6.821210e+00 -3.149785e+00 2.415080e+00 -7.094407e+00 -3.203431e+00 -3.631900e-01 -1.251141e+00 -5.597209e+00 
-2.136586e+01 -2.873352e+00 1.412852e+01 -3.766623e+00 -2.655144e+00 -1.183439e+00 3.001133e+00 -9.156940e+00 -3.107098e-01 5.153557e+00 -3.813533e+00 -4.525852e+00 
-1.149230e+01 -1.138730e+00 1.930990e+01 1.236571e+00 -3.272178e+00 -7.332572e+00 -4.277236e+00 -9.442204e+00 -6.481359e+00 2.565715e-02 -6.156433e+00 -1.468686e+00 
-6.172423e+00 -5.782686e+00 2.357731e+01 -5.141345e+00 -6.325146e+00 -8.633418e+00 -8.202426e+00 -7.232539e+00 -1.283307e+01 -3.831309e-01 -4.917466e-01 8.919355e-01 
-4.889964e+00 -5.547214e+00 2.424196e+01 -2.342138e+00 -9.628468e+00 -8.291445e+00 -9.363380e+00 -5.493513e+00 -1.492179e+01 -2.177122e+00 8.948955e-01 3.025264e+00 
-5.418875e+00 -4.287323e+00 2.156409e+01 1.153329e-01 -8.037292e+00 -9.287920e+00 -1.020467e+01 -5.679339e+00 -1.103036e+01 -3.974552e+00 1.733036e+00 3.352874e-01 
-5.774778e+00 -4.951559e-01 1.606627e+01 -1.288936e+00 -7.461742e+00 -8.941690e+00 -1.269095e+01 -1.225813e+00 -8.661396e+00 -1.902763e+00 2.769849e+00 -1.381582e+00 
-6.984190e+00 2.365721e+00 1.589399e+01 6.969459e-01 -7.169325e+00 -9.202782e+00 -1.044339e+01 -2.347069e+00 -8.491360e+00 5.908780e-01 -1.744884e+00 3.640290e-01 
-1.105346e+01 -2.255899e+00 1.041697e+01 7.310462e+00 8.577367e+00 -3.610597e+00 -1.136562e+01 -9.865149e+00 -7.756864e-01 7.731776e+00 -4.177843e+00 -1.463407e+00 
-1.583179e+01 -1.702425e+00 9.383301e+00 9.257854e+00 8.799870e+00 -5.314788e+00 -5.704991e+00 -5.116462e+00 -1.750248e+00 4.604152e+00 -7.778406e+00 -6.218672e+00 
-1.823743e+01 -7.024785e+00 1.072510e+01 2.043287e+00 2.372797e+00 -6.637982e+00 -3.865471e+00 -2.487000e+00 -1.569191e+00 5.790634e+00 -1.399159e+01 1.289039e+00 
-1.761789e+01 -9.019865e+00 3.186987e+00 -5.734621e+00 9.762757e-01 -5.052987e+00 -4.175637e+00 -2.731769e+00 4.533234e+00 5.714309e+00 -1.221666e+01 -2.081351e+00 
-1.519413e+01 -8.936957e+00 6.820978e+00 -4.588112e+00 2.126215e+00 -7.751524e+00 -9.309277e+00 -6.284961e+00 2.924709e+00 6.189452e+00 -4.211332e+00 4.182260e+00 
-8.328163e+00 -3.544183e+00 8.042025e+00 -2.445553e+00 3.130237e+00 -1.230537e+01 -1.138008e+01 -3.958311e+00 2.358445e+00 4.147231e+00 -2.823333e+00 7.192500e+00 
-6.861327e-01 -8.211233e+00 5.485426e+00 -5.425542e+00 1.500479e+00 -1.431713e+01 -2.080029e+01 4.713422e+00 2.128056e+00 -1.700604e+00 -3.740671e+00 4.852994e+00 
5.643049e-02 -1.080673e+01 5.478139e+00 -7.316562e+00 3.337656e+00 -1.493651e+01 -2.029353e+01 9.327578e+00 3.301518e+00 -1.834002e+00 -1.725424e+00 1.248566e+00 
1.135674e+00 -1.242627e+01 1.049896e+00 -8.863124e+00 2.915566e+00 -1.300777e+01 -1.601605e+01 7.987650e+00 1.237988e+00 1.291903e+00 1.006225e+00 -1.913301e+00 
2.263799e+00 -1.313495e+01 -1.129875e+00 -9.706774e+00 3.561029e+00 -9.159503e+00 -1.505458e+01 6.918588e+00 2.563644e+00 3.663148e+00 -1.894681e+00 -2.213915e+00 
3.675877e+00 -1.524096e+01 -3.400729e+00 -7.711950e+00 1.796725e-01 -8.586592e+00 -9.246500e+00 9.768970e+00 -3.080102e+00 5.131554e+00 -4.836005e-01 -3.799394e+00 
3.845041e+00 -1.553662e+01 -4.444292e+00 -7.203427e+00 -1.666788e+00 -8.159479e+00 -3.847299e+00 3.904426e+00 8.407109e-01 2.749994e+00 2.840449e+00 -5.068716e+00 
4.509064e+00 -1.447207e+01 -7.057621e+00 -4.696970e+00 -9.006444e-01 -7.876749e+00 -4.767059e+00 8.313220e-01 2.719511e+00 4.849631e+00 9.415091e-01 -5.228848e+00 
4.008712e+00 -1.435585e+01 -7.282469e+00 -6.386214e+00 -5.969141e-01 -6.385405e+00 -5.187497e+00 3.987392e-02 3.220699e+00 4.705919e+00 2.015433e+00 -1.569282e+00 
4.931973e+00 -1.259624e+01 -8.837664e+00 -6.241589e+00 -1.376112e+00 -7.734851e+00 -9.504891e-01 -9.198524e-01 -1.132029e+00 6.251338e+00 7.111704e+00 -7.519082e+00 
4.199296e+00 -1.126442e+01 -8.582628e+00 -7.262522e+00 -2.059867e+00 -5.441077e+00 -6.291870e+00 -4.561507e-02 2.084497e+00 3.180442e+00 9.036892e+00 -6.245068e+00 
5.056649e+00 -1.178723e+01 -7.112272e+00 -4.943456e+00 -5.008691e+00 -7.153780e+00 -4.384617e+00 -1.071933e+00 5.613282e+00 9.304357e-02 7.317619e+00 -1.846140e+00 
4.183369e+00 -9.775875e+00 -7.769118e+00 -5.340788e+00 -3.267536e+00 -4.858232e+00 -6.699504e+00 -1.918274e+00 1.418520e+00 2.802253e+00 9.436954e+00 -2.791679e+00 
5.150019e+00 -1.057353e+01 -5.811593e+00 -6.014542e+00 -4.308400e+00 -4.494619e+00 -7.031973e+00 -1.790940e+00 -3.505949e-01 3.717814e+00 8.216402e+00 1.456795e+00 
5.593799e+00 -8.995257e+00 -5.977625e+00 -4.791055e+00 -6.485569e+00 -5.619158e+00 -6.032503e+00 -2.653479e+00 -2.187410e+00 3.157750e+00 1.119741e+01 2.387978e-01 
5.865670e+00 -2.828302e+00 -8.355178e+00 -4.582281e+00 -4.302598e+00 -3.985562e+00 -6.322845e+00 -3.710843e+00 -6.297153e+00 3.029166e+00 1.164499e+01 -7.117272e-01 
5.617416e+00 -5.848777e-01 -9.213970e+00 -7.921890e+00 -2.227253e+00 -3.901133e+00 -7.350812e+00 -5.008026e+00 -6.290855e+00 2.523424e+00 8.828262e+00 2.373300e+00 
4.617812e+00 -1.127970e-01 -9.121325e+00 -9.738653e+00 -2.535625e+00 -4.479011e+00 -1.080394e+01 -6.967073e+00 -1.009306e+01 -1.573051e+00 6.367244e+00 1.476445e+00 
4.170187e+00 -3.176051e-01 -8.788738e+00 -7.671517e+00 -4.812297e+00 -2.160049e+00 -6.466157e+00 -9.866050e+00 -1.354733e+01 5.453705e-02 1.410782e+01 8.953361e+00 
3.404556e+00 8.101642e-01 -9.863529e+00 -9.564870e+00 -2.821949e+00 -2.678685e+00 -8.866536e+00 -1.128337e+01 -1.352948e+01 -3.475686e+00 9.281727e+00 1.052682e+01 
3.949944e+00 1.198202e+00 -9.867173e+00 -7.288181e+00 -4.934427e+00 -2.182398e+00 -8.876449e+00 -1.118033e+01 -1.588480e+01 -6.760774e+00 8.768977e+00 9.141355e+00 
3.948846e+00 5.471156e+00 -7.431847e+00 -7.893898e+00 -5.130822e+00 -6.268455e-01 -7.123247e+00 -1.172926e+01 -2.338058e+01 -5.995113e+00 9.005213e+00 6.217046e+00 
-1.446271e+00 4.756410e+00 -7.146624e+00 -1.891154e+00 -9.496706e-01 -1.922371e+00 -7.018343e+00 -8.266505e+00 -1.476540e+01 -7.954133e+00 2.816916e+00 3.217964e-01 
-9.091214e-01 6.433867e+00 -6.317499e+00 -9.907772e+00 -4.808526e+00 -8.820013e+00 -1.085639e+01 -1.104715e+01 -1.364599e+01 -1.110685e+01 1.390448e+00 2.288542e+00 
-4.479137e+00 3.854649e+00 -1.046077e+00 -1.147809e+00 -3.756058e+00 -9.879749e-01 -3.678793e+00 -1.143410e+01 -1.183856e+01 -6.232341e+00 7.094960e+00 7.424192e+00 
-9.792418e+00 6.056808e+00 -9.487476e-01 -5.708616e-01 -4.487099e+00 -2.973832e+00 -3.186906e+00 -6.112184e+00 -1.189524e+01 -7.486897e+00 4.864295e+00 6.620014e+00 
-1.269731e+01 6.124952e+00 2.598070e-01 3.881044e+00 1.842502e+00 -4.320910e-01 -5.112330e+00 -2.246282e+00 -8.446227e+00 -9.821699e+00 -2.456307e+00 1.515452e+00 
-1.733559e+01 3.166024e+00 -3.432999e+00 6.265770e-01 -2.273958e+00 5.239911e+00 -2.307620e+00 -1.128176e+00 1.143817e-01 -2.116956e+00 -5.005122e+00 -1.315007e+00 
-1.891024e+01 -2.018534e+00 -3.247187e+00 -5.770821e-01 -5.429040e+00 -5.393391e-02 -4.686936e+00 -3.872822e+00 3.307816e+00 2.260974e-01 -2.570805e+00 3.325584e+00 
-1.901075e+01 -3.350354e+00 -5.046487e+00 -5.751382e-01 -6.005171e+00 -2.503087e+00 -1.832253e+00 -4.289657e-01 -1.010799e+00 3.800328e+00 2.524562e+00 2.340159e+00 
-1.980769e+01 -3.081408e-01 -1.400524e+00 -1.568555e-02 -2.083945e+00 -4.027421e+00 -3.511114e+00 3.785191e+00 1.408024e+00 4.329449e+00 4.378105e-01 2.458351e+00 
-1.977913e+01 -1.328017e+00 -6.489257e+00 -8.694437e-01 -6.224425e-01 -1.248827e-01 -3.528724e-01 2.530303e+00 9.860817e-01 -8.778709e-01 -4.691045e+00 -1.898051e+00 
-1.956712e+01 -8.127787e-01 -4.149179e+00 -1.823507e+00 -7.463134e-01 -9.340538e-01 -2.088315e+00 1.308260e+00 2.359057e-02 4.516356e-01 -2.058055e+00 3.809206e+00 
-1.959568e+01 -1.891712e+00 -3.355968e+00 1.712436e+00 3.325762e+00 -4.001880e+00 -3.532854e-01 2.496557e+00 3.095270e+00 1.003448e+00 2.468445e+00 -3.059738e+00 
-2.020478e+01 7.825283e-01 -3.251872e+00 -1.534644e+00 1.941773e-01 1.405128e+00 2.947855e+00 -7.232277e-01 -2.527483e+00 2.564337e+00 -3.169088e+00 -9.357942e-01 
-2.079246e+01 -5.360417e-01 -2.095886e+00 2.559974e+00 -3.658295e+00 1.980523e+00 -2.378657e+00 -2.866752e+00 -3.116839e+00 1.612676e+00 -4.648505e+00 -5.527687e-01 
-1.962534e+01 -7.162426e-01 -2.624173e+00 2.285496e+00 -9.029651e-01 1.826919e+00 4.120110e-01 2.393071e+00 2.424570e+00 1.718913e+00 -1.521319e+00 -3.740737e+00 
-2.341615e+01 -4.398623e+00 3.415223e-01 9.760891e-01 6.580405e-01 1.303317e+00 -1.965240e+00 5.871122e+00 -6.139711e+00 6.898041e+00 -4.303655e+00 -2.474935e+00 
-2.231384e+01 -1.787983e+00 -1.124670e+00 6.335750e-01 -1.500853e+00 -3.191999e+00 -1.376709e+00 2.698581e+00 -5.381369e+00 2.103291e+00 -4.705075e+00 -3.453028e+00 
-1.962150e+01 -6.806567e-01 -4.194461e+00 -1.965022e+00 -5.234386e+00 -4.689374e+00 3.300974e+00 1.331208e+00 2.493845e+00 -3.779738e-01 7.681789e-01 2.711160e+00 
-1.599875e+01 9.040503e-01 -4.024785e+00 -4.401887e+00 -5.765841e+00 -3.495306e+00 -4.058757e+00 5.068876e+00 -4.130236e+00 -1.541421e+00 -2.511972e+00 -5.750581e-01 
-1.881577e+01 -1.959477e+00 -4.797177e+00 -3.106865e+00 -1.600065e+00 9.964631e-01 1.599397e+00 -2.835256e+00 -3.699256e-03 1.709974e+00 -6.103172e-01 1.248859e+00 
-1.932656e+01 -1.474903e+00 -5.180771e+00 -6.723329e-01 -2.490660e+00 -2.314008e+00 9.441093e-02 -7.934187e-01 3.461059e+00 1.202169e+00 -4.880215e+00 -9.047064e-01 
-2.006528e+01 -1.884898e+00 -3.830646e+00 1.637791e+00 -2.175616e+00 2.248949e-01 -4.090971e+00 3.267484e-02 2.248236e+00 4.672914e+00 1.111671e+00 4.532437e+00 
-1.884873e+01 -6.045635e-01 -4.610324e+00 -2.108093e+00 -1.748885e+00 -1.017773e+00 -1.830188e+00 8.191735e-01 -2.257209e+00 3.215854e+00 -3.980980e+00 1.040043e+00 
-1.578895e+01 2.474750e+00 -2.889618e+00 -4.024772e+00 -9.635720e+00 -6.816419e+00 -5.185845e+00 -1.840434e+00 2.174764e+00 7.482515e+00 1.853416e+00 -1.043135e+00 
-1.834892e+01 9.570505e-01 -7.397495e+00 -2.840552e+00 -4.799532e+00 -3.167877e+00 -1.235875e+00 -2.893748e+00 -2.706442e+00 4.526670e-01 2.184690e+00 3.613294e+00 
-2.050137e+01 -2.100306e+00 -6.327909e+00 -1.864717e+00 -1.043081e+00 2.432467e+00 3.816816e+00 -6.399885e-01 -4.411531e+00 -3.595675e+00 1.435251e+00 3.312973e+00 
-1.989666e+01 -7.302498e-01 -4.732637e+00 -1.914136e-01 -2.079014e+00 -1.820559e+00 1.336463e-01 2.649538e+00 3.424323e+00 2.007712e+00 2.879369e+00 -1.815052e+00 
-2.064142e+01 -1.709997e+00 -1.473912e+00 1.950757e+00 -1.287632e+00 5.210822e+00 -3.340130e+00 8.801771e-02 -7.106107e-01 -7.574568e+00 -2.050361e+00 -1.426747e+00 
-2.054970e+01 -2.715487e+00 -3.270088e+00 4.349133e+00 -2.318053e+00 -5.307099e-01 1.588246e+00 3.419838e+00 -1.624295e+00 -2.734436e+00 -4.512737e+00 -8.544394e+00 
-2.003177e+01 -1.292431e+00 -4.685274e+00 -2.917185e-01 1.048800e+00 4.725062e-01 8.411222e-01 -2.211186e+00 -6.355931e+00 4.853288e-01 1.130226e+00 -2.263465e-01 
-1.907336e+01 -2.941495e+00 -1.568119e+00 -5.020478e-01 1.611295e+00 2.330540e-01 -2.774315e+00 2.113657e+00 8.176196e-01 3.872872e+00 5.572861e-01 -2.931867e+00 
-1.873943e+01 -1.254952e+00 -1.623810e+00 -1.965411e+00 -1.190740e+00 2.337750e+00 -2.235344e+00 2.110507e+00 1.033839e+00 1.122749e+00 -8.895463e-01 -8.522090e-01 
-1.744928e+01 1.553303e+00 -4.345134e-01 1.658785e+00 7.357862e-01 1.125235e+00 -6.159559e-01 1.119735e+00 -1.244043e-01 -1.373080e-01 -1.182805e+00 1.420149e-01 
-1.945892e+01 3.104477e-01 -4.750334e+00 -3.418666e+00 2.608355e+00 2.909243e+00 2.200318e+00 3.590366e+00 2.653385e+00 -1.452031e+00 -3.987315e+00 -1.292718e+00 
-1.958360e+01 -5.579990e-01 -3.434040e+00 1.436403e+00 -2.682703e+00 -5.498660e-01 7.395232e-01 1.508935e+00 7.027104e+00 1.517097e+00 -7.859102e-01 -3.024251e+00 
-2.082981e+01 -1.080430e+00 -3.447052e+00 2.192578e+00 -6.147027e+00 -1.643897e+00 2.107805e+00 3.068434e+00 2.312787e+00 6.079777e+00 -3.530683e+00 -7.700902e-01 
-2.126645e+01 -1.951527e+00 -3.343476e+00 3.041671e+00 7.900926e-02 1.878711e+00 -2.427804e+00 -3.509269e+00 -3.298946e+00 1.287777e+00 -2.262612e+00 -1.022899e+00 
-1.969564e+01 -1.805776e+00 -5.887583e+00 7.964733e-01 -1.372630e+00 6.743556e-01 4.334310e+00 1.152580e+00 -4.340683e+00 2.115668e+00 -7.189314e-01 3.189502e+00 
-2.111980e+01 -3.043550e-01 -1.823675e+00 -2.063772e+00 -3.700359e+00 6.848321e+00 -1.324258e+00 -1.443135e+00 1.527680e+00 5.602790e-01 -3.692247e+00 -2.693430e+00 
-1.953856e+01 8.241714e-01 -9.307850e-02 -7.170424e-01 -5.576989e+00 9.840471e-01 -5.647434e-01 -3.465624e+00 -2.293421e+00 5.918187e+00 9.727357e-01 -2.071086e+00 
-1.967532e+01 -6.420422e-01 -3.296113e+00 -2.505425e+00 -7.433893e+00 2.020609e+00 2.199641e-01 -1.613663e+00 -2.334355e+00 6.909261e-01 2.290589e+00 4.965921e-01 
-1.901954e+01 2.756190e-01 -5.805346e+00 -1.608512e+00 -4.476656e+00 1.473594e+00 4.120110e-01 -7.700217e-01 2.988210e+00 3.479211e+00 1.543866e+00 5.039242e-01 
-1.938752e+01 6.318563e-01 -3.704169e+00 4.026058e+00 -2.207236e+00 -2.532885e+00 -3.833670e+00 -3.399033e+00 5.491527e+00 6.751110e-01 -3.094416e+00 -6.077897e+00 
-1.981098e+01 -9.085577e-01 -6.026551e+00 -6.280121e-01 1.107689e+00 -1.874480e+00 -6.121299e+00 -4.768207e+00 7.026874e-01 -1.409055e+00 -2.318729e+00 -6.741872e-01 
-1.843186e+01 7.421807e-02 -3.999281e+00 -1.963856e+00 -4.407613e+00 -6.244926e+00 -2.051558e+00 -3.534016e+00 -2.727434e+00 -4.065098e-01 1.287124e-01 -1.800081e-01 
-1.826874e+01 2.157127e+00 -5.762147e+00 -3.489813e+00 -3.194432e+00 2.405036e-01 -6.006484e+00 -9.882247e+00 -5.419680e+00 1.714319e-01 -4.148427e+00 -2.434169e+00 
-1.936446e+01 -3.380480e-01 -5.024106e+00 -1.866661e+00 1.286968e+00 -1.694625e+00 -6.352994e+00 -4.513539e+00 -1.195005e+00 4.849850e-01 -2.836457e+00 -5.571679e-01 
-1.947430e+01 2.453331e-01 -6.468959e+00 -2.347580e+00 -2.247211e-01 5.138809e+00 -2.449281e+00 4.406111e+00 3.245364e+00 -1.366203e-01 -3.040109e+00 1.392860e+00 
-1.891848e+01 -1.206116e+00 -5.736123e+00 -3.776342e+00 -1.238896e+00 -6.002636e+00 -5.132154e+00 -3.372936e+00 -3.027622e+00 -3.444400e+00 -1.109490e+00 6.230243e+00 
-1.869769e+01 -8.809218e-01 -5.170882e+00 -2.050208e-01 -9.125383e-01 -4.255522e+00 -5.875975e+00 -6.266963e+00 7.856064e-01 -9.708240e-02 -3.782948e-02 7.159666e-01 
-1.794084e+01 3.293763e-01 -4.464590e+00 -2.777959e+00 -7.145537e+00 1.492395e+00 -1.226376e+00 6.405465e-01 -1.378162e+00 -1.637687e+00 -2.435037e+00 3.297136e+00 
-2.044095e+01 -1.642830e-01 -2.882331e+00 -1.425009e+00 -3.163392e+00 -1.906762e+00 1.015410e+00 2.749425e+00 9.472462e-01 3.744631e+00 -1.651204e+00 2.093803e+00 
-1.895802e+01 -2.659837e+00 -6.551715e+00 -3.213780e+00 -7.735240e-02 -3.809254e+00 -3.956332e+00 1.912083e+00 5.611707e+00 2.243783e-01 -1.204528e+00 4.612797e+00 
-2.117473e+01 -3.324233e+00 -6.566809e+00 -4.468412e-01 -7.361600e-01 2.107876e+00 2.881362e+00 3.136825e+00 5.063287e+00 -2.192594e+00 -1.972711e-02 1.939257e-01 
-2.053762e+01 -1.368903e+00 -2.574207e+00 -8.100038e-02 -1.899154e+00 -2.411563e+00 1.195067e+00 6.334563e+00 4.255088e+00 -1.604682e+00 -4.605200e-01 -1.617087e+00 
-2.107422e+01 -1.901176e+00 -3.668256e+00 -1.519871e+00 -2.849508e+00 2.080916e+00 3.706957e+00 5.678998e+00 3.783583e-01 -1.501195e+00 -1.139812e+00 -3.819044e+00 
-1.969509e+01 -5.897992e-01 -2.578371e+00 -1.848000e+00 -4.349884e+00 1.055705e+00 7.271330e-01 -8.267145e-01 6.439093e-01 3.409293e-01 -2.276641e+00 -2.171095e+00 
-1.919529e+01 2.441974e-01 -6.816639e+00 -3.725801e+00 -1.734380e+00 -4.306720e-01 4.661145e-01 5.775546e-01 1.636314e+00 1.164225e-01 1.497705e+00 1.684675e+00 
-1.835057e+01 8.457500e-01 -6.184256e+00 -3.014725e+00 -3.186310e+00 -2.094776e+00 -1.834731e+00 6.023015e-01 2.589359e+00 -1.349576e+00 -3.093511e+00 2.539297e+00 
-2.029870e+01 -1.273124e+00 -5.577897e+00 1.281626e-01 -1.910758e+00 6.384110e-02 -9.769214e-01 -2.428958e+00 1.072150e+00 5.647485e-01 -2.935567e+00 1.215718e+00 
-1.983789e+01 -1.343538e+00 -2.986947e+00 9.970831e-01 -1.921202e+00 -1.935851e+00 -4.204960e+00 -2.491774e-02 4.854184e-01 3.247703e-01 -4.442590e+00 4.361762e-01 
-1.994939e+01 -1.281452e+00 -4.568166e+00 3.563757e-01 2.454314e+00 -4.519567e-01 -1.104127e+00 -6.899320e-01 -4.036002e-01 -1.727765e+00 -4.460381e-01 3.756415e+00 
-1.952209e+01 8.540787e-01 -2.532048e+00 -2.160578e+00 1.230980e+00 2.830490e+00 -1.089671e+00 7.472017e+00 -7.022138e-01 -1.204833e+00 -3.298520e+00 6.781333e-01 
-1.776015e+01 1.771900e-01 -4.613968e+00 -4.263093e+00 -5.466463e+00 -2.472933e+00 -7.667024e-01 -4.085195e+00 -3.915066e+00 -2.496176e+00 2.572533e+00 5.353053e-01 
-2.027124e+01 -1.394267e+00 -6.134290e+00 9.655920e-01 3.334175e+00 3.011764e+00 -1.258177e+00 -1.593866e+00 2.440315e+00 -2.059884e+00 -2.926516e+00 -2.005098e+00 
-2.194530e+01 -2.785902e+00 -3.581336e+00 2.983354e+00 -1.149256e+00 5.271483e+00 1.493668e+00 -5.088115e+00 2.099192e+00 1.296373e+00 7.129666e-01 5.622872e-01 
-2.015096e+01 -1.348460e+00 -4.049767e+00 -7.570866e-01 -3.842738e-01 3.313181e-01 1.045559e+00 -7.052301e-01 -4.845544e+00 1.899412e+00 9.220490e-01 1.152369e+00 
-1.962424e+01 4.577126e-01 -3.794732e+00 -3.253435e+00 -7.744527e-01 4.933767e+00 -3.489225e+00 -2.019061e+00 -3.781766e+00 -4.087665e+00 1.878760e+00 1.777352e+00 
-1.881193e+01 1.731233e+00 -6.364863e+00 -3.430718e+00 -6.430741e+00 2.190531e+00 -2.044950e+00 3.745147e+00 6.180070e+00 -1.379956e-01 -2.517402e+00 -1.298583e+00 
-2.003397e+01 -1.642990e+00 -5.237503e+00 5.223842e-01 4.491077e+00 3.815614e+00 -1.699116e-01 -5.720734e+00 1.598004e+00 1.563512e+00 -9.538098e-01 -9.372606e-01 
-1.929965e+01 -6.859567e-01 -4.003445e+00 3.338265e-01 2.950378e+00 4.989817e+00 5.458243e-01 -4.266071e+00 -6.486838e-01 2.831476e+00 -1.522224e+00 -1.935297e+00 
-1.926120e+01 9.320647e-01 -7.515644e+00 -2.112369e+00 2.830858e+00 6.672607e-01 -1.573712e+00 -1.251910e+00 2.298387e-01 -8.785585e-01 -2.234553e+00 8.312262e-01 
-1.933809e+01 -1.469603e+00 -5.125079e+00 -2.068826e+00 5.663354e+00 2.356906e+00 -1.774432e+00 4.249532e+00 -4.427800e+00 -5.000820e+00 -2.078420e+00 2.775095e+00 
-2.002958e+01 -1.234509e+00 -2.070636e-01 8.112469e-01 3.795485e-01 6.058900e-01 6.309031e-01 4.511209e-01 -3.028672e+00 -3.296562e+00 -2.276641e+00 -8.777245e-01 
-2.001035e+01 -1.339752e+00 4.648761e-01 3.372910e+00 -1.739543e-01 -2.954676e+00 -3.993916e+00 -1.469682e+00 -5.620911e-01 -2.396128e+00 8.754355e-01 -1.801854e+00 
-1.693245e+01 -1.881491e+00 -5.332751e+00 -2.003123e+00 -4.827382e+00 -4.363009e+00 3.075210e-01 -6.318895e-01 -1.446911e+00 -3.363729e-01 -1.721803e+00 8.582081e-01 
-1.794579e+01 1.756757e-01 -5.988035e+00 -1.330535e+00 -6.454819e+00 -4.650707e+00 -1.253634e+00 -3.619055e+00 -2.260883e+00 4.014396e-01 6.163592e+00 2.753979e+00 
-1.864221e+01 -6.708138e-01 -5.105822e+00 -1.626007e+00 -6.904468e+00 -6.584177e-01 -5.306442e+00 -1.925473e+00 1.080022e+00 9.584090e-01 5.778917e+00 6.403000e-01 
-1.816768e+01 -2.572522e-02 -9.411232e+00 -5.202383e+00 -4.479267e+00 -3.110408e+00 -2.043298e+00 6.189493e-01 1.029116e+00 1.621271e+00 6.053168e+00 6.034038e+00 
-1.836265e+01 8.673287e-01 -6.791136e+00 -5.792938e+00 -3.252451e+00 -3.127081e+00 -5.004123e+00 3.091831e+00 6.014757e+00 1.549072e+00 2.097346e+00 -5.548217e-01 
-1.736634e+01 -7.381998e-01 -7.146103e+00 -4.226548e+00 -2.476445e+00 -3.380368e+00 -6.083302e+00 3.440536e+00 4.430897e+00 1.425301e+00 1.793226e+00 4.055855e+00 
-1.959678e+01 -1.747854e+00 -3.054610e+00 -8.177361e-01 -3.136123e+00 -3.267560e+00 -4.642332e+00 -7.115293e-01 1.743374e+00 1.044017e+00 2.382458e+00 3.141110e+00 
-1.830773e+01 -1.770190e+00 -3.528247e+00 -3.073819e+00 -3.601146e+00 -2.071833e-01 -5.187084e+00 1.261467e+00 -1.688846e+00 9.716927e-02 -9.637661e-01 -2.011844e+00 
-1.857411e+01 -2.445405e-01 -3.907676e+00 -1.626439e-01 -5.660827e+00 1.450775e-01 -2.107313e+00 4.063705e+00 2.404103e+00 4.236621e+00 7.283536e-01 -1.826197e+00 
-1.904975e+01 -1.201952e+00 -6.357056e+00 -1.475939e+00 -6.987435e+00 -5.883087e+00 -1.820276e+00 -1.522513e-01 3.001855e+00 3.658679e+00 4.235237e+00 3.792782e+00 
-1.821381e+01 1.665899e-01 -3.164952e+00 -2.681153e+00 -6.426100e+00 -3.696091e+00 -5.116873e+00 -3.535365e+00 -4.518822e-01 2.915022e+00 1.818569e+00 -1.568402e+00 
-1.902723e+01 -2.824895e+00 -4.686315e+00 -1.284314e-01 -3.581130e+00 -1.577205e+00 -2.563270e+00 3.287367e-01 -6.462991e+00 3.944727e+00 5.174609e-01 -3.070296e+00 
-1.763821e+01 4.187196e-01 -8.136056e+00 6.094707e-01 -2.630486e+00 -3.883041e+00 -3.601149e+00 4.223435e+00 -3.017651e+00 -3.426866e+00 -1.330792e+00 -2.012137e+00 
-1.760856e+01 -7.321426e-01 -7.813879e+00 -1.754304e+00 -3.218220e+00 -3.371350e-02 2.221794e+00 1.852052e-01 2.516411e+00 4.477286e+00 2.685533e-01 -1.036390e+00 
-1.938972e+01 -8.801647e-01 -5.036598e+00 -2.997230e+00 -1.555391e+00 8.506634e-01 5.053499e-01 3.207466e+00 -3.591787e+00 -2.991261e+00 5.087217e-02 2.018429e+00 
-1.812923e+01 5.129843e-01 -6.828610e+00 -5.398716e+00 -3.535585e+00 -1.108233e+00 -6.919223e+00 -1.939871e+00 -4.363249e+00 -3.558544e+00 4.688701e+00 5.499972e+00 
-2.051125e+01 -6.397708e-01 -4.718064e+00 1.473726e+00 2.590079e+00 2.809444e-01 -2.331987e+00 -2.946391e+00 -3.222849e+00 -1.682507e-01 4.666526e+00 2.373314e-01 
-1.933809e+01 -2.721763e-01 -4.760743e+00 -8.954919e-01 8.251358e-01 9.574413e-01 -2.302102e-01 -4.255723e+00 1.036463e+00 -1.157043e+00 -2.112362e+00 -2.087217e+00 
-1.919914e+01 5.478130e-01 -2.920326e+00 -5.555394e+00 -2.931025e+00 -1.903214e+00 1.238019e+00 1.739566e-01 1.931779e+00 -3.068274e+00 -9.782480e-01 -3.333370e+00 
-1.778761e+01 -1.973105e+00 -4.699327e+00 -2.924528e+00 -3.397789e+00 -1.738613e+00 -7.030321e+00 1.290263e+00 2.733974e-01 -4.148863e+00 -3.745337e-01 1.382009e+00 
-1.779694e+01 -1.150466e+00 -4.888782e+00 -3.024833e+00 -4.259084e+00 -3.289554e+00 -7.228976e+00 -1.305903e+00 -7.142844e-01 -7.675084e-01 -1.885630e+00 -1.302103e+00 
-1.857740e+01 2.873009e+00 -2.778235e+00 -4.583447e+00 -6.982794e+00 -2.749634e+00 2.080547e+00 1.973536e-01 -2.309395e-01 -3.271464e+00 1.785532e+00 -1.502414e+00 
-1.842527e+01 1.105611e-01 -1.606114e+00 1.812741e+00 5.739127e-01 1.446633e+00 8.532485e-02 1.744066e-01 -1.452159e+00 -2.033191e-01 2.171113e+00 1.944522e+00 
-1.820228e+01 -3.490267e-01 -4.379231e+00 -4.258471e-01 -7.473926e+00 -3.024205e+00 3.588838e+00 9.528063e-01 -6.190093e+00 -6.272348e-01 2.920099e+00 3.727380e+00 
-1.816328e+01 1.060182e-01 -1.000796e+00 -2.299027e-01 -4.356266e+00 1.635712e+00 2.076004e+00 3.894789e-01 -1.112611e+00 -3.499753e+00 2.035345e+00 -1.114403e+00 
