-3.015149e+01 -1.069340e+00 7.200477e-01 -9.414175e+00 2.286870e+00 -1.681740e+00 -3.744103e-02 -1.678852e+00 1.355852e+00 4.514898e+00 -7.646859e-01 -2.005216e+00 
-2.872145e+01 -3.532091e+00 -1.350439e+00 -1.062405e+01 4.979688e+00 -3.306389e+00 2.353424e-01 -8.146192e-01 -5.704748e-02 3.349619e+00 -1.256473e+00 -1.659108e+00 
-2.920886e+01 -2.228966e+00 -2.101851e+00 -1.286849e+01 2.258871e+00 -4.863548e+00 -1.597929e+00 4.385427e+00 -1.164539e+00 5.444605e+00 -6.622601e-01 -7.508564e-01 
-3.036893e+01 -3.246817e+00 -8.035590e-01 -1.321417e+01 2.477185e+00 -6.338057e+00 3.252619e+00 7.662921e+00 -2.573871e+00 2.590519e+00 -2.429552e+00 -2.624547e+00 
-2.916650e+01 -4.893823e+00 -4.938516e+00 -2.010803e+01 3.281460e+00 -4.858169e+00 -1.614171e+00 2.453517e+00 -6.323471e+00 -9.571156e-01 1.502601e+00 -3.872552e+00 
-2.787652e+01 -5.905210e+00 -1.669911e-01 -1.251888e+01 2.513706e+00 -3.792512e+00 2.767856e+00 6.925638e+00 -6.440283e+00 2.612175e+00 2.525075e+00 -2.757607e+00 
-2.812503e+01 -7.771558e+00 -5.344942e-01 -1.355739e+01 -2.933203e+00 -5.539425e+00 8.183911e-01 -4.036370e+00 -6.206212e+00 2.257791e+00 4.257392e+00 -9.810964e-01 
-2.800812e+01 -7.715968e+00 -2.367088e+00 -1.450332e+01 -5.102147e+00 -4.493331e+00 8.983520e-01 -5.738388e+00 -3.032205e+00 3.590752e+00 -1.763605e+00 -5.490367e-02 
-2.765513e+01 -9.836563e+00 3.961950e+00 -1.127256e+01 -7.593287e+00 -4.016990e+00 2.543799e+00 -1.044203e+01 1.379036e+00 8.694628e+00 -4.791770e+00 -5.452836e+00 
-2.201967e+01 -2.760018e-01 1.437345e+01 -9.110897e-01 -1.897629e+00 -2.831025e+00 4.387482e+00 -6.100520e+00 -3.567671e+00 4.741692e+00 -2.920982e+00 -8.756182e+00 
-1.262782e+01 1.896736e+00 1.625362e+01 3.549187e-01 -5.570427e+00 -9.108078e+00 2.515845e-01 -1.175344e+01 -8.638771e+00 2.886389e-01 -6.504829e-01 -3.078672e+00 
-8.410548e+00 -2.220778e+00 2.156929e+01 2.367382e-01 -1.134197e+01 -9.318373e+00 -6.891178e+00 -2.496293e+00 -1.382579e+01 -3.658152e+00 3.400156e+00 -6.625340e+00 
-6.289770e+00 -4.973114e+00 2.468431e+01 2.069028e+00 -1.030153e+01 -6.465211e+00 -1.082051e+01 -1.466863e+00 -1.528684e+01 -2.770000e+00 5.245962e+00 -7.279431e+00 
-5.975748e+00 -3.838050e+00 2.311422e+01 1.765698e+00 -9.336964e+00 -7.492721e+00 -9.135082e+00 -7.006902e-01 -1.821206e+01 8.174474e-02 6.599267e+00 -6.744946e+00 
-6.853993e+00 -1.910080e+00 2.311532e+01 3.345870e+00 -8.475879e+00 -8.172022e+00 -8.291744e+00 -3.981847e+00 -1.736004e+01 -1.750746e+00 9.867258e+00 -4.495246e+00 
-6.746119e+00 -3.449502e-01 1.995763e+01 5.523345e+00 -8.241333e+00 -8.117737e+00 -7.732017e+00 -2.221643e+00 -1.879747e+01 4.662833e-02 8.733793e+00 -2.002973e+00 
-7.213198e+00 8.452721e-01 1.853520e+01 7.325105e+00 -9.349137e+00 -7.508371e+00 -3.596120e+00 -6.118423e+00 -2.039673e+01 2.235258e+00 7.020748e+00 -1.499136e+00 
-8.122506e+00 2.653014e+00 1.801512e+01 5.363309e+00 -6.525249e+00 -6.433423e+00 -3.020151e+00 -6.377612e+00 -1.869849e+01 6.278048e-01 8.020368e-01 2.594337e-01 
-9.741754e+00 5.338986e+00 1.889286e+01 4.509455e+00 -9.814983e+00 -5.308101e+00 -1.790752e+00 -1.188608e+01 -1.058357e+01 3.100585e+00 3.893370e+00 -1.117895e+00 
-1.157449e+01 5.932805e+00 1.757050e+01 2.450653e+00 6.801448e-02 -1.078359e+01 -6.209427e+00 -5.552440e+00 -3.077236e+00 3.765163e+00 -6.182906e+00 4.381702e+00 
-1.241546e+01 1.531309e+00 1.494001e+01 5.693722e+00 -1.340686e-01 -1.014195e+01 -4.070055e+00 -4.671931e+00 -4.731340e+00 9.957064e+00 -5.878484e+00 1.385218e+00 
-1.317340e+01 -8.043191e-01 1.481040e+01 5.675502e+00 4.694012e+00 -5.115902e+00 -4.896735e+00 -2.372599e+00 1.802148e+00 3.614455e+00 -7.107594e+00 5.192013e-01 
-1.146549e+01 -1.934212e+00 7.254166e+00 1.125062e+00 3.180418e+00 -4.076654e+00 -8.736994e-01 -1.984019e+00 3.445551e+00 1.003258e+00 -6.872050e+00 5.397225e+00 
-7.922572e+00 -5.763584e-01 6.448065e+00 1.485020e+00 -3.755132e-01 -1.199058e+01 -7.686623e+00 -5.934916e+00 2.369269e+00 8.578744e+00 -6.198252e+00 2.934853e+00 
-2.315923e+00 -3.657491e+00 4.164296e+00 3.849562e-01 1.767054e+00 -1.527069e+01 -1.305150e+01 -3.075297e+00 1.717882e+00 -2.708839e+00 -2.914915e+00 3.442427e+00 
4.334636e-01 -7.839213e+00 3.120849e+00 1.304302e+00 -8.681414e-01 -1.804365e+01 -1.523419e+01 9.240193e-01 1.690685e+00 -4.798265e+00 3.984019e+00 1.503328e+00 
3.735778e+00 -1.229285e+01 1.107785e+00 -2.024448e+00 -2.807003e+00 -1.306358e+01 -1.753556e+01 6.245726e+00 1.275599e+00 -2.073803e-01 3.958680e+00 -2.872354e+00 
3.301456e+00 -1.303189e+01 -6.985581e-01 -5.743687e+00 -2.151653e+00 -1.035273e+01 -1.343215e+01 6.024785e+00 -1.622681e-01 5.530640e+00 4.657460e+00 -6.208591e+00 
3.303150e+00 -1.321719e+01 -2.495058e+00 -6.610836e+00 -1.754591e-01 -5.846554e+00 -1.334219e+01 5.737521e+00 -3.487418e+00 3.818716e+00 6.362296e+00 -8.915780e+00 
4.227143e+00 -1.457160e+01 -2.690294e+00 -6.958976e+00 -1.679314e+00 -1.054768e+00 -1.327598e+01 6.065881e+00 -4.996175e+00 4.067457e+00 5.762374e+00 -1.024564e+01 
4.618541e+00 -1.344213e+01 -4.223744e+00 -7.570067e+00 -1.168020e+00 -1.473890e+00 -9.680233e+00 4.004986e+00 -5.943606e+00 7.361375e+00 4.692791e+00 -1.168090e+01 
4.115880e+00 -1.105781e+01 -7.429006e+00 -6.474928e+00 1.215787e-01 -5.505498e-01 -9.402452e+00 2.190259e+00 -3.548946e+00 5.788453e+00 3.329493e+00 -1.104849e+01 
4.345184e+00 -1.180849e+01 -6.467044e+00 -5.814595e+00 -1.525926e+00 -4.370885e-01 -8.067687e+00 2.159742e+00 -4.777709e+00 6.678069e+00 4.264173e+00 -1.196795e+01 
4.675585e+00 -9.635751e+00 -8.347764e+00 -5.882056e+00 5.123537e-01 -1.238165e+00 -5.491028e+00 -1.717100e+00 -1.528353e+00 5.855467e+00 5.206705e+00 -1.325334e+01 
4.404487e+00 -1.129396e+01 -5.197737e+00 -6.726062e+00 -1.905745e+00 1.257985e+00 -9.432854e+00 -6.396568e-01 -2.068277e+00 6.590570e+00 4.536833e+00 -1.275623e+01 
4.413523e+00 -1.049416e+01 -6.209464e+00 -4.852901e+00 -3.917648e+00 1.349928e+00 -8.922270e+00 -1.831029e+00 -3.213220e+00 6.855406e+00 6.067867e+00 -1.234995e+01 
4.177442e+00 -1.026275e+01 -4.099603e+00 -6.599510e+00 -4.195613e+00 1.826759e+00 -1.026078e+01 -2.206181e+00 -4.581089e+00 5.848736e+00 8.691681e+00 -1.123388e+01 
4.466048e+00 -7.634523e+00 -5.165471e+00 -6.288794e+00 -4.353060e+00 1.421819e+00 -9.351227e+00 -5.360795e+00 -1.925159e+00 5.018233e+00 5.998631e+00 -7.478649e+00 
4.348573e+00 -7.825855e+00 -4.957657e+00 -4.288097e+00 -4.820935e+00 9.875361e-01 -1.108913e+01 -6.307626e+00 -2.688901e+00 3.014257e+00 9.997165e+00 -8.677317e+00 
4.390932e+00 -6.348635e+00 -4.708280e+00 -4.195030e+00 -3.463570e+00 2.163230e+00 -1.163761e+01 -8.479603e+00 -5.001971e+00 1.621014e+00 1.056925e+01 -7.921188e+00 
5.016152e+00 -4.869260e+00 -4.806171e+00 -3.189511e+00 -6.072794e+00 4.206024e+00 -1.394940e+01 -8.564236e+00 -6.334617e+00 -1.722639e-01 1.237723e+01 -5.428541e+00 
4.323722e+00 -2.019966e+00 -5.096564e+00 -2.806409e+00 -5.832567e+00 8.907027e-01 -9.509899e+00 -1.364344e+01 -9.768555e+00 -5.459610e-01 1.189972e+01 6.518883e-01 
4.267808e+00 8.625092e-01 -5.198284e+00 -1.340971e+00 -3.889242e+00 3.092133e-01 -1.026578e+01 -1.512207e+01 -1.151584e+01 -5.989589e+00 1.328871e+01 3.747047e+00 
4.075215e+00 5.098959e+00 -6.090244e+00 -4.311733e+00 -1.904527e+00 5.517858e-01 -9.334568e+00 -1.436851e+01 -1.667834e+01 -3.837831e+00 1.276302e+01 4.854516e+00 
2.295569e+00 7.232482e+00 -5.782351e+00 -4.857333e+00 -2.554196e+00 -6.302662e-01 -6.255239e+00 -1.498536e+01 -1.817327e+01 -3.331862e+00 1.268736e+01 2.428399e+00 
2.003009e+00 8.306355e+00 -3.997883e+00 -3.079209e+00 -1.509288e+00 -5.994556e-01 -8.668643e+00 -1.379846e+01 -1.545047e+01 -5.440018e+00 9.601736e+00 3.584818e-01 
-5.724235e-01 7.685388e+00 -5.052814e+00 -2.384406e+00 -2.193855e+00 5.522749e-01 -4.376989e+00 -1.070447e+01 -1.716566e+01 -3.877337e+00 1.102820e+01 4.347689e+00 
1.087106e-01 8.860527e+00 -6.112120e+00 6.444609e-01 9.972719e-01 1.391987e+00 -6.419741e+00 -1.229867e+01 -1.620841e+01 -2.732250e+00 4.399432e+00 6.627275e-01 
-5.204813e+00 9.439694e+00 -3.313736e+00 -1.735399e+00 2.004847e+00 4.353901e-01 -8.848972e+00 -1.876455e+01 -1.845951e+01 -4.274445e+00 5.201708e+00 8.376501e-01 
-9.542948e+00 9.916300e+00 1.633242e-01 1.114721e+00 6.495105e-01 1.576055e-01 -5.787550e+00 -6.864658e+00 -5.223558e+00 1.542295e+00 3.841251e-01 1.427079e+00 
-6.034486e+00 7.994793e+00 -2.372010e+00 -1.932366e+00 -9.594440e-01 -2.071030e+00 -1.149560e+01 -1.241341e+01 -1.661325e+01 -7.370528e-01 4.083590e+00 7.383045e+00 
-1.301244e+01 4.765852e+00 -1.217000e+00 -6.412443e-01 -4.461405e+00 -1.896436e+00 -1.119199e+01 -1.437991e+01 -1.119483e+01 -2.381086e+00 1.718159e+00 -1.959990e+00 
-1.612216e+01 1.660156e+00 -4.542028e+00 -1.939260e+00 -3.763448e+00 -1.417160e+00 -5.466873e+00 -1.041762e+01 -8.502787e+00 -1.526573e-01 1.865909e+00 5.297055e+00 
-1.865919e+01 2.768784e-01 -4.771718e+00 -3.558332e+00 -3.343862e+00 -5.360431e+00 -2.014809e+00 -5.910502e+00 -1.011632e+01 -1.708899e+00 -1.775383e+00 2.644810e+00 
-1.873148e+01 6.810886e-01 -6.228058e+00 -2.227325e+00 -2.182087e+00 8.422860e-01 3.372377e-03 -6.488692e+00 -7.854074e+00 7.934372e-01 5.161380e+00 -1.300307e-01 
-1.998757e+01 -2.027441e-01 -2.458964e+00 -2.562170e+00 -2.724221e+00 6.637128e+00 -5.085809e+00 -7.732553e+00 1.462602e-01 -1.505517e+00 2.127506e+00 1.563878e+00 
-1.961989e+01 -3.295855e-02 -1.480049e+00 -8.387042e-01 -4.527143e+00 6.908606e-02 -1.941095e+00 -8.333362e-01 1.161015e+00 -1.709192e+00 -1.787517e+00 4.687428e-01 
-1.913813e+01 -6.685769e-01 -4.603279e+00 8.748366e-03 -1.010573e+00 2.631258e+00 1.606340e+00 -2.905457e-01 3.063204e-01 2.474928e+00 2.697807e+00 -4.473582e-01 
-2.009205e+01 -1.032711e+00 -4.700624e+00 -8.982868e-01 1.393322e+00 2.902685e+00 4.941378e+00 2.052324e+00 -3.753844e-01 -1.734944e+00 -9.388456e-01 -4.895924e+00 
-2.019880e+01 1.133563e+00 -4.608201e+00 -3.681930e+00 -6.309775e+00 4.926099e-01 -2.864861e-01 1.405369e+00 1.682660e+00 3.441507e+00 2.612512e+00 -4.148405e-01 
-1.961594e+01 1.772628e+00 -3.113579e+00 -6.538943e+00 -8.585848e+00 -2.007941e+00 1.854968e+00 1.183208e+00 9.478987e-01 -4.147734e+00 -3.208274e+00 2.926630e+00 
-1.931491e+01 4.397691e-01 -3.193423e+00 -3.177200e+00 -9.042566e-01 1.430622e+00 -3.793107e+00 2.880344e+00 3.166895e+00 2.830788e-01 -4.627753e-02 2.857109e+00 
-2.058229e+01 2.070682e-01 -4.383433e+00 -4.126584e+00 -1.968642e+00 -3.749782e-01 8.962697e-01 2.902316e+00 2.294366e+00 -4.331510e+00 -4.662935e+00 3.453266e+00 
-2.176834e+01 -1.804933e+00 -1.140437e+00 1.106350e+00 -9.424008e-01 1.989615e+00 5.001765e+00 -7.279518e-01 1.692468e+00 -2.493751e+00 -2.818556e+00 -5.855756e+00 
-1.890205e+01 -5.263708e-01 -3.340534e+00 3.292688e+00 -2.052640e+00 -5.877364e+00 3.552473e+00 2.195956e+00 -4.957640e-01 2.328902e+00 -9.445557e-01 -4.976657e+00 
-1.909803e+01 -1.390381e+00 -5.735867e+00 3.190758e+00 -1.354683e+00 4.332689e+00 1.927849e+00 -1.749891e-01 -3.896517e-01 -4.846843e+00 3.072893e+00 -9.425985e-01 
-1.979610e+01 -1.558012e+00 -4.223197e+00 2.815483e-01 -6.628120e-01 -5.921197e-01 -3.260867e+00 -3.745037e+00 -1.816372e+00 3.588118e+00 1.665340e+00 -1.484186e+00 
-2.100588e+01 -2.703418e+00 -4.581404e+00 -1.230669e+00 -5.670457e-01 -1.940269e-01 -1.732447e+00 -1.092932e+00 -2.803930e+00 -1.923402e+00 3.698868e+00 2.038935e+00 
-2.007003e+01 -3.766947e+00 -5.423598e+00 2.647544e-02 -8.166061e-01 -2.030927e+00 -2.075196e+00 7.242365e-01 -1.839110e+00 2.371627e+00 8.395097e-01 4.278543e+00 
-2.077714e+01 -3.023166e+00 -5.166018e+00 -1.847178e+00 -8.415650e-02 -2.956224e+00 1.074100e+00 6.670111e+00 -6.892629e-01 -4.832797e+00 1.275252e-01 3.569508e+00 
-1.960634e+01 -3.310595e+00 -5.313128e+00 -2.195318e+00 -5.642052e-01 -1.061126e+00 3.336278e-01 3.577345e+00 -2.398206e+00 -7.365567e+00 -5.102273e-01 4.238175e+00 
-2.137356e+01 -3.566996e+00 -4.438121e+00 6.902558e-01 -5.807003e+00 5.441434e-02 1.986571e+00 6.113080e+00 3.109826e+00 1.104231e-01 2.154272e+00 3.320206e+00 
-2.068847e+01 -1.868711e+00 -4.005539e+00 2.206905e+00 -6.083345e+00 -2.295507e+00 7.138588e-01 -1.803767e+00 -3.991675e+00 -8.216248e-01 2.010298e-02 4.519621e+00 
-1.957810e+01 -1.388226e+00 1.101770e+00 4.012605e+00 -4.861919e+00 -3.510326e+00 -1.458830e+00 -2.027150e+00 -6.758620e+00 -7.505155e+00 1.915873e+00 1.123581e+00 
-1.396524e+01 -8.663727e-01 1.170959e+01 4.509947e+00 -8.269332e+00 -4.821489e+00 -3.546144e+00 -6.776771e+00 -1.750896e+01 -9.220592e+00 -1.035918e+00 7.271662e+00 
-1.698120e+01 -1.547669e+00 1.219741e+01 8.903306e+00 -6.195343e+00 -5.245502e+00 -1.002387e+00 -2.882838e+00 -7.484019e+00 -6.526577e+00 -4.552658e+00 3.001757e+00 
-1.193031e+01 3.647595e+00 1.434719e+01 1.043374e+01 -4.501578e+00 -5.687610e+00 -2.315912e+00 -5.090213e+00 -1.024383e+01 -7.788135e+00 -2.677230e+00 2.921397e+00 
-4.578463e+00 5.854227e-01 1.124748e+01 1.216213e+01 -8.405678e+00 -1.145702e+01 -3.234630e+00 -2.481238e+00 -7.167465e+00 -5.741433e+00 1.510096e+00 3.637533e+00 
-1.697481e+00 -2.910263e+00 1.141100e+01 9.670002e+00 -8.408924e+00 -9.777598e+00 -9.683564e+00 -2.981712e+00 -8.923669e+00 -4.748224e+00 3.375531e+00 5.812479e+00 
1.365363e+00 -2.779692e+00 6.876819e+00 9.707918e+00 -8.725845e+00 -1.386270e+01 -1.266919e+01 -6.907789e+00 -7.048423e+00 -6.107229e+00 2.417653e+00 6.352198e+00 
3.535278e+00 -1.403309e+00 2.064278e+00 3.589617e+00 -2.914943e+00 -1.684888e+01 -1.691503e+01 -1.269115e+00 -1.158718e+01 -3.983857e+00 4.995786e+00 2.884768e+00 
5.416586e+00 -4.063856e+00 2.945753e-01 1.638162e+00 -5.636977e+00 -1.113913e+01 -1.670680e+01 -4.435935e+00 -8.172857e+00 -3.089253e-01 6.806261e+00 4.126779e-01 
5.809679e+00 -3.105904e+00 -3.213658e+00 -1.696497e+00 -5.341562e+00 -5.615230e+00 -1.547490e+01 -7.860317e+00 -6.507607e+00 -7.674870e-01 1.150786e+01 1.073870e+00 
6.643870e+00 -2.496141e+00 -3.639130e+00 -6.709320e+00 -8.379707e+00 8.623374e-01 -1.349670e+01 -1.070407e+01 -7.414466e+00 -3.768170e-01 1.268736e+01 4.030735e+00 
6.348486e+00 -1.655832e+00 -2.612637e+00 -9.491978e+00 -1.113704e+01 4.778221e+00 -1.143146e+01 -1.552571e+01 -7.919169e+00 -3.490179e+00 1.345109e+01 6.470308e+00 
6.373901e+00 2.022567e+00 -5.094923e+00 -8.232863e+00 -1.517343e+01 8.735857e-01 -5.319445e+00 -1.390181e+01 -1.121043e+01 -3.858608e+00 9.918293e+00 8.101797e+00 
3.562953e+00 3.963896e+00 -4.688592e+00 -9.565348e+00 -1.940216e+01 -2.884150e-01 -2.288009e+00 -1.010757e+01 -1.130317e+01 -5.815178e+00 9.694527e+00 1.124106e+01 
6.277506e-01 3.646302e+00 -3.361315e+00 -1.156654e+01 -1.901707e+01 6.476411e-01 5.100883e+00 -5.374222e+00 -8.567881e+00 -5.888044e+00 1.051108e+01 7.174483e+00 
-2.204660e+00 6.269790e+00 -6.136182e+00 -1.578903e+01 -1.911324e+01 1.426710e+00 4.629863e+00 -3.906572e+00 -6.104558e+00 -6.114253e+00 5.020054e+00 7.287735e+00 
-8.337690e+00 4.117737e+00 -5.500708e+00 -7.824648e+00 -1.113339e+01 -2.508736e+00 -7.920725e-01 -5.335161e+00 -9.806006e+00 -4.420763e+00 -4.056738e-02 8.481544e+00 
-1.385736e+01 3.927267e+00 -5.026564e+00 -4.680555e+00 -5.501038e+00 -6.309691e+00 -1.846141e+00 1.366308e+00 -1.977324e+00 -1.334909e+00 2.546131e+00 4.509530e+00 
-1.365460e+01 1.865278e+00 -3.119047e+00 -3.250078e+00 -8.963637e+00 -3.828213e+00 -3.487007e+00 2.352201e+00 -1.216704e+00 3.258177e-02 5.279509e+00 5.668205e+00 
-1.604930e+01 -1.500267e+00 -3.674677e+00 -4.042872e+00 -7.604244e+00 -1.611316e+00 -4.394480e+00 -3.446380e+00 -4.861974e+00 -5.496204e+00 9.173105e-01 5.326957e+00 
-1.876989e+01 -1.275323e+00 -7.287911e+00 -3.513522e+00 -1.001240e+00 5.104422e+00 -3.039775e-01 3.759392e-01 7.084771e-01 -1.216378e-01 6.000402e-01 3.941779e+00 
-1.882354e+01 1.595517e+00 -6.902361e+00 -1.215404e+00 -6.473920e-01 5.904214e-01 -3.467016e+00 -3.665694e+00 5.530675e-02 2.492193e+00 -4.410975e+00 7.984047e-01 
-1.925165e+01 -1.139581e+00 -2.810061e+00 -8.727328e-02 -8.611818e+00 -8.126847e-01 -4.179169e+00 -6.684813e+00 3.914777e-01 -3.973016e-01 -1.210791e+00 6.601126e+00 
-1.902009e+01 -8.251523e-02 -1.410048e+00 4.095823e+00 3.370733e+00 1.364110e+00 -4.120864e+00 -2.209843e+00 3.297975e+00 1.920089e+00 -4.346735e+00 1.441656e+00 
-1.708174e+01 -6.590965e-01 -7.254551e+00 -4.083302e-01 -2.731931e+00 1.613041e+00 -1.486733e+00 2.611390e+00 2.176661e+00 -1.310913e+00 -5.016621e-01 1.639379e+00 
-1.824011e+01 1.580435e+00 -4.993204e+00 -1.060785e+00 -4.153411e+00 -7.228141e+00 -6.416409e+00 1.513602e+00 1.423175e+00 -4.810263e+00 -5.245027e-01 -7.168437e-01 
-1.833387e+01 -4.289811e-01 -2.897561e+00 -1.854564e+00 -3.145431e+00 -6.067608e+00 -3.346242e+00 -2.311398e-01 -1.320141e+00 -5.229904e+00 1.660687e-01 -4.163356e-01 
-1.916693e+01 -1.442523e+00 -3.721709e+00 -1.754603e+00 1.414623e-01 -1.231807e+00 2.119839e+00 -4.069328e+00 -2.814631e+00 -3.947863e+00 1.253496e+00 1.185239e-01 
-1.957640e+01 -2.792189e+00 -4.105618e+00 8.605810e-02 1.381554e+00 -2.441735e+00 3.367980e+00 6.595244e+00 6.826178e-01 -5.228427e-01 -1.070536e+00 -5.905093e+00 
-1.934766e+01 -6.552181e-01 -5.615006e+00 -2.961521e+00 -3.183575e+00 -2.897048e+00 -3.401215e+00 9.297157e-01 -3.709260e-01 -3.550169e+00 -7.014447e+00 7.714935e-01 
-2.045295e+01 -1.748482e+00 -4.398199e+00 -7.934017e-01 -5.723410e+00 1.468280e+00 -5.601025e-01 9.708115e-01 3.037598e+00 8.235788e-01 3.091807e+00 2.551368e+00 
-1.375739e+01 -3.626182e-01 -3.127797e+00 -9.721496e-01 -8.488052e+00 -2.244645e+00 2.248943e+00 2.338367e+00 1.187320e+00 -5.834492e+00 -9.936974e+00 -4.822292e+00 
-1.625432e+01 2.177269e+00 -2.702872e+00 -2.425277e+00 8.735062e-01 5.872732e+00 4.292111e+00 3.267702e+00 -1.486443e+00 -6.111326e+00 -5.513391e+00 -2.989716e+00 
-1.774310e+01 1.473134e+00 -2.358338e+00 -2.315519e-01 4.136864e+00 8.183528e+00 5.695593e+00 -1.291901e+00 9.162433e-01 -2.254081e+00 -4.996265e+00 -2.040350e+00 
-1.742513e+01 -2.143791e-01 -3.220767e+00 2.868224e+00 5.131653e-01 4.162008e+00 9.756943e+00 4.535570e+00 1.976029e+00 -5.989143e-02 -5.226812e+00 -8.478100e+00 
-1.796337e+01 -8.986923e-01 5.017975e+00 1.962173e+00 -2.399796e-01 1.400625e+01 4.664013e+00 -2.801460e+00 8.821611e+00 -1.126260e+00 -7.895951e+00 -2.286662e+00 
-2.032927e+01 -2.079152e-01 2.179123e+00 -6.732515e-01 -2.139479e+00 1.082542e+01 8.668308e+00 -1.588930e+00 7.319542e+00 5.101927e+00 -6.605814e+00 1.637136e+00 
-2.005760e+01 1.652400e+00 -5.425786e+00 -1.126277e+00 2.450809e+00 5.570494e+00 3.922709e+00 2.257970e-01 3.401858e+00 1.451577e+00 -2.415277e+00 9.965008e-01 
-2.014797e+01 -2.985675e+00 -5.501255e+00 -2.098804e+00 6.831910e-01 2.964307e+00 1.375619e+00 2.790014e+00 4.759471e+00 1.852489e+00 -3.956661e+00 -7.938395e-01 
-1.920590e+01 -1.750205e+00 -5.169299e+00 1.874963e-01 -6.173025e+00 -4.284015e+00 -6.393088e+00 -1.424379e-01 7.499412e-01 1.057395e+00 7.099606e-01 2.859711e-01 
-2.013441e+01 -4.983605e-01 -3.769834e+00 4.824551e-01 -2.092002e+00 -2.254915e+00 -2.682400e+00 -1.099035e+00 8.517870e-02 4.837384e+00 5.603203e+00 6.081964e+00 
-1.631193e+01 2.608628e+00 -3.639130e+00 2.347685e-01 -4.355089e+00 4.177841e-01 -5.353179e+00 3.189747e-01 4.207955e+00 4.677019e+00 8.364061e+00 5.564298e+00 
-1.230871e+01 5.750953e+00 2.188420e+00 6.532310e+00 -4.282658e-01 -3.441369e+00 -6.276062e+00 -9.871404e-01 -1.163647e+00 6.186146e+00 6.273432e+00 3.298153e+00 
-1.415444e+01 6.139650e+00 -4.558381e-02 7.331506e+00 6.684408e+00 2.297232e+00 2.059868e+00 1.741460e+00 1.819536e+00 4.631368e+00 2.294528e+00 -1.203861e+00 
-1.250865e+01 8.102095e+00 -2.971484e-01 5.754782e+00 3.147144e+00 -2.811463e+00 -6.370182e+00 -1.854629e+00 -2.591705e+00 -3.846610e+00 8.155984e-01 -4.450768e+00 
-8.174467e+00 1.213859e+01 4.070232e+00 2.891860e+00 -7.994613e+00 -5.254794e+00 -5.505188e+00 -3.418137e-01 6.161862e-01 9.300985e-01 -3.557099e-02 -2.333383e+00 
-1.237705e+01 6.903685e+00 3.888668e+00 4.086467e+00 -1.571986e-01 3.709141e+00 -3.439946e+00 1.323178e+00 -5.395657e+00 -2.687769e+00 3.123913e-01 9.737011e-01 
-1.487793e+01 4.692164e+00 -8.222474e-02 1.629298e+00 3.858086e+00 2.907576e+00 9.566569e-01 -2.633822e+00 -6.067107e+00 4.250076e-01 -2.407068e+00 -4.468709e+00 
-1.143951e+01 7.061835e+00 1.806151e+00 8.079439e-01 -1.777515e+00 1.167509e+00 -1.300574e+00 1.714605e+00 -1.260397e+00 4.557038e+00 1.182476e+00 -1.168353e+00 
-9.812917e+00 9.835716e+00 2.089981e+00 1.589361e-01 -8.397156e+00 -7.413494e+00 -1.638904e+01 -7.599501e+00 -2.626482e+00 2.883463e-01 -7.903816e-01 -2.617445e+00 
-7.546423e+00 9.699543e+00 1.141145e+00 -2.027895e+00 -7.985686e+00 -4.846431e+00 -2.570371e+00 1.601490e+00 -9.986829e-01 -2.899345e+00 -4.754297e+00 -2.262367e+00 
-8.870851e+00 9.509504e+00 3.314991e+00 1.807554e+00 -4.444362e+00 -6.349794e+00 -1.391363e+00 3.363321e+00 3.081291e+00 -4.544256e+00 -5.514104e+00 -4.186142e+00 
-7.835030e+00 1.076307e+01 -1.084108e+00 -1.134648e+00 -1.026805e+00 -4.024815e+00 -1.109834e+00 -2.567499e+00 -1.124413e+00 -9.120356e-02 -5.623325e-01 -6.529656e+00 
-9.433379e+00 9.833131e+00 5.898904e-01 -2.481905e+00 -2.320461e+00 -3.170920e+00 -5.352762e+00 -2.496293e+00 4.052991e-01 -1.936863e+00 -1.162612e+00 2.770008e-01 
-8.895136e+00 9.565956e+00 2.296155e+00 -1.570438e+00 -2.876798e+00 -1.760967e+00 -1.472990e+00 -2.065397e+00 3.750512e+00 3.392637e+00 1.828793e+00 -1.062951e+00 
-6.392561e+00 9.714626e+00 -5.465255e-01 -2.738455e+00 -5.311940e+00 -4.810241e+00 -3.588207e+00 -2.539830e+00 -9.866450e-01 2.182291e+00 -1.767531e+00 1.467446e+00 
-3.711514e+00 1.147841e+01 -5.630866e+00 -7.835481e+00 -5.124059e+00 -5.226735e-01 -1.640825e+00 -2.770944e+00 -3.903842e+00 3.129277e-01 -2.084801e+00 -2.242198e-01 
-4.816239e+00 9.709886e+00 -4.088118e+00 -8.038358e+00 -8.275013e+00 -1.691032e+00 -2.888965e+00 -7.714890e-01 -6.080928e+00 -3.967762e+00 2.991523e+00 -3.142586e+00 
-7.455492e+00 1.278843e+01 5.386572e+00 4.942732e-01 -8.530254e+00 -2.854989e+00 -5.387745e+00 -2.281049e+00 -5.580239e+00 -1.906429e+00 -3.388144e+00 -3.740613e+00 
-6.593061e+00 1.031362e+01 -1.202234e+00 -4.053214e+00 -6.551626e+00 -8.636138e+00 -4.766382e+00 3.552932e+00 -6.834669e-01 1.067345e+00 1.114654e-01 -4.445536e+00 
-3.928392e+00 5.181267e+00 -8.652375e+00 -2.629138e+00 -4.827833e+00 1.507587e-01 -5.579735e+00 -6.377204e+00 -7.383703e+00 -6.771222e+00 -1.081242e+00 -2.264983e+00 
-5.457273e+00 1.137010e+00 -1.115490e+01 -3.325911e+00 -5.739442e-01 3.558511e+00 -1.956921e+00 -1.542138e+00 -3.495889e+00 -2.450441e+00 -1.026653e-01 -1.731245e+00 
-3.984871e+00 9.674980e+00 -5.548287e+00 -9.955343e+00 -7.478855e+00 -2.349303e+00 -2.659910e+00 -1.595273e-01 -3.758049e+00 -4.325071e+00 -7.407747e-01 1.485387e+00 
-6.521898e+00 1.139740e+01 3.826230e-01 -1.612294e+00 -2.135827e+00 -1.532577e+00 -5.042964e-01 1.110782e+00 -5.199928e+00 -3.651714e+00 -9.338628e-02 -1.639299e+00 
-5.638570e+00 1.267467e+01 2.987411e+00 -2.657206e+00 -5.860567e+00 -2.144388e+00 -4.770963e+00 -1.258129e+00 -3.470476e+00 -8.584970e-01 -6.911813e-02 -3.006536e+00 
-8.072241e+00 9.130288e+00 1.862479e+00 1.186121e+00 -1.118108e+00 -1.866114e+00 -5.981205e+00 -5.444447e-01 -3.471813e+00 -2.525063e+00 -3.224334e+00 -2.971776e+00 
-7.815262e+00 1.092424e+01 3.340148e+00 8.005576e-01 -4.748298e+00 -4.813175e+00 -4.917558e+00 -3.361747e+00 -3.303728e+00 3.407268e+00 -3.247888e+00 1.103010e-01 
-6.123723e+00 1.039937e+01 3.585602e-01 -5.012938e+00 -7.777110e+00 -5.575127e+00 -5.684317e-01 3.492712e+00 7.963096e-01 4.938051e+00 -1.051264e+00 4.149205e-01 
-4.763149e+00 1.158658e+01 -2.242946e+00 -5.370926e+00 -8.471416e+00 -9.308592e+00 -5.716751e+00 7.222021e-01 -4.046960e+00 -3.608697e+00 -7.138999e+00 -2.726959e+00 
-5.974054e+00 1.006928e+01 -6.641047e-01 -4.904605e+00 -8.404055e+00 -8.005743e+00 -6.356855e+00 7.429535e-01 -3.307995e-01 -4.673017e+00 -3.999844e+00 -6.043401e-01 
-1.062000e+01 1.012315e+01 3.082568e+00 3.018411e+00 -1.456130e+00 -2.081789e+00 -5.558079e+00 -3.386567e+00 -5.606098e+00 -4.368674e+00 -1.364966e+00 -3.501790e-01 
-9.174141e+00 9.998608e+00 2.962801e+00 2.977048e+00 -3.513887e+00 -6.178624e+00 -4.229977e+00 6.497758e-01 1.316617e+00 -3.434285e+00 7.278048e-01 -2.083333e+00 
-9.282016e+00 8.678676e+00 2.452562e+00 1.505701e+00 -1.774880e-01 -2.048044e+00 -6.659208e+00 -4.266669e+00 -3.157935e+00 -3.870607e+00 -3.479863e+00 -1.760399e+00 
-9.314209e+00 7.274714e+00 -9.884043e-01 -1.604908e+00 -5.221855e+00 -1.080688e+00 -6.864108e+00 -3.900876e+00 4.155536e-01 -1.584236e+00 -4.161155e+00 2.890374e+00 
-8.578290e+00 1.081823e+01 -9.753738e-02 -1.430591e+00 -6.825128e+00 -4.801438e+00 -4.903815e+00 -2.458859e+00 -6.249906e+00 -1.888578e+00 -3.515551e+00 3.775439e-01 
-1.115146e+01 1.003050e+01 5.440713e+00 5.023047e+00 -4.010779e-01 -1.733091e+00 -2.037714e+00 -5.575633e+00 -2.068531e-01 -7.101163e-02 1.506170e+00 -2.497092e+00 
-1.135761e+01 8.279205e+00 -1.396471e-01 6.075346e+00 4.110082e+00 -1.568585e-01 -3.524072e+00 -2.645622e+00 -6.100100e+00 -5.432117e+00 4.911905e-01 -2.411500e+00 
-1.185914e+01 1.011582e+01 2.525844e+00 6.040825e-01 -5.350490e+00 4.388135e-01 -2.809837e+00 -6.209566e+00 -1.697776e+00 -3.528222e+00 -4.078715e+00 -8.907184e+00 
-1.219519e+01 7.834488e+00 4.625862e+00 4.997442e+00 -1.045877e+00 -1.732602e+00 -2.791513e+00 5.199780e-01 -2.346488e+00 -3.708193e+00 -7.665047e+00 -7.181878e+00 
-1.108256e+01 9.487096e+00 2.693189e+00 3.242462e+00 2.142815e+00 1.275102e+00 -3.676081e+00 -2.752227e+00 -1.551537e+00 -4.087004e-02 1.637860e+00 1.346346e+00 
-1.179532e+01 8.621363e+00 7.003600e-01 3.262158e+00 -1.546215e+00 4.414413e-02 -3.201729e+00 -3.203874e+00 -3.198507e+00 3.620600e+00 6.764135e-01 -2.832734e+00 
-1.520777e+01 5.322611e+00 1.034503e+00 5.670578e+00 5.120091e+00 3.776142e+00 -4.668147e-01 2.319650e+00 -2.119104e+00 -4.884300e+00 -6.023035e-01 -7.516040e-01 
-1.493611e+01 4.777057e+00 1.639899e+00 4.970851e+00 2.633414e+00 3.599103e+00 -1.811209e-01 2.999155e+00 -5.042351e-01 -4.211236e+00 1.788822e+00 -5.422949e-01 
-1.692246e+01 2.341884e+00 -8.730127e-01 2.005506e+00 1.285382e+00 2.778465e+00 -3.160083e+00 -2.298952e+00 -3.345638e+00 -2.925975e+00 -1.877095e+00 -3.507382e+00 
-1.498468e+01 5.721219e+00 1.218802e+00 1.752403e+00 6.693942e-01 -1.610826e+00 -3.915131e+00 1.943684e+00 -6.678621e-01 -3.891676e+00 -2.768949e+00 -2.569977e+00 
-1.025684e+01 9.569834e+00 1.899120e+00 2.168004e+00 -3.302705e-02 -5.668537e+00 -7.200610e+00 -7.020090e+00 -2.830235e+00 -2.462731e+00 -4.592628e+00 1.716748e+00 
-1.116445e+01 9.869328e+00 5.457666e+00 2.657468e+00 6.093374e-01 2.906291e-01 -4.157513e+00 -8.641544e+00 -1.139126e+00 2.654314e+00 -5.173636e+00 -3.910302e+00 
-9.199557e+00 1.137542e+01 3.920934e+00 3.069130e+00 1.557261e+00 -2.692622e+00 -6.346494e-01 3.380818e+00 4.267699e+00 1.432263e+00 -6.918815e-01 -3.474117e+00 
-8.724006e+00 1.293710e+01 4.301015e+00 6.294965e+00 -6.449572e-01 -4.283037e+00 -1.657117e-01 7.900545e+00 3.849491e+00 2.795365e+00 1.251354e+00 -1.873276e+00 
-1.226918e+01 8.408053e+00 2.813503e+00 4.428698e+00 -7.991572e-01 -4.978966e+00 -4.701830e+00 1.835858e+00 8.266274e-01 -3.939669e+00 -4.589417e+00 -6.074409e+00 
-1.437188e+01 4.159106e+00 9.863781e-01 5.253992e+00 5.143827e-01 2.844487e+00 1.503473e+00 1.163270e+00 -2.283623e+00 4.802267e+00 5.025051e+00 2.624239e-01 
-1.235107e+01 9.641368e+00 5.370712e+00 9.903409e+00 4.644506e+00 -1.613761e+00 -2.129336e+00 -3.162371e+00 -6.116150e+00 2.632952e+00 1.971904e+00 -2.173411e+00 
-1.347048e+01 6.924800e+00 1.327631e+00 5.142705e+00 4.663172e+00 4.467669e+00 5.031283e-01 -2.000702e+00 -4.125875e+00 2.923540e+00 -2.207570e+00 -3.026345e+00 
-1.442271e+01 7.801738e+00 3.040458e+00 8.126269e+00 4.940932e-01 3.171667e+00 5.787215e+00 2.881564e+00 -8.524441e-01 2.472587e+00 -1.160471e+00 -2.325534e+00 
-1.351002e+01 7.127767e+00 3.474133e+00 6.544621e+00 2.197797e-01 -9.760299e-01 -3.567384e+00 -3.190854e+00 -1.500264e+00 -4.013121e+00 -2.017707e+00 2.022475e-01 
-1.339819e+01 7.089845e+00 -2.944140e-01 -3.246191e-01 -6.575367e-01 -1.447970e+00 -5.596810e+00 -6.183525e+00 -1.859619e+00 -1.418604e+00 -1.799294e+00 -5.288393e-01 
-1.528176e+01 6.454658e+00 1.754744e+00 1.119152e+00 3.738379e+00 3.857326e+00 -1.684137e+00 -1.406643e+00 -2.142288e+00 -3.979760e+00 -1.257543e+00 -7.463712e-01 
-1.206811e+01 9.197513e+00 4.150624e+00 3.188788e+00 -6.960867e-01 2.920963e-01 -4.416136e+00 -5.851097e+00 -4.849490e+00 -4.136906e+00 -4.213974e+00 -1.621746e-01 
-1.365969e+01 6.880414e+00 1.367006e+00 6.394926e+00 -4.440916e-01 -3.872718e+00 -4.469860e+00 4.643395e+00 -2.115092e+00 -4.074282e+00 -3.818903e+00 -1.239369e+00 
-9.704477e+00 9.768923e+00 1.678728e+00 2.919928e+00 -4.547433e+00 -3.184614e+00 -9.053506e-01 -1.676818e+00 -3.478947e+00 -4.824895e+00 -3.658305e+00 4.650052e-01 
-1.145137e+01 1.033301e+01 4.556955e+00 1.397861e+00 1.741084e+00 2.426832e+00 -4.252466e+00 -1.725645e+00 -2.429862e+00 -6.515165e+00 -8.028726e-01 -9.444673e-01 
-1.458763e+01 5.811714e+00 2.659283e+00 4.043134e+00 2.019455e+00 3.079235e+00 1.595095e+00 2.467758e+00 9.407651e-01 -1.029689e+00 -6.066919e+00 -3.312650e+00 
-1.213194e+01 6.596864e+00 2.631939e+00 3.674805e+00 4.881487e+00 1.313737e+00 6.363966e-01 4.755697e+00 1.230760e-01 -1.558777e+00 -5.896328e+00 -3.237523e+00 
-1.397258e+01 5.735009e+00 2.180216e+00 5.515958e+00 1.706997e+00 -3.001524e-01 2.107711e-01 2.505599e+00 2.456656e+00 -2.710009e+00 -2.857100e+00 6.836584e-01 
-9.710125e+00 1.366882e+01 6.107906e+00 5.368725e+00 -5.419068e+00 -2.944975e+00 -7.154433e-01 -1.946993e+00 -4.370647e+00 -2.126478e-01 1.632864e+00 3.659571e-01 
-1.545232e+01 6.032780e+00 1.570446e+00 5.500201e+00 -2.736601e-01 4.436370e+00 3.166828e+00 2.225658e+00 3.085496e-01 3.380346e+00 2.966541e+00 2.261685e-01 
-1.662143e+01 3.190381e+00 1.580289e+00 3.798402e+00 -6.307546e-01 1.534302e+00 6.209370e-02 -7.185934e-01 -1.928726e+00 -2.986551e+00 -3.481647e+00 1.602376e+00 
-1.492651e+01 3.587265e+00 -1.769348e+00 4.149004e+00 5.136322e+00 5.336236e+00 3.671165e+00 5.937923e-02 -1.728094e+00 -3.663420e+00 -3.800345e+00 -1.579870e+00 
-1.222004e+01 6.337015e+00 -7.893401e-01 5.830614e+00 4.083299e+00 3.097819e+00 4.248332e-01 3.822098e-02 1.143627e+00 -4.796802e+00 -6.970907e+00 -3.416183e+00 
-1.766912e+01 6.025454e+00 2.201997e-01 4.967896e+00 3.161346e+00 -1.764880e+00 -4.545656e+00 2.626445e+00 2.358123e+00 -3.757356e+00 -2.771447e+00 -2.070999e+00 
-1.779280e+01 2.129436e+00 -8.659978e-02 4.237639e+00 7.190833e+00 1.068946e+01 6.281557e+00 3.082568e+00 7.517246e-01 -3.911283e+00 -3.549826e-01 3.263020e+00 
