-7.278353e+00 3.204800e+00 1.242392e+01 -3.366406e+00 -9.500777e+00 -7.326530e+00 -1.104804e+01 -8.891086e+00 -2.090361e+00 4.796704e-01 -3.277195e+00 6.993387e+00 
-1.229303e+00 -8.912155e+00 1.325846e+01 -4.284915e+00 -1.070927e+01 -1.177060e+01 -1.104032e+01 -1.720453e+00 -4.031954e+00 -2.550807e+00 -4.260838e+00 8.630701e+00 
1.075341e+00 -1.132391e+01 1.017414e+01 -4.350385e+00 -1.225367e+01 -1.181031e+01 -1.033519e+01 4.099272e+00 -3.946923e+00 2.610778e+00 -5.997900e+00 6.483071e+00 
6.341443e-01 -1.294585e+01 5.913628e+00 -3.384892e+00 -1.220936e+01 -1.149259e+01 -8.556224e+00 6.426975e+00 -2.675921e+00 3.140549e+00 -4.940923e+00 2.375300e+00 
4.825230e-01 -1.200134e+01 1.672680e+00 -3.321732e+00 -7.996754e+00 -8.591221e+00 -9.945157e+00 8.078758e+00 4.335573e+00 -1.500960e+00 -5.701641e+00 -6.261673e-01 
5.017426e-01 -1.332269e+01 2.651324e+00 -7.458681e+00 -3.052880e+00 -7.212240e+00 -1.312940e+01 1.502595e+01 5.166942e+00 -2.604715e+00 -8.562814e+00 1.336044e+00 
-3.298256e-01 -1.419668e+01 1.816303e+00 -9.351927e+00 -2.136292e-01 -8.799943e+00 -6.945715e+00 1.637872e+01 2.080633e-01 2.797710e+00 -8.960138e+00 1.699432e+00 
-1.218268e-01 -1.484149e+01 2.680907e+00 -6.828241e+00 2.469723e+00 -1.113207e+01 -6.237854e+00 1.308822e+01 -1.875371e+00 3.339117e+00 -3.288871e+00 1.809938e+00 
8.318234e-02 -1.247381e+01 -1.433693e-01 -4.188250e+00 1.381802e+00 -1.036382e+01 -4.136065e+00 8.744416e+00 2.243598e+00 -6.522609e-02 -8.636960e-01 3.481190e+00 
-1.382206e+00 -7.713770e+00 -1.915618e-01 -3.059851e+00 -1.457743e-01 -1.321400e+01 2.829942e+00 4.698690e+00 4.081224e+00 -5.461311e-01 4.034368e-01 8.261421e-01 
-4.096937e-01 -3.569447e+00 1.453666e+00 -3.932916e+00 3.392774e+00 -1.616348e+01 -3.158046e+00 1.412939e+01 -4.517631e+00 1.748251e+00 -1.019853e+00 3.700134e+00 
-2.229577e+00 -2.638153e+00 4.525965e-01 1.945156e+00 3.894676e+00 -1.206669e+01 -6.743664e+00 1.139772e+01 -1.644786e+00 3.694753e+00 -4.265946e+00 5.066257e-01 
-7.616191e+00 -2.739524e+00 -3.557408e+00 6.311252e+00 7.427056e+00 -6.188486e+00 -7.231312e+00 3.234896e+00 1.285983e+00 -6.969957e-01 -3.672331e+00 -2.778764e+00 
-1.230193e+01 -3.072287e+00 -8.741690e+00 1.952859e+00 -7.687761e+00 -8.977335e+00 -8.483025e-01 8.792463e+00 8.671389e+00 2.819429e+00 3.370336e-01 -4.486438e+00 
-1.382199e+01 -5.018632e-01 -5.014637e+00 2.581758e+00 -5.871942e+00 -6.507085e+00 -2.385159e-01 5.937223e-01 3.007017e+00 2.363732e+00 2.292643e+00 -1.102545e+00 
-1.680914e+01 -6.102864e-01 -3.054488e+00 -3.486129e-01 -3.826762e+00 -3.120311e+00 -1.006311e+00 4.853560e+00 3.608172e+00 2.683301e+00 -2.123897e+00 -1.220915e+00 
-1.801528e+01 -1.196036e+00 -4.449687e+00 4.154970e+00 -1.118611e-02 1.178136e+00 4.327393e+00 2.719443e+00 4.164398e+00 -7.749489e-01 2.183552e+00 -2.510155e+00 
-1.955669e+01 -1.275811e+00 -5.688857e+00 -2.581918e+00 -5.030205e+00 -5.134724e+00 -6.003923e-01 3.590349e+00 2.278502e+00 1.688138e+00 1.414078e+00 4.966926e-01 
-1.772741e+01 -1.382488e-01 -5.682653e+00 -3.211203e+00 -5.180495e+00 -7.651308e+00 -8.905290e-01 3.688775e+00 2.692144e+00 -1.098784e+00 -5.292276e+00 -1.080609e+00 
-1.914198e+01 -3.457938e+00 -6.051971e+00 -1.444998e-01 -1.255861e-01 5.404953e-01 -3.729141e-01 1.064394e+00 3.152200e+00 4.661993e+00 -5.058770e+00 -1.650523e+00 
-7.823336e+00 -1.177347e+01 -1.575872e+01 -6.331823e+00 7.668754e+00 -6.791849e-01 -2.864276e+00 -2.464479e+00 -1.151683e+00 8.356818e+00 -1.067087e-02 -2.201498e-01 
-6.574915e+00 -1.642200e+01 -1.801137e+01 -1.144890e+01 7.248726e+00 -6.060075e+00 -8.264725e+00 -8.050034e+00 -8.262317e+00 9.253085e+00 -4.743538e+00 -2.633491e+00 
-8.422987e+00 -8.700598e+00 -1.559315e+01 -7.792964e+00 1.341567e+01 -1.784134e+00 -7.965508e+00 -6.405248e+00 -5.437000e+00 1.154126e+01 -1.960443e+00 -8.533881e-01 
-5.029659e+00 -9.534045e+00 -1.615810e+01 -8.915972e+00 3.983841e+00 -1.033690e+01 -5.752931e+00 -7.232772e+00 -6.815312e+00 1.254263e+01 -5.879688e+00 -4.855620e+00 
-6.596698e+00 -7.874642e+00 -1.706469e+01 -8.778484e+00 4.622013e+00 -1.093791e+01 -7.849725e+00 -7.568167e+00 -6.604778e+00 1.540518e+01 -5.574672e+00 -4.169405e+00 
-1.388007e+01 -7.009459e+00 -1.266342e+01 -4.703540e+00 9.006225e+00 -5.052648e+00 -3.453631e+00 -3.550850e-01 -4.717025e+00 1.139893e+01 -7.556185e+00 -1.850014e+00 
-1.467491e+01 -6.929685e+00 -9.205961e+00 -3.748444e+00 1.340838e+01 1.784004e+00 -3.765108e+00 2.884574e+00 -1.617680e+00 1.464116e+01 -1.509850e+00 -5.686378e-01 
-1.282300e+01 -6.295894e+00 -1.165710e+01 -3.662948e+00 1.257225e+01 -4.356019e-01 -3.153959e+00 4.078747e+00 -3.651730e+00 1.253526e+01 -3.008964e-03 -6.990420e+00 
-1.007416e+01 -4.262738e+00 -2.876032e+00 2.767386e+00 9.412232e+00 -3.545698e+00 -8.840004e+00 -4.690491e+00 -1.710508e+00 9.419075e+00 1.492886e+00 -4.560621e-01 
-2.242390e+00 3.259893e+00 8.347971e-01 3.599628e+00 6.265111e+00 -8.269532e+00 -1.106802e+01 -5.593584e+00 -4.319350e+00 3.285984e+00 -7.743888e-02 -1.472968e+00 
1.523371e+00 -5.820788e-01 6.744732e-01 -1.757379e+00 6.525876e+00 -1.203492e+01 -1.322929e+01 -3.718360e+00 -1.566220e+01 2.947024e+00 1.005443e+00 -2.281692e+00 
2.423703e+00 -1.519543e+00 -3.871951e-01 9.380700e-01 5.322433e+00 -1.381678e+01 -1.606709e+01 -2.708911e+00 -1.117266e+01 1.696283e+00 2.762573e+00 -2.027155e+00 
3.036595e+00 -4.410404e-01 1.361451e-02 1.235382e+00 2.764135e+00 -1.064138e+01 -1.712865e+01 -4.112063e+00 -1.124210e+01 3.235179e+00 3.124507e+00 -1.817731e+00 
3.183518e+00 -6.063197e-01 -1.195115e-01 1.085571e+00 1.479378e+00 -1.048075e+01 -1.477351e+01 -7.679654e+00 -1.100409e+01 8.059675e-02 4.849164e+00 3.273168e-02 
2.829877e+00 -2.396201e-01 -7.226346e-01 2.404603e+00 2.116429e+00 -1.058534e+01 -1.373056e+01 -1.001389e+01 -1.099592e+01 1.497715e+00 4.561296e+00 -2.400062e+00 
3.863465e+00 1.423751e+00 -9.068162e-01 3.063927e+00 1.029069e+00 -1.234028e+01 -1.358753e+01 -8.819249e+00 -1.020985e+01 2.243506e+00 3.571451e+00 -2.285417e+00 
3.451738e+00 1.319735e+00 -2.144554e+00 2.486249e+00 1.396648e-01 -1.202565e+01 -1.250826e+01 -8.382629e+00 -1.268465e+01 1.538049e+00 3.153695e+00 -1.227537e+00 
3.807087e+00 3.851373e+00 -4.161486e+00 3.384732e+00 4.040604e-02 -1.298807e+01 -1.019806e+01 -8.108809e+00 -1.203485e+01 1.185903e+00 1.827821e+00 -4.171573e-01 
2.140534e+00 4.600639e+00 -4.788087e-01 2.856783e-01 -2.631170e+00 -1.006905e+01 -1.114021e+01 -9.999893e+00 -1.100706e+01 4.509712e-01 -7.929147e-01 1.739992e+00 
-6.633925e-01 5.395742e+00 1.587269e+00 -2.440580e+00 -5.200123e+00 -1.348406e+01 -1.204059e+01 -1.127710e+01 -1.218189e+01 -1.273306e+00 2.272941e+00 9.440000e-02 
-4.380464e+00 6.381688e+00 2.131702e+00 6.711825e-01 1.018975e+00 -7.999914e+00 -1.164012e+01 -6.630555e+00 -8.623976e+00 2.432765e+00 3.347796e+00 -2.452625e+00 
6.438985e-02 5.057691e+00 3.097463e+00 -3.626747e+00 -1.018493e+01 -5.490832e+00 -1.331419e+01 -1.044118e+01 -1.003756e+01 -1.876765e+00 4.203741e+00 -3.726138e+00 
-6.325061e+00 6.131786e+00 2.263874e+00 1.299312e+00 -8.079750e+00 -1.631704e+01 -1.929356e+01 -1.419116e+01 -1.320449e+01 -3.913883e-01 4.192065e+00 5.145821e+00 
-1.115303e+01 5.842658e+00 3.811286e+00 3.017713e+00 -2.718091e+00 -7.782807e+00 -1.127915e+01 -1.313646e+01 -8.828197e+00 -1.447306e-01 3.738837e-01 2.519744e+00 
-1.502471e+01 1.151794e-01 -3.525439e+00 -1.400758e+00 -4.160989e+00 -8.216579e+00 -1.100808e+01 -4.681161e+00 -4.364279e+00 2.184169e+00 -4.999381e-01 2.154287e+00 
-1.749251e+01 -1.902109e+00 -3.534505e+00 9.465426e-01 -6.232526e+00 -4.640939e+00 -7.868795e+00 -3.332120e+00 -4.853297e+00 -1.867844e+00 -9.490715e-01 -2.217955e+00 
-1.883147e+01 -2.942725e-01 7.808787e-01 9.758117e-01 -1.726920e-01 -1.424937e+00 -1.040692e+01 -3.161391e+00 -7.238608e+00 -4.534153e+00 -5.815839e+00 -5.934195e+00 
-1.943838e+01 6.379027e-01 -2.765809e+00 -1.050685e+00 -1.122661e+00 -2.258503e+00 -8.714232e+00 -3.995445e+00 2.538792e+00 1.190557e+00 -1.273425e+00 -1.514356e+00 
-1.712776e+01 1.526003e+00 -4.523169e+00 1.056302e+00 -1.371649e+00 -4.850544e+00 -5.836930e+00 -7.383910e+00 -2.173906e+00 -1.717368e+00 -7.199359e+00 5.000036e-01 
-1.779917e+01 -1.898159e-01 -4.449687e+00 -7.179421e-01 -3.317570e+00 1.528948e+00 2.346023e-01 -2.045119e+00 -4.794259e+00 -2.981295e+00 -2.939342e+00 1.415923e+00 
-2.097595e+01 -2.564989e+00 -2.618846e+00 9.403808e-01 7.862490e-01 -3.357275e+00 -1.176125e+00 -7.357275e-01 -1.316876e-01 1.436051e+00 2.177268e-01 2.226717e+00 
-1.822712e+01 1.339568e+00 -2.424644e+00 7.774754e-01 1.814727e+00 1.789300e+00 -2.340305e+00 -3.561158e+00 -1.264191e+00 -1.865130e+00 -5.256885e+00 2.076891e+00 
-1.819509e+01 1.622526e+00 -2.678967e+00 1.432178e+00 -2.435456e+00 -2.471197e+00 -1.122094e+00 -7.991679e-01 -4.350169e+00 -1.573872e+00 -3.858770e+00 -4.732697e+00 
-7.384274e+00 -7.391585e+00 -2.549659e+00 -8.807368e+00 -6.810134e+00 -6.062723e+00 -4.656404e+00 -2.693984e+00 -4.552534e+00 -7.540063e-01 2.253604e+00 3.200993e+00 
-8.384121e+00 -6.898392e+00 -2.424167e+00 -1.119665e+01 -6.377769e+00 -9.107511e+00 -5.330666e+00 -3.820051e+00 -4.123297e+00 1.880888e+00 5.732108e+00 6.282753e+00 
-2.736547e+00 -5.279096e+00 2.296321e+00 -1.909886e+00 -3.161672e+00 -8.160978e+00 -9.212324e+00 5.174494e+00 4.617770e+00 1.049335e+01 4.070853e-01 -5.341516e+00 
1.425992e+00 -9.749129e+00 4.156269e+00 -6.901029e+00 -5.431166e+00 -5.057060e+00 -1.659106e+01 6.333681e+00 3.121010e+00 1.076328e+01 1.961189e-02 -8.741965e+00 
2.356579e-01 -1.040760e+01 3.248721e+00 -1.298398e+01 -9.757350e-01 -1.433763e+00 -1.167190e+01 1.958158e+00 4.823478e+00 6.753930e+00 -2.540193e+00 -1.107419e+01 
1.740766e+00 -1.154957e+01 -8.633951e-01 -1.021267e+01 -1.206217e+00 1.459967e-01 -1.249055e+01 3.443410e+00 6.845274e+00 4.615454e+00 -4.568773e+00 -9.191441e+00 
2.852941e+00 -1.369644e+01 -1.456498e+00 -1.091821e+01 8.176530e-01 -2.051987e+00 -1.052770e+01 6.365401e+00 1.069508e+00 5.898385e+00 -3.523106e+00 -9.456325e+00 
3.766513e+00 -1.512754e+01 -3.133218e+00 -7.002315e+00 -2.759029e+00 1.378474e+00 -1.013223e+01 4.233616e+00 2.539906e+00 4.378880e+00 -4.377226e+00 -9.167436e+00 
3.746439e+00 -1.529370e+01 -2.981960e+00 -8.049839e+00 -2.324982e+00 1.940215e+00 -1.029341e+01 4.290526e+00 1.441192e+00 5.823146e+00 -4.602340e+00 -9.259731e+00 
4.372998e+00 -1.515222e+01 -4.069395e+00 -7.079724e+00 -2.103472e+00 4.941616e-01 -8.105808e+00 3.483526e+00 2.824331e+00 4.294333e+00 -6.274458e+00 -7.893095e+00 
3.724230e+00 -1.542945e+01 -3.723458e+00 -6.924906e+00 -1.307719e+00 -2.538271e+00 -6.245119e+00 6.469424e+00 -1.513713e+00 6.091135e+00 -3.022528e+00 -1.286133e+01 
3.190352e+00 -1.423283e+01 -3.304039e+00 -8.073331e+00 1.948755e+00 -4.268504e+00 -8.876782e+00 1.058326e+01 -5.212728e+00 9.648668e+00 -3.971875e+00 -1.504165e+01 
3.477364e+00 -1.542284e+01 -2.888438e+00 -5.043215e+00 -1.303233e+00 -6.141269e+00 -6.872614e+00 8.237359e+00 -4.452280e+00 1.139311e+01 -8.321281e+00 -9.819299e+00 
3.207009e+00 -1.378679e+01 -1.799572e+00 -6.073023e+00 -1.013868e+00 -7.769128e+00 -8.072662e+00 9.243076e+00 -1.777344e+00 9.199953e+00 -9.414744e+00 -8.287524e+00 
2.485633e+00 -1.400276e+01 -2.225769e-01 -4.883775e+00 -2.202731e+00 -1.028527e+01 -1.031067e+01 1.163655e+01 -5.642666e-01 5.496208e+00 -6.816265e+00 -5.506655e+00 
1.963714e+00 -1.255711e+01 9.765119e-01 -6.077644e+00 -2.859970e+00 -1.286672e+01 -9.477488e+00 1.324449e+01 -2.665895e+00 7.392681e+00 -6.691850e+00 -4.694206e+00 
9.428701e-02 -1.074786e+01 4.312298e+00 -1.019341e+01 -8.159115e-01 -1.391651e+01 -1.172139e+01 1.382292e+01 -4.409207e+00 1.041463e+01 -7.763786e+00 -3.677714e+00 
1.462296e+00 -1.134330e+01 3.671957e+00 -5.742976e+00 -1.775413e+00 -1.648252e+01 -1.219451e+01 1.484962e+01 -4.711827e+00 8.145064e+00 -5.171510e+00 -2.851193e+00 
5.948509e-01 -1.148743e+01 6.093038e+00 -5.383660e+00 -5.688566e+00 -1.470110e+01 -1.108981e+01 1.428706e+01 -5.929732e+00 6.435913e+00 -4.114897e+00 -2.405029e+00 
8.224965e-01 -9.116660e+00 4.213050e+00 -6.678815e+00 -8.382191e-03 -1.781252e+01 -1.015538e+01 1.477079e+01 -7.471421e+00 3.636580e+00 -3.334112e+00 -9.634805e-01 
-2.281752e-01 -9.518179e+00 6.751511e+00 -7.321964e+00 -1.077798e+00 -1.692732e+01 -1.076880e+01 1.290210e+01 -5.933074e+00 4.485144e+00 -2.735025e+00 -3.683094e+00 
3.172344e-01 -8.944329e+00 4.341882e+00 -4.445510e+00 -8.938605e-01 -1.639206e+01 -1.214320e+01 1.225883e+01 -6.682383e+00 5.363572e+00 -2.768591e+00 -3.465806e+00 
1.425565e+00 -8.947855e+00 3.683886e+00 -4.588004e+00 1.059912e+00 -1.571647e+01 -1.548091e+01 1.457021e+01 -6.687952e+00 4.172168e+00 -2.619366e+00 -2.802769e+00 
1.600677e+00 -1.020662e+01 3.021595e+00 -2.417088e+00 6.527824e-01 -1.500293e+01 -1.335869e+01 1.064390e+01 -4.823221e+00 3.079273e+00 -2.564638e+00 -4.836167e+00 
3.258261e+00 -8.177874e+00 -1.180801e-01 -3.632524e+00 3.769621e+00 -1.515561e+01 -1.618151e+01 1.179982e+01 -5.679096e+00 4.909427e+00 -3.507134e-01 -7.035533e+00 
3.966397e+00 -8.191096e+00 -1.042328e+00 -4.370797e+00 3.597461e+00 -8.688301e+00 -1.780609e+01 8.572754e+00 -3.342798e+00 4.572793e+00 8.959876e-01 -6.967243e+00 
4.133394e+00 -7.783408e+00 -1.208378e+00 -8.078723e+00 1.266280e+00 -2.975132e+00 -1.617697e+01 7.845100e-01 -2.681862e+00 2.535152e+00 4.208848e+00 -5.399046e+00 
5.570593e+00 -7.594769e+00 -2.042921e+00 -8.709933e+00 -1.274072e+00 7.902561e-01 -1.448973e+01 -4.007573e+00 -4.658358e+00 1.208785e+00 8.589633e+00 -2.942661e+00 
5.589386e+00 -6.055688e+00 -2.312036e+00 -9.752066e+00 -3.583382e+00 1.181225e+00 -1.148529e+01 -3.229962e+00 -7.924051e+00 9.237319e-01 7.410795e+00 2.462215e+00 
6.806200e+00 -5.051671e+00 -5.705080e+00 -1.188486e+01 -4.069021e+00 2.258373e+00 -6.030354e+00 -4.049089e+00 -1.028226e+01 -9.134030e-01 9.657191e+00 1.559126e+00 
6.127534e+00 -4.657645e+00 -3.738250e+00 -1.201888e+01 -1.035709e+01 4.917930e+00 -3.489047e+00 -6.602100e+00 -9.206193e+00 -2.786606e+00 8.202889e+00 2.876096e+00 
6.183912e+00 -4.193100e+00 -3.482495e+00 -1.345460e+01 -1.410257e+01 8.097306e+00 -3.435469e+00 -7.514522e+00 -8.914342e+00 -4.629558e+00 6.217362e+00 8.592624e+00 
6.320158e+00 -2.456566e+00 -4.214927e+00 -1.466272e+01 -1.745438e+01 8.900866e+00 -1.657416e+00 -1.035255e+01 -4.124039e+00 -8.158006e+00 6.889785e+00 8.271038e+00 
4.884239e+00 2.928894e+00 -2.110677e+00 -1.743172e+01 -2.333476e+01 4.398109e+00 3.553241e+00 -6.909506e+00 -8.009082e+00 -5.820574e+00 2.658590e+00 9.349198e+00 
-2.865105e+00 3.644663e+00 -4.912049e+00 -1.338143e+01 -1.624253e+01 7.539293e-02 1.752939e+00 -1.129399e-02 1.465699e+00 3.834371e+00 9.456523e+00 1.208164e+01 
-6.721412e+00 5.058572e+00 -4.711645e+00 -7.718252e+00 -8.869334e+00 -1.682641e+00 -2.368002e+00 -3.209904e+00 -1.792197e+00 2.209377e+00 3.575100e+00 6.627930e+00 
-2.998788e+00 5.397505e+00 -9.016053e+00 -1.083387e+01 -1.198954e+01 3.971839e+00 3.499306e-01 -5.175623e+00 -5.566217e+00 -2.657847e+00 1.023686e+00 5.123885e+00 
-9.465117e+00 2.003330e+00 -9.775206e+00 -9.846035e+00 -9.789020e+00 -3.244010e-01 2.893963e+00 -1.620628e+00 -5.842474e+00 -2.726105e+00 4.481029e+00 -1.675868e-01 
-1.496620e+01 7.542593e-01 -6.715693e+00 -4.712782e+00 -3.312523e+00 -4.753023e+00 3.060144e+00 5.705807e+00 -4.113643e+00 -1.507166e+00 6.777775e+00 1.275617e+00 
-1.695051e+01 1.318853e+00 6.911736e-01 1.958251e+00 -1.798966e+00 4.884250e-01 4.307868e+00 -1.413047e+00 -4.261796e+00 2.935389e+00 4.488690e+00 4.809651e-01 
-1.815878e+01 -2.420866e+00 -3.201451e+00 -1.272514e+00 -1.030550e+01 2.016556e+00 6.409204e+00 -5.305769e+00 -1.078687e+01 4.187294e+00 1.552357e+00 -6.374150e+00 
-1.732380e+01 -3.176319e-01 -6.694698e+00 -4.087349e+00 -6.076628e+00 -3.066916e+00 1.596747e+00 2.952213e+00 -5.198246e+00 -4.146714e+00 5.617827e-01 -3.440974e+00 
-1.806141e+01 3.408865e+00 -3.652362e+00 -5.405612e+00 -5.243864e+00 -1.994180e+00 -4.236704e-02 3.240960e+00 -3.895311e+00 -2.947942e+00 -3.532227e+00 -3.948077e-01 
-1.884258e+01 -1.670718e+00 -4.227333e+00 -5.742206e+00 -6.103546e+00 -1.088246e+00 7.169280e+00 4.848429e+00 4.990568e+00 6.006723e-01 -1.482121e+00 -8.819459e-01 
-2.061932e+01 -4.622386e+00 -2.616937e+00 2.783610e-01 -2.736037e+00 -3.632188e+00 4.543066e+00 3.285742e+00 3.844368e-01 -3.050328e+00 -2.337700e+00 -2.760553e+00 
-1.428112e+01 -4.205882e+00 -8.644828e+00 -6.066091e+00 -7.885718e+00 -1.657047e+00 7.340456e+00 4.520964e+00 6.844573e-01 -6.509742e+00 -8.110762e+00 -5.036486e+00 
-1.112783e+01 -6.014699e+00 -7.829848e+00 -6.614500e+00 -1.033354e+01 3.960807e+00 7.802224e+00 1.066722e+01 2.507643e-01 -8.948784e+00 -1.425305e+01 -1.002955e+01 
-1.665752e+01 -1.312834e+00 -1.021323e+01 -6.362632e+00 -2.473590e+00 2.749511e+00 1.911856e+00 4.596066e+00 -4.200901e+00 -2.802507e+00 -5.975280e+00 -2.566029e+00 
-1.912276e+01 -1.577280e+00 -6.250944e+00 -4.409694e+00 -4.138292e-01 1.282276e+00 8.457512e-01 1.743113e+00 1.585261e+00 -4.535704e+00 -3.405623e+00 -2.400161e-01 
-1.930684e+01 -8.460848e-01 -4.394814e+00 -3.796584e+00 2.188771e+00 4.070684e+00 9.687983e-01 6.067836e-01 4.219393e-01 -1.578914e+00 -3.012312e+00 -3.492807e-01 
-1.969550e+01 -1.884920e+00 -2.260503e+00 -1.904109e+00 -2.224602e+00 -8.521642e-01 2.625166e+00 -2.104361e+00 2.004473e+00 5.810348e+00 -2.261446e+00 -1.138138e+00 
-1.709316e+01 2.438601e-02 -1.681238e+00 -1.725799e+00 -7.828252e-01 3.166515e+00 4.905850e+00 4.756533e+00 8.850074e-02 -4.061780e+00 -1.591942e+00 1.949830e+00 
-1.818612e+01 5.189016e-01 4.244444e-01 2.463912e+00 -2.165719e+00 3.358469e+00 -2.548616e-01 4.333908e+00 9.759375e-01 -2.661338e+00 7.124668e-01 3.874378e+00 
-1.998507e+01 -1.233940e+00 -3.920045e+00 -5.119034e-01 2.582441e+00 4.491218e+00 7.326932e-01 -2.552597e-01 -6.427291e+00 -4.987910e+00 6.887231e+00 3.526717e+00 
-2.002394e+01 -4.917261e-01 -5.584360e+00 -2.775248e+00 2.408037e+00 6.267344e+00 1.776550e+00 1.047601e+00 -3.577467e+00 -2.787381e+00 -8.060493e-01 2.676192e+00 
-1.913087e+01 -4.992611e+00 -1.058446e+01 -3.059466e+00 2.898163e+00 1.055741e+01 4.869526e+00 2.678859e+00 3.681320e+00 2.880317e+00 6.497933e+00 3.401725e+00 
-1.993169e+01 -3.320426e+00 -6.751956e+00 2.822073e+00 -2.910174e-01 1.978165e+00 -1.503494e+00 -1.093513e+00 -1.016113e-01 3.913488e+00 2.215659e+00 2.326462e+00 
-1.938414e+01 -3.370671e+00 -3.650454e+00 3.125161e+00 -1.053123e+00 -3.772071e+00 -2.472433e+00 -5.687300e-01 -2.034664e+00 -2.118381e+00 -8.480074e-01 3.117803e+00 
-1.939055e+01 -2.092087e-01 -3.439551e+00 1.251557e+00 -8.501194e-01 -1.492011e+00 -4.199178e+00 -6.322216e+00 8.623160e-01 -2.086191e+00 -2.243933e+00 -3.728720e-01 
-2.118352e+01 -7.746842e-01 -4.841430e+00 1.318568e+00 1.003273e+00 -2.996896e-01 9.815116e-01 -7.518254e+00 -6.344488e+00 3.412028e+00 3.631652e+00 -1.675868e-01 
-1.890023e+01 -1.244959e+00 -5.542847e+00 -2.223758e+00 -2.305354e+00 -5.291818e+00 -3.957624e+00 -1.345875e+00 -5.227209e+00 2.165165e+00 -8.166301e-01 2.428690e+00 
-1.940379e+01 -1.189866e+00 -3.161370e+00 -5.885421e-01 -2.282362e+00 -5.031025e+00 1.146331e+00 8.862013e-01 -1.080391e+00 2.397473e+00 -1.105228e+00 6.067850e-01 
-2.014609e+01 -4.683666e-01 -2.352594e+00 3.850390e-01 -1.538762e+00 -1.123547e+00 -8.532971e-01 2.850988e+00 4.177022e+00 6.301472e-01 1.666191e+00 -2.686722e-02 
-1.969422e+01 -3.652323e-01 -9.235166e-01 3.037354e+00 -2.730990e+00 -1.707352e+00 3.713974e+00 4.999566e+00 -2.103357e+00 -2.147468e+00 -2.438116e-01 -1.962176e+00 
-2.005469e+01 2.861884e-01 -2.639841e+00 2.116920e+00 2.232217e-01 3.472317e+00 3.868350e+00 3.215770e+00 -1.817818e+00 -3.715451e+00 4.089177e+00 -5.403599e+00 
-1.828350e+01 -6.371719e-01 -3.611804e+00 -1.961492e+00 -4.365675e+00 -2.139359e+00 2.942546e+00 2.141482e+00 -2.189460e-01 -3.896566e+00 1.662908e+00 1.023977e+00 
-1.593828e+01 1.873751e+00 1.632122e+00 4.057149e+00 -2.571166e+00 -8.005352e-01 -2.922395e+00 -6.396852e+00 9.061309e-01 -5.456017e+00 1.454860e-01 1.509046e+00 
-1.319884e+01 4.983646e+00 7.646554e-01 4.540474e+00 6.303511e-01 -4.941888e+00 -5.261651e+00 -6.046530e+00 -4.196445e+00 -8.427933e+00 -3.181969e+00 -1.567747e+00 
-1.053800e+01 8.708820e+00 1.814872e+00 1.920124e+00 -3.541323e+00 -1.063976e+00 -4.823948e+00 -8.759074e+00 -9.032419e+00 -2.777551e-01 -2.802522e+00 4.942093e-01 
-1.326078e+01 7.480024e+00 5.513674e-01 2.275203e+00 1.038602e+00 4.376785e-01 -3.782362e+00 -1.580511e+00 -3.927986e+00 1.240333e-01 1.895684e+00 8.628253e-04 
-1.053672e+01 7.988202e+00 2.172261e+00 2.042592e+00 -1.938041e+00 -6.809358e+00 -5.416027e+00 -4.935390e+00 -2.287157e+00 5.429502e+00 -2.053115e+00 -5.442090e+00 
-1.098432e+01 7.690259e+00 2.471437e+00 4.279363e+00 1.663876e+00 -2.017127e+00 -3.807789e+00 6.469003e-01 -1.664094e+00 5.785662e-01 -3.025447e+00 -4.618466e+00 
-1.402700e+01 6.858574e+00 1.018979e+00 6.431024e+00 2.793296e+00 3.806361e+00 1.243043e+00 3.623002e+00 -2.522197e+00 2.821756e+00 -6.433252e-01 -2.027983e+00 
-1.549239e+01 3.663175e+00 -1.725136e+00 5.818684e+00 4.036554e+00 2.161735e+00 -2.562237e-01 -3.535036e+00 5.006576e-01 2.417640e+00 -2.821212e-01 6.978389e-01 
-1.242878e+01 7.165773e+00 3.510201e+00 3.872678e+00 2.166900e+00 6.170705e+00 1.442371e+00 -2.830194e+00 -4.923475e+00 -3.978785e+00 -5.771692e+00 -1.928238e+00 
-1.472787e+01 7.487957e+00 5.523793e+00 4.616728e+00 -1.480175e-01 4.629337e+00 4.687453e+00 -9.181187e-01 -2.938439e+00 -3.731740e+00 -2.420887e+00 -3.462909e+00 
-1.474282e+01 6.558867e+00 4.552307e+00 6.724870e+00 2.504492e+00 4.597565e+00 1.280275e+00 -2.967758e-01 -3.154542e+00 -2.106746e+00 -5.080464e-02 7.991415e-02 
-1.035264e+01 1.137004e+01 5.143023e+00 7.221288e+00 1.932492e+00 -2.091260e+00 -9.114249e+00 -7.133413e+00 -3.556674e+00 -3.080056e-01 -1.536484e+00 2.454666e-01 
-8.812932e+00 1.040084e+01 1.637371e+00 2.068009e+00 -2.544249e+00 -4.977190e+00 -4.306787e+00 -9.875812e+00 -5.180423e+00 1.132383e+00 -2.667973e-01 -4.120981e+00 
-9.754692e+00 1.032195e+01 2.825962e+00 -6.258987e-01 -5.343683e+00 -5.206652e+00 -8.539424e+00 -5.627170e+00 -2.909806e-01 3.877555e-01 -2.761294e+00 -5.636712e-01 
-9.928523e+00 1.039291e+01 6.802089e+00 4.126471e+00 1.195622e+00 1.915504e+00 -8.112165e+00 -7.151139e+00 -4.793516e+00 -1.547112e+00 -3.941309e-01 1.123309e+00 
-9.685928e+00 1.246176e+01 5.022781e+00 1.034735e+00 -3.618711e+00 -3.058091e+00 -2.462444e+00 -2.299347e+00 -6.107219e+00 -5.108389e-01 -2.060777e+00 -3.057720e+00 
-1.066613e+01 1.057185e+01 5.097694e+00 7.518600e+00 1.632178e-01 4.362807e+00 2.301430e+00 9.081255e-01 -9.073594e-01 -6.923418e-01 -5.496229e+00 -8.770777e-02 
-1.220156e+01 8.820329e+00 4.777524e+00 7.806669e+00 4.643884e+00 1.519681e+00 -4.108368e+00 -5.269851e+00 -9.595700e+00 -5.210910e+00 -7.465784e-01 4.739803e+00 
-1.200979e+01 9.788645e+00 2.481934e+00 2.286757e+00 -3.341978e-01 5.068161e-02 -9.604525e-01 4.313895e-01 -6.720999e+00 -1.001065e+01 -2.346457e+00 3.029232e+00 
-1.003060e+01 1.176142e+01 3.826077e+00 1.364782e+00 -9.162919e-01 -1.790753e+00 1.392425e+00 1.781364e+00 -4.395840e+00 -2.396064e+00 2.288265e+00 -2.830597e-01 
-1.370710e+01 6.544764e+00 2.766318e+00 3.430176e+00 -5.545861e-01 7.130333e-01 -1.488965e+00 -1.695730e+00 2.859606e+00 3.022650e+00 3.872454e+00 2.568996e+00 
-1.214177e+01 8.684579e+00 5.840623e+00 7.317183e+00 2.595900e+00 2.918519e+00 1.147336e-01 -8.187177e+00 -2.852665e+00 4.406415e+00 5.189207e+00 -2.748137e+00 
-1.165316e+01 7.522335e+00 5.847303e+00 4.891317e+00 2.277374e+00 7.642210e-01 -5.209435e+00 -1.225525e+00 2.537348e-01 1.367018e+00 -1.865216e+00 -3.099522e+00 
-1.564999e+01 4.632372e+00 1.378753e+00 9.346039e-01 2.247653e+00 6.194833e-01 -5.529085e+00 -3.333986e+00 2.660582e+00 8.096586e+00 2.730101e+00 -3.559028e-01 
-1.384761e+01 4.797211e+00 8.095079e-01 4.013246e+00 -1.530645e-01 2.679348e+00 6.751262e-02 -4.692823e+00 1.752352e+00 3.490757e+00 -5.958861e+00 -9.616083e+00 
-1.375280e+01 4.072627e+00 3.237648e-01 3.948931e+00 -2.959790e+00 -2.093467e+00 -5.454167e+00 -2.188326e+00 1.672190e-01 -7.148358e-01 -1.782030e+00 -4.320057e+00 
-1.326035e+01 7.176792e+00 2.393085e-01 7.302164e+00 1.901088e+00 2.336479e+00 6.132785e-01 1.111508e+00 -1.422741e+00 5.293122e-01 5.088791e-01 1.744131e+00 
-1.250609e+01 6.915430e+00 4.330907e+00 6.952475e+00 -1.424923e+00 -2.658297e+00 -2.419309e+00 -1.795556e+00 -3.290814e+00 3.838772e-01 4.227456e+00 -5.057278e-01 
-1.125297e+01 7.246429e+00 1.513311e+00 5.909187e+00 -6.139054e-03 1.198434e+00 -6.731405e+00 -6.163148e+00 -1.175364e-02 -1.738310e+00 -3.718302e+00 2.191536e+00 
-1.062086e+01 1.508814e+00 -7.931959e+00 5.475593e-01 6.729440e+00 1.110591e+01 5.398946e+00 -5.449443e+00 -8.346605e+00 1.230115e+00 3.164276e+00 -1.946862e+00 
-1.358409e+01 1.081275e-01 -6.298182e+00 -1.292540e+00 3.795978e+00 8.268520e+00 -2.011868e-02 -6.177142e+00 -6.609605e+00 -2.010336e-03 2.940256e+00 3.869411e+00 
-1.436526e+01 6.972727e+00 1.335332e+00 5.255640e+00 3.718029e+00 -6.081399e-01 -4.115633e+00 2.425564e+00 -1.014669e+00 1.141303e+00 -4.634528e-01 3.561070e+00 
-1.392321e+01 7.026057e+00 3.439105e+00 6.442578e+00 9.791588e-01 8.829236e-01 -4.128346e+00 -1.638354e+00 -1.318774e+00 -2.435235e+00 -5.041622e+00 2.921209e+00 
-1.696632e+01 4.372333e+00 -8.113853e-01 5.329583e+00 -1.514649e+00 1.924329e+00 -2.657588e-01 4.530760e+00 3.905222e+00 -1.242668e+00 -1.084067e+00 -4.390831e+00 
-1.793029e+01 9.473055e-01 -3.543094e+00 -4.351541e+00 -1.788311e+00 4.929844e+00 -5.268916e+00 3.226966e+00 4.921504e+00 -1.280540e-01 2.438949e+00 -1.088157e-01 
-1.783718e+01 2.573213e+00 -2.965260e+00 2.664223e-01 1.755550e-01 2.944113e+00 1.191736e+00 2.082240e+00 -6.129085e-01 2.959822e+00 5.440956e+00 4.014270e+00 
-1.947554e+01 2.503134e+00 -2.965358e-01 1.209579e+00 -4.111080e+00 1.850637e+00 -4.982314e-01 -4.525359e+00 -3.819192e+00 3.288058e-01 3.073427e+00 4.079663e+00 
-1.681897e+01 5.766392e-01 -3.966807e+00 1.488790e+00 1.967821e+00 2.525785e+00 -8.823562e-01 1.701643e-01 -2.504374e+00 2.769011e+00 2.241564e+00 2.039642e+00 
-1.939396e+01 -6.794834e-01 -4.998414e+00 -1.385353e+00 -4.671037e-01 7.887701e+00 1.046204e+01 4.986971e+00 -3.929472e+00 7.470246e+00 3.574005e+00 -4.109491e-01 
-1.651402e+01 5.650052e+00 -4.916919e-01 3.240312e+00 5.582076e+00 1.602200e+00 5.444805e+00 -1.950846e-01 -9.050984e+00 -2.643886e+00 -1.806110e+00 -2.024672e+00 
-1.826044e+01 2.194613e+00 -2.759606e+00 1.963257e+00 1.789492e+00 9.725022e-01 1.589028e+00 1.849936e+00 -2.612797e+00 -2.349137e+00 -3.282303e+00 1.122895e+00 
-1.847783e+01 1.299020e+00 -1.943673e+00 1.542322e+00 -3.128586e+00 -4.411036e+00 -4.560146e+00 1.727253e+00 2.641315e-01 -1.383837e+00 4.632725e-01 -1.125308e+00 
-1.978775e+01 1.160609e-01 -2.351162e+00 1.893165e+00 -2.969199e-02 -3.942844e+00 -3.109009e+00 -3.311595e+00 -4.628570e-02 1.673013e+00 2.883704e+00 3.749799e+00 
-2.037416e+01 -4.452699e+00 8.471050e-02 7.162365e+00 4.279374e+00 7.911387e-01 -1.142072e+00 -1.578179e+00 -3.365819e+00 -2.252956e+00 1.450928e+00 -2.934797e+00 
-2.044079e+01 -1.887124e+00 -2.442299e+00 2.825154e+00 3.012563e+00 5.711781e+00 -1.071240e+00 -1.148557e+00 4.195217e+00 -1.848453e+00 2.838827e+00 -2.696815e+00 
-2.086448e+01 -1.772971e+00 -4.293180e+00 1.423705e+00 9.539235e-01 1.306105e+00 -2.043357e+00 1.741247e+00 4.469617e+00 -1.962862e+00 -1.002705e+00 3.687049e-02 
-1.993083e+01 -3.013244e-01 2.288111e-01 3.844179e+00 -5.178252e+00 -6.404268e+00 -1.185206e+00 -9.656990e-01 -2.436424e+00 -2.234729e+00 4.143823e-01 6.324456e-01 
-2.065520e+01 -2.100444e+00 -1.196926e+00 2.750826e+00 -2.327786e+00 7.889323e-01 -4.037894e-01 2.090636e+00 -7.887663e+00 -2.361160e+00 -2.189935e+00 1.795452e+00 
-2.035537e+01 -2.371943e+00 -6.792136e-01 3.913115e+00 -4.116127e+00 -6.129939e-01 -5.756109e+00 1.032207e+00 6.324735e-01 -8.543118e+00 -8.838446e-02 3.775046e+00 
-1.969635e+01 -2.788447e+00 -4.998891e+00 -3.801927e-01 -3.508797e+00 -2.024187e+00 -9.654470e-01 6.668609e+00 1.598629e+00 4.522376e+00 -2.262987e-01 -5.487203e+00 
-2.009997e+01 -2.581738e+00 -3.528302e+00 -1.710009e+00 8.479353e-01 -4.642847e-01 2.024914e+00 -3.527106e+00 1.802479e+00 -1.863966e+00 -5.458284e+00 3.923216e+00 
-1.991930e+01 -1.383353e+00 -4.231150e+00 -4.725876e+00 -2.253201e+00 9.204319e-01 1.320232e+00 7.728482e-01 4.207841e+00 6.689298e-01 2.471983e-02 -1.696878e+00 
-1.996030e+01 -2.587027e+00 -2.425121e+00 -2.146734e+00 -2.723139e+00 1.323756e+00 1.078678e+00 3.401894e+00 8.262987e-01 -3.474610e+00 -5.719518e+00 -1.326041e+00 
-2.081664e+01 -1.959406e+00 -3.308811e+00 -2.442456e-01 4.447315e-01 5.140189e-01 -3.109462e+00 -4.085474e+00 1.204295e+00 -1.186433e+00 -3.813610e-01 2.028881e+00 
-2.061377e+01 -1.803382e+00 -4.324195e+00 -6.940647e-01 2.423178e+00 3.312135e+00 -4.128703e-01 -1.534330e+00 4.712826e+00 2.811031e-01 -4.702674e+00 -1.778827e+00 
-1.783974e+01 6.916736e-01 -2.104951e+00 -1.675733e+00 1.775472e+00 1.821811e-01 8.707238e-01 2.295885e+00 -8.219575e-01 5.661557e-01 3.454698e+00 1.131173e+00 
-1.979630e+01 -1.320767e+00 -4.498356e+00 -1.974971e+00 5.602530e-01 -4.154458e-02 8.162381e-01 2.289354e+00 -7.495515e-01 4.699747e-01 6.190363e+00 -5.090389e-01 
-1.812333e+01 5.651798e-01 -7.522182e-01 2.656086e+00 1.110382e+00 1.794595e+00 -1.154688e-01 4.099638e-03 -7.877967e-01 -4.259049e-01 -9.414096e-01 -1.144347e+00 
-1.719183e+01 9.406943e-01 -1.978028e+00 1.736422e+00 1.991374e+00 4.510193e+00 -2.376078e-01 -2.560106e+00 -4.219467e+00 6.933629e-01 2.846489e+00 1.902233e+00 
-1.801998e+01 -3.261366e+00 -8.725467e+00 -2.962031e+00 6.391848e+00 9.953302e+00 2.220155e+00 -3.212236e+00 -2.123408e+00 7.551690e+00 3.977167e+00 1.044019e+01 
-1.765267e+01 -2.257349e+00 -8.327519e+00 -1.552880e+00 -7.351586e-01 1.646768e+00 -2.957810e+00 -3.331653e+00 -2.444222e+00 3.624169e+00 3.989937e+00 4.702140e+00 
-1.924320e+01 -1.810010e-01 -4.018339e+00 -9.239808e-01 -3.997241e+00 -2.330431e+00 3.399318e+00 -3.640925e+00 1.292296e+00 7.445560e-01 -2.601489e+00 -8.496632e-01 
-8.173559e+00 3.972561e-01 -1.421942e+01 -5.613961e+00 8.978451e-01 9.194754e+00 8.158811e-02 -9.179833e+00 -1.067919e+01 -2.522884e+00 1.159046e+00 2.273899e+00 
-1.343503e+01 -1.114058e+00 -9.869682e+00 -5.635093e-01 1.613967e+00 1.070744e+01 9.806035e-01 -4.218420e+00 -7.851645e+00 -4.962701e+00 2.617924e-02 5.085808e+00 
-1.995304e+01 -2.957693e+00 -6.866473e+00 -3.294774e+00 -4.229405e+00 -1.428468e+00 -1.464446e+00 2.628947e+00 -2.326846e-01 -1.384225e+00 -2.219205e-01 2.454765e+00 
