-2.495863e+00 -1.432516e+01 9.779243e+00 -5.296340e+00 -6.194827e+00 -1.094295e+01 -9.724430e+00 4.938392e+00 2.350446e+00 3.277384e+00 -7.693364e+00 4.412933e+00 
-1.571947e+00 -1.537461e+01 6.679893e+00 -7.408576e+00 -3.717913e+00 -9.509186e+00 -9.938330e+00 9.639144e+00 8.577236e+00 -1.384636e-02 -7.521175e+00 4.677869e+00 
-7.838145e-01 -1.494671e+01 2.789500e+00 -6.207334e+00 -4.287163e+00 -8.751281e+00 -9.110218e+00 1.149841e+01 7.031938e+00 4.517307e+00 -5.839064e+00 3.060045e+00 
-4.414048e-01 -1.396378e+01 4.067488e-01 -7.137634e+00 -1.333164e+00 -1.133003e+01 -4.722773e+00 1.107765e+01 8.352543e+00 2.983424e-01 -1.739204e+00 5.140816e+00 
-2.022309e+00 -1.240086e+01 4.408556e+00 -9.129451e+00 1.883773e+00 -1.217120e+01 -6.666363e+00 1.357128e+01 3.324007e+00 3.205577e+00 2.666391e+00 4.389703e+00 
-1.029658e+00 -1.066434e+01 2.989034e+00 -7.713876e+00 1.196947e+00 -1.230320e+01 -6.336018e+00 1.320312e+01 1.185977e+00 5.236532e+00 -2.265716e+00 2.566954e+00 
-4.291075e-02 -9.792409e+00 3.828188e+00 -2.911525e+00 6.476884e-01 -1.317605e+01 -9.125211e+00 1.773178e+01 3.144580e+00 2.055892e+00 -5.141784e+00 -2.089893e+00 
-2.399297e+00 -4.546658e+00 2.924211e+00 -1.542090e+00 4.022186e+00 -1.034629e+01 -3.986618e+00 1.076485e+01 -7.503210e-01 5.063350e+00 -2.046644e+00 1.101509e+00 
-6.465622e+00 -5.542309e+00 -1.867627e+00 5.792000e+00 8.939756e+00 -9.484004e+00 -5.009639e+00 6.967434e+00 2.103775e+00 1.241150e+01 -1.706812e+00 -5.538763e+00 
-9.255081e+00 -3.776936e+00 -5.819804e+00 8.487185e-02 -4.136041e+00 -1.167039e+01 -5.631847e+00 9.404314e+00 9.034495e+00 3.032394e+00 -3.519059e+00 -1.824127e+00 
-1.131882e+01 -5.728561e-01 -5.321983e+00 3.522145e-01 -5.648957e+00 -7.633918e+00 -6.160600e+00 9.371558e+00 5.576844e+00 5.132469e+00 -4.324597e+00 -3.363411e+00 
-1.460207e+01 5.377154e-01 -3.015703e+00 3.039385e+00 -3.739599e+00 -1.208387e+01 -4.960162e+00 7.081389e+00 3.232818e+00 -6.670237e-01 -1.973620e+00 2.087414e+00 
-1.693611e+01 -1.600294e+00 -3.751039e+00 3.388534e+00 -3.234729e+00 -2.272529e+00 -4.951666e+00 3.663667e+00 4.656094e+00 -4.086893e+00 -5.880265e+00 2.450249e+00 
-1.299839e+01 -1.724463e+01 -1.548653e+01 -5.864075e+00 4.741541e+00 -2.965448e+00 -8.241125e+00 -4.935078e+00 -7.484230e+00 5.732271e+00 -2.233324e+00 -2.001120e+00 
-1.012333e+01 -1.726517e+01 -1.601069e+01 -8.914137e+00 4.618543e+00 -5.170116e+00 -1.008426e+01 -6.279930e+00 -8.694293e+00 7.992472e+00 -3.042840e+00 -3.985098e+00 
-6.795804e+00 -1.478729e+01 -1.812098e+01 -1.230157e+01 2.627525e+00 -7.263495e+00 -8.745889e+00 -6.380505e+00 -1.141587e+01 7.371166e+00 -1.853997e+00 -5.204135e+00 
-9.325924e+00 -3.126046e+00 -9.826675e+00 -3.501184e+00 8.754411e+00 -3.826392e-01 -6.609889e+00 -4.536467e+00 -5.584342e+00 9.750790e+00 2.717536e+00 -9.339084e-01 
-1.621671e+01 -1.022422e+01 -1.756695e+01 -8.325459e+00 1.019549e+01 1.344100e-01 -9.828382e+00 4.229289e+00 4.128966e+00 1.587975e+01 -4.004519e-02 -1.172019e+00 
-1.551207e+01 -5.860663e+00 -9.777045e+00 -7.839531e+00 6.306638e+00 2.863160e-01 -5.827256e+00 -2.175710e+00 -5.555148e+00 7.829657e+00 -5.395638e-01 2.036528e+00 
-1.212129e+01 -2.336763e+00 -7.720435e+00 -2.552560e+00 9.311801e+00 3.215990e+00 -6.090133e+00 -1.561185e+00 1.337194e+00 1.096038e+01 -6.303065e+00 2.863417e+00 
-5.175683e+00 3.827374e+00 -1.955239e+00 1.194818e+00 9.092572e+00 -5.583187e+00 -1.079093e+01 -4.009138e+00 -4.071189e+00 1.015283e+01 -4.014316e+00 -2.048133e+00 
2.195825e+00 2.296309e-01 -9.049041e-01 1.015172e+00 3.730446e+00 -1.124961e+01 -1.519787e+01 -2.849751e+00 -1.129417e+01 2.942539e+00 2.684860e+00 3.124758e+00 
3.307391e+00 -2.529438e+00 -5.534418e-01 2.881989e+00 7.008861e-01 -9.598137e+00 -1.598000e+01 -3.869808e+00 -1.159628e+01 -3.079873e-01 5.272526e+00 3.535160e+00 
3.919259e+00 -3.143651e+00 -6.577663e-01 3.809672e+00 -8.181291e-01 -1.172726e+01 -1.331275e+01 -6.016034e+00 -1.121151e+01 8.407263e-02 4.384871e+00 2.281599e-01 
3.145041e+00 -1.491731e+00 3.596509e-01 2.878063e+00 -1.340131e-01 -1.209687e+01 -1.452218e+01 -5.481784e+00 -1.246192e+01 8.393929e-01 3.284396e+00 2.095434e+00 
2.918174e+00 -5.464488e-01 1.266932e-01 3.123154e+00 2.086738e+00 -9.924288e+00 -1.589954e+01 -6.189965e+00 -1.124136e+01 1.323228e+00 4.160969e+00 -1.924745e-01 
3.759017e+00 1.851298e-01 -1.724814e+00 4.935325e+00 2.556369e+00 -1.252984e+01 -1.535179e+01 -7.444391e+00 -1.080707e+01 1.051359e+00 5.136707e+00 -2.141054e+00 
3.768295e+00 -1.558727e+00 -7.129672e-01 3.852865e+00 1.269119e+00 -1.284259e+01 -1.771319e+01 -4.812819e+00 -1.225166e+01 1.347420e+00 2.557850e+00 -1.079098e+00 
3.470162e+00 -3.019439e+00 9.643279e-01 3.400641e+00 1.025494e+00 -1.274389e+01 -1.841886e+01 -1.375720e+00 -1.104291e+01 2.488070e-01 1.494028e+00 -1.034020e+00 
2.655885e+00 -3.328501e+00 1.769045e+00 3.521714e+00 -2.871684e-01 -1.462728e+01 -1.557969e+01 -4.565994e+00 -6.761603e+00 -1.424648e+00 1.281659e-01 -1.233413e+00 
2.348897e+00 -2.412072e+00 4.478950e+00 2.804110e+00 -2.167047e+00 -1.219800e+01 -1.586905e+01 -5.587435e+00 -6.916757e+00 -9.538687e-01 -1.359593e+00 -1.886904e+00 
2.965471e-01 -4.432650e-01 6.352740e+00 1.510263e+00 1.273524e+00 -1.339173e+01 -1.368358e+01 -6.357437e+00 -7.537697e+00 1.234525e+00 -3.619645e+00 -8.000576e-01 
-6.062490e+00 -8.031860e-01 1.163885e+01 -8.719335e-01 1.020411e+00 -8.347552e+00 -1.202385e+01 -1.250269e+01 -1.298113e+00 3.455942e+00 -9.233973e+00 1.452452e+00 
-8.081527e+00 6.854916e+00 1.506738e+01 2.343705e+00 -2.159931e+00 1.325694e+00 -6.607390e+00 -1.168655e+01 -4.294242e+00 3.189833e+00 -9.412697e+00 -1.741161e+00 
-4.710984e+00 1.478247e+01 5.454840e+00 6.304106e+00 -1.219992e+00 -3.688829e+00 -8.993773e+00 -6.010036e+00 -2.278563e+00 -5.913764e-01 -3.417053e+00 -5.700822e+00 
-5.004056e+00 1.428269e+01 5.344439e+00 5.313597e+00 8.792640e-02 -2.088942e+00 -1.007127e+01 -6.589961e+00 7.638162e-01 -3.537010e+00 -2.050338e+00 -5.041800e+00 
-5.257490e+00 1.244005e+01 5.346971e+00 7.487351e+00 2.495378e+00 -5.018616e+00 -9.972314e+00 -3.889646e+00 7.972742e-01 3.425020e-01 -6.922207e+00 -5.979862e+00 
-6.270381e+00 1.267771e+01 5.787058e+00 5.567851e+00 1.648280e+00 -4.192475e+00 -3.730238e+00 -7.043012e+00 -3.849075e-01 -4.528872e+00 5.901780e-01 -4.185874e+00 
-9.399298e+00 -6.175594e+00 4.798507e+00 -4.594442e+00 -7.097006e-01 -7.142052e+00 -3.505843e+00 2.900585e+00 6.808724e-02 -4.189622e-01 2.035316e+00 -1.314166e+00 
-6.396888e+00 -3.649301e+00 4.712921e+00 -4.930502e+00 -1.947818e+00 -1.052663e+01 -6.717339e+00 -1.217475e+00 7.723447e-01 7.840975e-01 -1.243663e+00 -4.999488e+00 
-4.175863e+00 -3.226296e+00 -3.549214e-01 -4.886654e+00 -3.807706e+00 -8.931212e+00 -8.102190e+00 -6.200193e-01 4.208347e+00 5.152437e+00 -2.686812e+00 -6.139709e+00 
1.224258e+00 -7.590338e+00 -1.426020e+00 -7.884360e+00 -1.754002e+00 -3.786715e+00 -1.005378e+01 -1.146426e+00 5.625719e+00 8.929422e+00 -6.314147e+00 -8.666557e+00 
2.107692e+00 -9.780184e+00 -3.681152e+00 -7.358838e+00 -9.279129e-01 -4.506847e+00 -1.000230e+01 2.008785e+00 6.461840e+00 1.156824e+01 -7.740531e+00 -9.606832e+00 
1.888415e+00 -9.702429e+00 -2.553333e+00 -9.733835e+00 -1.608979e+00 -4.105556e+00 -8.381559e+00 7.277004e+00 1.459217e+00 8.508946e+00 -5.312836e+00 -5.712990e+00 
6.123906e-01 -8.758615e+00 -2.891121e+00 -9.732199e+00 2.248025e+00 -4.857368e+00 -8.810359e+00 8.650459e+00 -8.018200e-01 1.179826e+01 -9.403320e+00 -4.748103e+00 
5.752821e-01 -1.006088e+01 -1.844331e+00 -7.184427e+00 -5.921234e-01 -2.596243e+00 -8.507001e+00 7.323600e+00 1.573085e-01 1.020467e+01 -8.698652e+00 -7.906594e+00 
8.514870e-01 -7.837295e+00 -1.750642e+00 -8.694570e+00 2.085531e-01 -2.449211e+00 -8.222135e+00 6.804575e+00 1.863993e+00 9.821445e+00 -1.046373e+01 -6.165428e+00 
1.506435e-01 -8.070559e+00 -3.944229e-01 -7.087568e+00 -6.700565e-01 -3.813522e+00 -7.308062e+00 6.318768e+00 2.328140e+00 9.638662e+00 -9.722693e+00 -8.484587e+00 
-7.226699e-01 -7.063660e+00 1.594326e+00 -8.414465e+00 -1.717747e+00 -2.378944e+00 -9.127211e+00 6.555443e+00 3.416508e+00 8.280085e+00 -9.352743e+00 -6.708021e+00 
-1.407911e+00 -6.792741e+00 2.503368e+00 -6.530304e+00 -1.315206e+00 -6.316722e+00 -9.323118e+00 1.136000e+01 1.715728e+00 5.981868e+00 -9.948017e+00 -3.188077e+00 
-6.661639e-01 -7.272473e+00 3.831733e+00 -4.938028e+00 -4.592118e+00 -8.254539e+00 -7.405516e+00 8.715972e+00 1.726881e+00 8.008984e+00 -8.875956e+00 -4.333276e+00 
-8.314651e-01 -7.462214e+00 3.394684e+00 -4.501838e+00 -4.041504e+00 -9.644033e+00 -6.544420e+00 1.065228e+01 -7.129268e-01 6.595494e+00 -7.597324e+00 -4.868679e+00 
-8.500193e-01 -8.076916e+00 4.755461e+00 -3.783907e+00 -3.434983e+00 -1.299531e+01 -3.586805e+00 8.597864e+00 -4.600239e-01 6.967970e+00 -9.397922e+00 -2.067492e+00 
-1.276698e-01 -6.942382e+00 2.915601e+00 -1.742024e+00 -6.985677e+00 -1.034101e+01 -6.059647e+00 9.430612e+00 -2.014179e+00 6.338601e+00 -7.608406e+00 -1.520750e+00 
-1.789538e+00 -7.320886e+00 5.937468e+00 -5.435410e+00 -3.694533e+00 -1.189419e+01 -5.859741e+00 8.358421e+00 -4.610781e+00 8.704400e+00 -6.518728e+00 -3.304782e+00 
-2.000381e+00 -6.337950e+00 4.891690e+00 -3.950464e+00 -3.501395e+00 -1.344290e+01 -5.293506e+00 8.381489e+00 -6.610714e+00 8.884495e+00 -4.513550e+00 -4.041791e+00 
-1.199598e+00 -6.469986e+00 2.820899e+00 -3.728933e+00 -1.903769e+00 -1.355704e+01 -7.778841e+00 9.131191e+00 -5.363257e+00 7.684123e+00 -5.900723e+00 -2.240336e+00 
1.334740e+00 -6.988350e+00 -5.929434e-01 -7.305723e-01 2.563294e-01 -1.577348e+01 -7.214606e+00 8.359805e+00 -4.162706e+00 6.281769e+00 -6.586637e+00 -1.458803e+00 
1.959258e+00 -7.330667e+00 -1.939034e+00 1.095015e+00 -1.588988e+00 -1.525075e+01 -7.608921e+00 7.671463e+00 -1.951200e+00 5.005750e+00 -4.949421e+00 -3.978184e+00 
2.372511e+00 -9.160591e+00 -1.753174e+00 -6.173525e-01 -1.570542e-01 -1.114522e+01 -1.004678e+01 4.158701e+00 -1.232837e+00 5.274931e+00 -3.350564e+00 -3.363411e+00 
2.705644e+00 -7.517474e+00 -3.421860e+00 -1.452103e+00 -9.109710e-01 -7.770390e+00 -9.905346e+00 2.772789e+00 -4.154834e+00 8.266261e+00 7.529904e-01 -5.408783e+00 
4.121246e+00 -6.915486e+00 -7.705748e+00 -5.279978e+00 -6.266850e-01 -4.512534e+00 -8.530490e+00 -1.037546e+00 -4.993579e+00 4.477372e+00 3.307127e+00 -2.324131e+00 
4.921186e+00 -6.468030e+00 -7.225146e+00 -6.718132e+00 -4.607366e+00 -1.901166e-01 -5.716308e+00 -2.301660e+00 -8.186848e+00 9.730235e-01 7.782906e+00 -2.294859e-02 
6.285765e+00 -2.305465e+00 -9.870735e+00 -6.588878e+00 -7.335359e+00 1.684339e+00 2.022567e+00 -6.437252e+00 -7.770263e+00 -1.150859e+00 5.031575e+00 5.167918e+00 
5.873777e+00 5.631446e-01 -1.034526e+01 -8.449805e+00 -6.329346e+00 3.189183e+00 -9.965191e-01 -2.306735e+00 -7.677433e+00 -5.819483e+00 7.897698e+00 1.961583e+00 
5.371126e+00 1.111340e+00 -9.639297e+00 -9.074804e+00 -9.734677e+00 4.122959e+00 4.622349e+00 -4.528624e+00 -7.467173e+00 -6.077528e+00 5.052886e+00 4.145508e+00 
3.998957e+00 1.266849e+00 -6.784046e+00 -9.083312e+00 -1.128961e+01 4.267554e+00 5.605388e+00 -1.517356e+00 -7.657424e+00 -6.546003e+00 3.212225e+00 2.662917e+00 
3.604259e+00 2.350524e+00 -7.561922e+00 -8.111782e+00 -1.003929e+01 5.397913e+00 4.603357e+00 -2.289665e+00 -7.753862e+00 -4.435945e+00 3.221317e+00 5.312831e+00 
2.831306e+00 5.152627e+00 -9.607391e+00 -9.104582e+00 -8.985166e+00 7.641574e+00 6.712869e+00 -1.761413e+00 -4.149585e+00 -3.400692e+00 2.668664e+00 5.589382e+00 
9.378414e-03 3.339329e+00 -4.724397e+00 -7.341495e+00 -1.200998e+01 8.161872e+00 1.203887e+01 7.266776e-01 -1.040290e+00 7.042465e+00 5.663787e+00 -4.514694e+00 
-2.198995e+00 5.130132e+00 -5.542280e+00 -2.647782e+00 -7.054461e+00 8.420194e+00 1.433280e+01 1.047558e+01 2.880853e+00 3.250504e+00 4.775416e-02 -3.287083e+00 
-3.318152e+00 7.873062e+00 -3.750532e+00 -1.772783e+00 -4.335617e+00 3.757410e+00 1.266758e+01 2.839225e+00 -4.654735e+00 1.833559e+00 9.177917e-01 3.743956e+00 
-4.727008e+00 4.317375e+00 -5.961604e+00 -1.548307e+00 4.013525e-01 3.878853e+00 7.048212e+00 2.018473e+00 -7.538681e+00 -3.733232e+00 2.007470e+00 1.579113e+00 
-1.070400e+01 3.777493e+00 -7.379101e+00 -5.988093e+00 -4.902494e+00 4.256181e+00 9.282165e+00 2.600704e+00 -6.499516e+00 -1.993730e+00 1.184884e+00 -3.373409e-02 
-1.134960e+01 1.264893e+00 -6.734922e+00 -4.413487e+00 -3.344513e+00 2.414219e+00 6.790833e+00 3.789155e+00 -3.428599e+00 -4.316906e+00 -1.072315e+01 -1.552000e+00 
-1.089797e+01 2.948599e+00 -4.263039e+00 -5.502819e+00 -2.104362e+00 8.510363e+00 8.995799e+00 8.586253e-01 -5.119211e+00 -2.779002e+00 -2.001750e+00 -3.307824e+00 
-1.335177e+01 1.858078e+00 -7.451014e+00 -4.810738e+00 -4.241758e+00 4.904016e+00 2.955130e+00 3.714338e-01 -2.573452e+00 -5.097954e+00 -6.287722e+00 -3.355114e+00 
-1.450719e+01 2.792112e+00 -5.732192e+00 -4.306485e+00 -1.977975e+00 5.166805e+00 7.838342e+00 9.049070e+00 3.064544e+00 -8.739976e-01 -2.916682e+00 -3.712142e+00 
-1.496050e+01 4.456747e+00 3.255416e+00 1.670603e+00 -3.147308e+00 6.215119e+00 9.160722e+00 5.198597e+00 -1.142960e+00 1.097054e+00 -6.998190e-01 -2.230657e+00 
-1.018237e+01 6.650015e+00 6.389709e+00 2.456597e+00 -1.513088e+00 3.387114e-01 1.216444e+00 1.816861e+00 -8.320352e+00 2.687747e-01 8.561333e-01 2.613461e-01 
-1.066352e+01 1.059301e+01 6.457571e+00 4.230483e+00 1.291821e+00 1.851807e-01 -6.631879e+00 -6.767121e+00 8.668143e-01 -1.203850e+00 -4.502469e+00 -3.164017e+00 
-1.324466e+01 7.370347e+00 3.275167e+00 2.256008e+00 -3.216432e+00 -5.363451e+00 -4.769251e+00 2.709122e+00 6.306404e-01 -1.071574e-01 1.472033e-01 -2.149628e+00 
-1.297056e+01 8.076984e+00 2.431720e-01 1.749792e+00 -1.792291e+00 -1.924851e+00 -5.999175e+00 -1.152963e-01 -1.038650e+00 -2.566268e+00 -5.462578e+00 -4.827749e+00 
-1.333701e+01 7.957174e+00 8.134119e-01 6.906527e+00 2.747474e+00 2.317958e+00 8.341233e-01 -7.722589e+00 -2.828980e+00 -3.909870e+00 -9.007062e-01 -9.825814e-01 
-1.319954e+01 4.815201e+00 1.125879e+00 2.776950e+00 2.458254e-01 -3.810145e-01 -2.168843e-01 -1.246079e+00 6.119883e-02 2.967883e+00 2.514828e-01 -4.243950e+00 
-1.640942e+01 1.273206e+00 6.214750e-01 2.124137e+00 1.747899e+00 2.969042e+00 4.221036e+00 4.138863e+00 4.420904e+00 3.454406e+00 7.821833e+00 2.657386e+00 
-1.897665e+01 5.411386e-01 -2.756917e+00 -3.627717e-01 1.296226e+00 1.663624e+00 3.428908e+00 1.190340e+00 2.501335e+00 1.041759e+00 1.496301e+00 -1.325228e+00 
-1.985165e+01 -6.506107e-01 -5.357434e+00 2.098940e+00 3.199146e+00 5.482930e-01 1.874262e-01 -2.492200e+00 -4.987675e+00 -4.551528e+00 -2.976635e+00 -1.697973e-01 
-1.709761e+01 -2.906237e-02 -7.423666e+00 4.103847e+00 -6.344783e-01 4.861496e-01 2.367905e+00 7.603565e-01 -1.392583e+00 2.287058e+00 -1.571561e+00 4.076417e-01 
-1.824376e+01 -6.525008e-02 -5.190818e+00 -2.873240e+00 -3.258448e+00 1.566145e+00 -3.143387e-01 1.298759e+00 4.143727e+00 8.681926e-01 7.527463e+00 8.516677e+00 
-1.884677e+01 -1.082418e+00 -1.611994e-02 4.169946e+00 6.236309e-01 2.974322e+00 -5.787148e-01 -2.414231e+00 -2.510801e+00 -1.274505e+00 -2.301802e+00 -4.139967e+00 
-2.076165e+01 -1.772430e+00 -1.206736e+00 1.877409e+00 -1.657772e+00 1.937102e-01 4.135077e+00 -1.370183e+00 -3.068762e+00 -3.100407e+00 -2.164963e-01 4.042355e+00 
-2.036189e+01 -4.004820e+00 -5.096116e+00 2.103522e+00 -7.507001e-01 3.301285e+00 4.113213e-01 4.138402e+00 2.606629e+00 -2.557436e+00 -3.665960e+00 4.985671e+00 
-1.884761e+01 -3.078056e-01 -1.728865e+00 4.556399e+00 -1.187654e-01 6.414327e-02 -9.885228e-01 -9.568089e-01 -6.743562e+00 -3.474035e+00 1.275976e-01 5.157732e-01 
-1.942912e+01 -3.591530e-01 -3.220301e+00 2.328652e+00 9.604368e-01 -1.436640e+00 -3.270454e+00 -2.728414e+00 -3.266557e+00 4.427250e-01 -3.744098e+00 -3.126960e+00 
-1.961846e+01 -1.701522e+00 -3.624938e+00 1.658496e+00 9.041895e-01 3.385362e+00 1.720708e+00 3.188393e-01 2.357051e-01 -7.299990e-01 -2.705281e+00 -2.682495e-01 
-1.909767e+01 -3.612135e+00 -6.000599e+00 8.819914e-01 4.816573e-01 5.008807e+00 -1.447808e+00 -1.923810e+00 1.174168e+00 3.110143e-01 8.660782e-01 2.531832e+00 
-1.367942e+01 -5.992210e+00 -1.417994e+01 -2.326448e+00 2.020325e+00 -3.009999e-01 -2.644747e+00 8.308658e-02 1.661650e-01 -1.900035e+00 6.249401e+00 5.839661e+00 
-1.863888e+01 -2.947552e+00 -1.038122e+01 -3.715189e+00 -2.785089e+00 5.387759e+00 -9.705313e-01 -1.891132e-01 -2.198198e+00 -2.561660e+00 7.870872e-01 2.954402e+00 
-1.961930e+01 -1.185602e+00 -3.752558e+00 3.584318e-01 -6.531145e-01 1.646159e+00 3.162033e+00 3.836214e+00 -8.060843e-01 -2.911097e+00 1.313031e+00 -3.373873e-01 
-1.967918e+01 -1.856053e+00 -2.369499e+00 1.059183e-02 -8.506386e+00 -9.317755e-01 7.208137e+00 2.659757e+00 5.449572e+00 3.881026e+00 -6.896066e+00 8.210858e-01 
-2.111755e+01 -3.010148e+00 -4.889999e+00 -3.161525e+00 -4.022868e+00 2.729125e-01 -2.002048e+00 7.642397e+00 3.857366e+00 2.369233e+00 1.140842e+00 -5.024884e-01 
-1.884719e+01 -7.943836e-01 -7.330483e+00 -3.722612e-01 -1.320288e+00 -9.496467e-01 -6.230567e+00 1.750887e+00 2.123784e+00 -4.557288e+00 6.751359e-01 5.149942e+00 
-1.934436e+01 -3.571969e-01 -6.828105e+00 -1.179852e+00 3.932055e+00 -1.363936e+00 -1.414823e+00 3.492887e-01 1.087243e+00 -4.012781e+00 3.387138e-01 1.616447e+00 
-2.053267e+01 -3.548073e+00 -4.808970e+00 -4.419601e-01 1.455819e+00 1.075090e+00 -1.272890e+00 -1.614319e-01 1.056409e+00 -2.452221e+00 -8.549595e-01 -3.995331e+00 
-1.862707e+01 1.687409e+00 -2.770591e+00 9.359835e-01 -1.041953e-01 2.862626e+00 -6.886633e-01 -1.320357e+00 3.224289e+00 -2.393086e+00 -3.944985e+00 -2.677840e+00 
-1.888852e+01 7.700014e-01 -3.752052e+00 -1.725336e+00 -4.128586e+00 1.787911e+00 4.530891e+00 -1.000716e-01 -1.241366e+00 -3.471731e+00 -5.998016e-01 -3.565293e+00 
-1.933930e+01 5.220667e-01 -3.442117e+00 -4.699481e+00 -5.932226e+00 2.363448e+00 2.543323e+00 7.834243e-01 -4.930272e+00 1.036767e+00 -1.869909e+00 -2.251075e-01 
-2.010086e+01 -2.582741e+00 -3.213717e+00 1.401728e-01 -2.111816e+00 -3.008721e-02 3.660799e+00 -5.277482e-01 -4.494990e+00 1.863894e+00 -1.763640e+00 2.665683e+00 
-1.877424e+01 -1.858987e+00 -3.576321e+00 -2.622259e+00 1.343325e+00 3.185122e+00 -2.502813e+00 7.192959e-01 -7.211318e+00 -1.536775e+00 3.166478e+00 -3.473432e-01 
-1.924062e+01 -1.276071e+00 -5.379716e+00 9.821222e-01 -1.011458e-01 -1.925663e+00 7.781495e-01 -3.550088e+00 -5.868735e+00 8.443848e-01 2.590241e+00 4.477093e+00 
-1.987273e+01 2.154492e-01 -3.435533e+00 -2.874222e+00 -5.295547e+00 9.897953e-01 7.316713e-01 1.162197e+00 -6.643800e-01 2.843468e+00 -2.246679e+00 8.020502e-02 
-1.646803e+01 2.568628e+00 -1.637708e+00 2.232775e+00 -3.635237e+00 -7.368158e-01 2.276947e+00 -5.595739e+00 -2.465862e+00 -1.711877e+00 1.004739e+00 2.455827e-01 
-1.552050e+01 5.488585e+00 -4.850738e-01 5.816214e+00 9.089333e-01 -4.679062e+00 -1.723179e+00 2.399475e-01 -2.595430e+00 7.372500e-01 -3.082619e+00 -3.336032e+00 
-1.350062e+01 7.103340e+00 2.187862e+00 5.235390e+00 1.720453e+00 2.192986e-01 1.492815e+00 3.725027e+00 2.354054e+00 2.447953e+00 -2.233324e+00 -4.067787e+00 
-1.536870e+01 3.316345e+00 2.358529e+00 4.432054e+00 6.802170e-01 6.176533e+00 1.390363e+00 2.292518e+00 -2.057150e+00 1.587033e+00 5.015262e-01 5.160175e+00 
-1.418924e+01 6.886703e+00 4.614673e+00 5.249134e+00 3.280806e+00 1.882142e+00 -1.795645e+00 -6.158132e+00 -5.371130e+00 -3.369204e+00 -1.030376e+01 -5.201094e+00 
-1.354364e+01 7.193809e+00 3.094878e+00 6.422889e+00 5.674026e+00 2.797640e+00 1.374370e+00 -4.697019e+00 -1.196924e+01 -9.285048e+00 -8.023819e+00 -8.849588e-01 
-1.664556e+01 2.819986e+00 8.559520e-01 3.432382e+00 7.157950e-01 3.646120e+00 3.306965e+00 -3.267739e+00 -5.188423e+00 -7.669192e+00 1.138285e+00 6.159907e+00 
-1.629008e+01 3.793631e+00 2.054165e+00 4.455614e+00 6.663246e-01 4.058378e+00 -8.815730e-01 2.252842e+00 1.685879e+00 2.683726e+00 -2.989706e+00 1.040391e+00 
-1.394592e+01 6.473967e+00 1.366433e+00 3.848939e+00 2.597707e+00 1.084419e+01 3.315961e+00 3.357788e+00 -1.974161e+00 -1.531399e+00 -1.315384e-01 3.225146e+00 
-1.537713e+01 5.045530e+00 1.224012e-02 8.113660e+00 4.820829e+00 7.519318e+00 1.166468e+00 -5.889623e+00 -2.607566e+00 -2.065921e+00 -4.071996e+00 2.554232e+00 
-1.693020e+01 3.143719e+00 -9.208439e-02 2.700707e+00 2.250397e+00 4.707838e+00 3.405918e+00 5.263711e-02 -7.873872e-01 1.412315e+00 -1.759094e+00 -4.267734e+00 
-1.574400e+01 2.846394e+00 -3.915122e+00 4.977537e+00 7.481054e+00 8.470152e+00 6.983243e+00 2.847068e+00 3.480472e+00 2.469840e+00 -1.270657e+00 -9.427580e-01 
-1.394297e+01 4.639641e+00 -1.672651e+00 6.066541e+00 9.900025e+00 1.039660e+01 3.737263e+00 6.685084e+00 4.620011e+00 -1.273353e+00 -9.688998e-01 4.519682e+00 
-1.579544e+01 1.767609e+00 -1.127227e+00 4.387551e+00 2.091481e+00 2.901618e+00 -2.084509e+00 1.337512e+00 -1.005192e+00 4.829496e+00 1.763677e+00 -5.929207e-01 
-1.820285e+01 9.763692e-01 -1.414372e+00 4.099266e+00 4.214646e+00 8.588346e+00 1.865640e+00 8.618547e-01 4.643301e+00 6.467623e+00 1.665365e+00 -2.669267e+00 
-1.791147e+01 1.080042e+00 -1.225474e+00 3.382971e+00 5.726885e+00 8.284534e+00 -2.363878e+00 -2.302520e-02 1.279135e+00 6.961623e-01 1.563927e+00 2.862357e-01 
-1.538894e+01 6.593289e+00 2.880152e+00 9.142781e+00 7.283511e+00 9.808596e-01 -3.528333e+00 2.406012e+00 -2.369096e+00 -6.208087e+00 -1.283159e+00 -3.640792e+00 
-1.408550e+01 6.293028e+00 1.582679e+00 4.540692e+00 3.279112e+00 -2.811511e+00 -2.736204e+00 -2.309042e+00 -3.551278e+00 -5.069922e+00 -3.442909e+00 -1.985356e+00 
-1.318647e+01 5.836281e+00 1.277301e+00 9.107872e-01 -4.894553e-01 -2.000398e+00 -7.069174e+00 -7.010717e+00 -9.591098e+00 -1.034892e+00 2.259101e-01 -8.747264e-01 
-1.270364e+01 8.079919e+00 8.445814e+00 5.455940e+00 1.567297e+00 1.839494e+00 -4.236001e+00 -1.083220e+00 -8.004141e+00 -1.965698e+00 1.729581e+00 1.392717e+00 
-1.446502e+01 8.348392e+00 7.806700e+00 7.945466e+00 1.304299e-02 2.700566e+00 5.995205e+00 6.470093e+00 -1.753031e-01 -6.003033e+00 -6.031711e+00 2.864246e+00 
-1.504104e+01 9.023245e+00 4.858266e+00 8.507311e+00 1.392118e+00 1.126267e+00 4.233031e+00 2.609931e+00 6.060016e+00 6.922658e+00 -1.178879e+00 1.938629e+00 
-1.597508e+01 4.289990e+00 1.482406e+00 4.797236e+00 7.360766e+00 2.714782e+00 7.426035e+00 2.690129e-01 3.166230e+00 4.927031e+00 -2.397958e-01 9.123476e-01 
-1.719882e+01 -2.422765e-01 -7.149929e-01 3.097631e+00 1.621850e+00 2.843130e+00 1.426846e+00 2.221008e+00 -3.421710e+00 -8.774535e-01 -5.728083e-01 -1.591824e+00 
-1.652580e+01 2.519726e+00 -8.228624e-01 1.769098e+00 -2.349004e+00 3.138819e+00 5.708839e+00 2.043386e+00 2.530200e+00 -3.468659e+00 -8.862150e-01 -7.560859e-01 
-1.847737e+01 -3.131848e-01 -3.762687e+00 -2.561722e+00 -4.947221e+00 1.106771e+00 -1.847731e-02 1.926663e+00 2.412814e-01 3.426758e+00 -1.490297e+00 -9.037643e-01 
-2.000851e+01 -1.612519e+00 7.916354e-01 3.708559e+00 -7.032437e+00 -2.345233e+00 -3.546935e-02 -6.726138e-01 -2.415630e-01 -2.908793e+00 4.323781e+00 4.734839e+00 
-2.014514e+01 -2.074646e+00 -2.847062e+00 1.170931e+00 -4.660754e-01 -2.376508e+00 3.598455e-01 4.079348e+00 5.038236e+00 2.852300e+00 1.334341e+00 1.249464e+00 
-1.948942e+01 -1.419844e+00 -1.880288e+00 3.316217e+00 2.875026e-01 -1.973997e+00 2.729235e+00 1.660461e+00 2.392104e+00 5.484209e+00 -2.816096e+00 1.792104e-01 
-1.880586e+01 -5.586744e-01 -7.574583e+00 -3.240386e+00 -3.450569e+00 2.234288e+00 7.576964e+00 6.165598e+00 2.250400e+00 1.946454e+00 -1.711643e+00 7.812623e-01 
-1.689225e+01 8.360195e-01 -4.940642e+00 -3.787506e+00 -1.544600e+00 5.734752e-01 4.466921e+00 6.513460e+00 1.164328e+00 5.744356e-01 2.100668e+00 5.497291e+00 
-1.910653e+01 1.748603e-01 -3.924744e+00 -3.036198e+00 -1.538840e+00 -1.614134e+00 3.685287e+00 2.690668e+00 -2.365488e+00 2.623823e+00 2.331674e+00 2.063630e+00 
-1.826147e+01 1.232617e+00 -4.501302e-01 3.984083e+00 -2.894196e+00 -3.902472e+00 -1.578746e+00 -2.198317e+00 -4.363454e+00 -1.131659e+00 6.197286e-01 2.616456e+00 
-2.134906e+01 -3.958297e-01 -2.440399e+00 -2.321539e+00 -2.924691e+00 7.001990e-01 -2.676232e+00 -1.759567e+00 9.396346e-01 2.572751e+00 4.643439e+00 -1.984527e+00 
-1.974285e+01 -7.405250e-02 -2.984811e+00 3.711936e-01 8.791155e-01 2.056387e+00 -1.425818e+00 -1.270992e+00 3.731452e-01 4.777657e+00 3.286101e+00 -2.711303e+00 
-2.006123e+01 -9.029467e-01 -2.781226e+00 1.601232e+00 3.845591e-02 8.456064e-01 -2.131487e+00 -4.336317e-01 3.902961e+00 5.499953e+00 1.252076e-02 -2.085191e+00 
-2.049261e+01 -2.601813e+00 -7.228691e+00 1.376755e+00 -4.971618e+00 2.871283e-01 4.218164e-01 1.291377e+00 5.079612e-01 -4.857775e-01 3.599508e+00 2.056993e+00 
-1.873165e+01 -2.779818e+00 -8.709492e+00 -8.495782e-02 -4.390848e+00 1.262866e-01 -1.574748e+00 1.366578e+00 -4.047244e+00 1.256413e+00 1.201080e+00 2.919556e+00 
-1.951261e+01 -2.298130e+00 -5.737762e+00 -1.716724e-01 2.024391e+00 2.155085e+00 1.124614e-01 -3.012226e-01 -4.428074e+00 6.592987e-01 1.990705e+00 2.171209e+00 
-2.050990e+01 -1.132299e+00 -2.650567e+00 -5.505987e-01 2.063697e+00 -1.554834e+00 -8.161662e+00 -4.253194e+00 -4.606516e+00 -9.477248e-01 3.752375e+00 8.101021e+00 
-2.035809e+01 3.010283e-01 -1.076584e+00 -1.669380e+00 -2.384921e+00 -2.156366e+00 -5.105594e+00 -2.999230e+00 4.068283e+00 5.257652e+00 3.070723e+00 2.559487e+00 
-1.832894e+01 -1.258890e-01 -6.147970e+00 -4.897125e+00 -4.606688e+00 -6.841489e+00 -1.769657e+00 -1.446768e+00 8.409008e-01 3.823426e+00 2.404130e+00 2.626136e+00 
-1.988201e+01 -1.262379e+00 -4.975079e+00 1.839778e+00 -3.604063e+00 -3.410606e+00 -1.746668e+00 1.607405e+00 4.392038e+00 4.871352e+00 -4.108483e-01 -1.223181e+00 
-1.867641e+01 -2.305399e-01 -1.893455e+00 3.317526e+00 -1.368065e+00 1.367530e+00 -1.869110e+00 1.451467e+00 4.093540e+00 1.384283e+00 -3.785867e+00 7.522245e-01 
-1.844954e+01 -8.594236e-01 -2.260616e+00 6.020402e+00 -4.413401e-01 1.612448e+00 1.327892e+00 -2.753327e+00 -1.898389e+00 2.274386e+00 5.114260e+00 -6.044022e+00 
-1.831333e+01 -2.461886e-01 -5.903365e+00 -2.495950e+00 -5.011600e+00 1.879299e+00 -3.500846e+00 -1.139506e+00 2.891723e-01 3.017035e+00 8.410739e-01 -8.965740e-01 
-2.068785e+01 -7.317886e-01 -5.162458e+00 -7.043943e-01 -5.749253e+00 -4.836468e-02 2.690753e+00 8.124115e-02 -6.127870e+00 -2.908793e+00 -4.710860e-01 -2.449962e+00 
-2.010592e+01 7.206101e-01 -5.556460e+00 -2.177233e+00 -7.591711e-01 -1.370028e+00 -2.298409e+00 -4.287335e+00 -2.169333e+00 -8.375179e-01 -1.337430e+00 -6.844591e-01 
-1.891972e+01 -1.161640e+00 -6.735429e+00 -2.973267e-01 -9.911273e-02 -2.919957e+00 -1.742669e+00 1.365194e+00 1.346051e+00 3.928055e-01 -2.464899e+00 2.979568e+00 
-1.878858e+01 6.110689e-01 -4.569429e+00 -1.589210e+00 -4.460310e+00 3.460096e+00 -2.678231e+00 1.898982e+00 -5.610538e-01 -4.811696e-01 -3.226110e+00 -1.029042e+00 
-2.004056e+01 -9.875477e-01 -7.421641e+00 -5.429847e+00 -4.480978e+00 -7.859619e-01 -2.246433e+00 8.000331e-01 1.308000e+00 4.822200e+00 -3.782173e+00 9.300469e-01 
-2.085821e+01 -1.027159e+00 -6.023895e+00 -2.033909e+00 4.809797e-01 6.591763e-01 -3.808202e+00 -1.247463e+00 2.981555e+00 -4.857775e-01 -2.883721e+00 1.897193e-01 
