-3.604125e+00 -6.214356e+00 9.061723e+00 -1.361025e+00 -6.296944e+00 -1.401820e+01 -1.009418e+01 -4.221556e+00 7.628983e-01 -1.563948e+00 -6.288787e+00 4.882473e+00 
-2.372312e-01 -1.157865e+01 8.317767e+00 -1.506946e+00 -8.872575e+00 -1.299572e+01 -1.217108e+01 2.040725e+00 1.453567e+00 2.437073e-01 -6.396791e+00 5.808072e+00 
9.988180e-01 -1.320843e+01 4.331413e+00 -1.437897e+00 -9.048011e+00 -1.054141e+01 -9.799310e+00 2.396116e+00 3.331926e+00 2.460977e+00 -5.947578e+00 2.856382e+00 
-3.234866e-01 -1.350105e+01 2.860728e+00 -7.028817e+00 -2.978723e+00 -1.239100e+01 -7.825722e+00 8.383141e+00 4.932022e+00 2.552697e+00 -6.152726e+00 -2.430290e+00 
-1.957783e-01 -1.464397e+01 1.297486e+00 -9.529203e+00 3.900540e-01 -1.072526e+01 -9.957680e+00 1.515785e+01 1.926511e+00 2.127449e+00 -6.949482e+00 7.530681e-01 
2.572240e-02 -1.442132e+01 8.656529e-01 -1.039487e+01 -1.775779e+00 -9.616393e+00 -5.189998e+00 9.365227e+00 3.098034e+00 3.363241e+00 -8.550838e+00 3.328599e+00 
-3.448411e-01 -1.350826e+01 6.504663e-01 -7.814886e+00 -9.360963e-01 -7.754399e+00 -4.624769e+00 9.465484e+00 2.345452e+00 -1.360704e+00 -9.404311e+00 4.365860e+00 
1.010123e+00 -1.332463e+01 2.077063e+00 -6.279484e+00 -7.542988e-01 -1.069248e+01 -4.572733e+00 9.199210e+00 5.565249e+00 -2.271306e+00 -8.956909e+00 5.261323e+00 
6.500278e-01 -9.029881e+00 3.757095e+00 -5.349874e+00 1.828363e+00 -1.360442e+01 -1.266769e+01 1.139911e+01 4.089323e+00 2.860932e-01 -4.001394e+00 5.794349e+00 
-1.330080e+00 -5.124024e+00 4.440612e+00 -2.563428e+00 2.365720e+00 -1.506770e+01 -1.104515e+01 1.027005e+01 -1.142977e+00 3.971236e+00 -7.926485e-01 7.125973e+00 
-5.735389e+00 -3.937387e-01 4.746965e-01 5.266989e+00 6.755307e+00 -1.632188e+01 -1.405040e+01 6.879647e+00 -8.227512e-01 4.379461e+00 -5.112206e+00 4.245856e+00 
-9.496295e+00 -3.216049e+00 -8.810738e+00 2.315234e+00 4.525192e+00 -9.638101e+00 -7.432437e+00 6.904441e+00 8.668789e+00 4.493764e+00 -1.073354e+01 -3.616857e-01 
-1.179170e+01 -2.686786e+00 -8.095980e+00 1.645834e+00 -1.373013e+00 -9.698794e+00 -5.347237e+00 8.776622e+00 5.708336e+00 -3.567898e+00 -1.196926e+01 -4.698544e+00 
-1.339035e+01 -2.872537e+00 -8.227368e+00 -2.674654e+00 -4.766899e+00 -9.239830e+00 -3.491295e+00 3.591653e+00 5.189991e+00 2.888311e+00 -1.777657e+00 -3.079554e+00 
-1.424998e+01 -1.252094e+00 -4.241891e+00 -2.993028e+00 -5.218212e+00 -9.374507e+00 -5.663222e+00 2.515419e+00 4.430186e+00 1.323853e+00 -4.207145e+00 -4.038248e+00 
-1.661656e+01 -1.553621e+00 -6.435217e+00 -2.283831e+00 -7.683359e+00 -6.091762e+00 -6.971280e+00 1.382408e+00 1.172553e+00 -4.465993e+00 -4.697990e+00 1.882918e-01 
-1.575359e+01 -1.805746e+01 -7.484873e+00 -2.765813e+00 8.935872e+00 -6.963173e+00 1.595389e+00 -1.915172e-01 -2.334794e+00 3.392425e+00 -1.149319e+01 -5.938953e+00 
-1.413818e+01 -2.002735e+01 -1.007266e+01 -5.168238e+00 6.824276e+00 -1.156655e+01 -3.418520e+00 -4.977256e+00 -4.039797e+00 7.098761e+00 -9.963337e+00 -5.385746e+00 
-7.439563e+00 -1.323387e+01 -8.405475e+00 -5.631853e+00 1.756046e+00 -1.280256e+01 -6.649639e+00 -5.362472e+00 -4.601825e+00 1.031418e+01 -5.451906e+00 -1.565232e+00 
-1.398158e+01 -7.678310e+00 -7.129245e+00 -7.259094e+00 1.536750e+00 -1.236132e+01 -7.676402e+00 -4.803333e+00 -2.408057e+00 1.381832e+01 -1.124203e+00 1.645840e+00 
-1.551827e+01 -7.131660e+00 -4.650658e+00 -3.362762e+00 6.127554e+00 -7.348597e+00 -6.641720e+00 1.082356e+00 7.350377e-01 1.420222e+01 -2.924510e-01 -3.737938e-01 
-6.189277e+00 -1.966684e+00 -2.540252e+00 -5.120958e+00 -3.690176e+00 -1.158205e+01 -5.500328e+00 -1.858153e+00 -8.947743e+00 5.617685e+00 -9.078187e+00 -4.184083e+00 
-1.372370e+00 -9.823738e-01 -5.002197e+00 -2.131107e+00 -2.840449e+00 -1.252966e+01 -9.566258e-01 -3.668769e-01 -9.623984e-01 5.752487e+00 -1.176260e+01 -6.932625e+00 
-1.053357e-01 -2.362783e+00 -4.803584e-01 5.483660e+00 4.424751e+00 -1.286370e+01 -1.229212e+01 -3.293012e+00 -2.647108e+00 3.122128e+00 -3.022419e+00 2.185324e+00 
2.365088e+00 -6.709268e+00 1.569608e+00 2.011827e+00 3.807377e+00 -1.511244e+01 -1.683469e+01 -3.667448e+00 -7.864617e+00 -1.667828e+00 -9.923655e-01 4.520306e+00 
2.248266e+00 -6.244043e+00 1.653697e+00 5.515956e-01 3.013227e+00 -1.574551e+01 -1.612316e+01 -3.114778e+00 -7.929969e+00 -9.698501e-01 -2.013415e-01 4.271417e+00 
2.441713e+00 -4.682548e+00 8.612733e-01 1.696855e+00 3.857597e+00 -1.425565e+01 -1.568161e+01 -3.191318e+00 -1.045050e+01 9.507182e-01 4.315984e-01 3.711753e+00 
3.884189e+00 -4.797900e+00 5.059379e-01 1.602636e+00 2.646619e+00 -1.287920e+01 -1.625401e+01 -3.925097e+00 -1.000060e+01 -5.446012e-01 8.750786e-01 4.316352e+00 
3.322691e+00 -3.945906e+00 8.633171e-01 2.096522e+00 1.374037e+00 -1.343962e+01 -1.666350e+01 -2.686440e+00 -1.228552e+01 -2.340028e-01 2.375671e+00 2.583008e+00 
3.422764e+00 -3.742343e+00 3.123576e-01 2.084617e+00 2.079129e+00 -1.266656e+01 -1.611977e+01 -5.479618e+00 -1.128907e+01 -6.167974e-02 2.180178e+00 2.223531e+00 
3.609511e+00 -3.999765e+00 -1.199204e+00 2.344826e+00 2.335922e+00 -1.500346e+01 -1.237546e+01 -5.318632e+00 -1.387220e+01 3.693643e+00 -4.499318e-01 2.534306e+00 
3.310130e+00 -8.538749e-01 -2.902011e+00 -3.814148e-01 3.576364e+00 -1.420958e+01 -1.370275e+01 -6.016478e+00 -1.248845e+01 3.792659e+00 7.715999e-01 -4.106563e-01 
2.557278e+00 7.733536e-01 -2.799235e+00 -2.102195e+00 3.867641e+00 -1.467652e+01 -1.562882e+01 -7.449181e+00 -1.113257e+01 1.430860e+00 1.001787e+00 1.299010e+00 
8.794841e-01 -1.674062e+00 -2.985224e+00 1.081537e+00 -1.713506e+00 -1.515010e+01 -1.350818e+01 -5.915143e+00 -1.018565e+01 1.644180e+00 4.270569e+00 2.426679e+00 
-2.089630e+00 -3.381868e+00 -1.022851e+00 4.902016e+00 -1.612731e+00 -1.065748e+01 -1.404513e+01 -4.638035e+00 -9.728529e+00 -6.098488e-02 5.624541e+00 -1.609600e-01 
-6.559470e-01 1.161819e+00 4.891132e+00 1.442428e+00 -8.496927e+00 -1.419806e+01 -1.543161e+01 -3.377099e+00 -1.233092e+01 5.063610e-01 1.208141e+00 -3.171307e+00 
-5.869797e+00 -4.930216e+00 4.320318e+00 -3.676714e+00 -5.297225e+00 -1.962057e+01 -1.326610e+01 -4.628333e+00 -8.101949e+00 1.959642e+00 7.061338e-01 3.014595e+00 
-9.070880e+00 -1.568889e+00 3.310955e+00 7.165647e-01 -4.804397e+00 -1.671572e+01 -1.113075e+01 -1.378789e+00 -1.387187e+00 6.350059e+00 5.345480e+00 4.265498e+00 
-1.173601e+01 -7.948889e-02 3.544828e+00 9.316724e+00 -2.316149e+00 -1.213937e+01 -2.759401e+00 -4.220478e+00 -1.286199e+01 2.780956e+00 3.573833e-01 3.919773e-01 
-1.290967e+01 5.161824e+00 1.477051e+00 4.432960e+00 -4.263692e+00 -2.931732e+00 -3.390617e+00 -6.061755e+00 -3.355319e+00 -2.477329e+00 1.899469e-01 -3.542622e+00 
-1.423407e+01 3.853086e+00 1.121716e+00 5.063584e+00 -3.388855e+00 -5.320471e+00 -1.235321e+01 -2.718062e+00 5.197195e-01 4.404823e+00 -1.941474e+00 -6.432426e+00 
-1.656590e+01 3.457411e+00 -2.261122e+00 1.767945e+00 -1.020131e+00 -2.410302e+00 -5.169260e+00 -2.453226e+00 1.067990e+00 3.963940e+00 -4.276533e+00 -3.388984e+00 
-1.621082e+01 1.976493e+00 -1.454392e+00 1.601955e+00 -5.771975e+00 -5.908374e-01 -7.470521e+00 1.463620e+00 -2.167141e-02 -3.268764e+00 1.340280e+00 2.886518e+00 
-1.605925e+01 3.092271e+00 9.844874e-01 1.379162e+00 -9.444663e-01 1.669871e+00 -2.910229e+00 3.573326e+00 -2.002186e+00 -5.239362e+00 -2.995871e+00 -2.357910e+00 
-1.602408e+01 3.295833e+00 -2.114842e+00 1.870328e+00 2.093526e+00 -1.755968e+00 -4.728464e+00 2.045038e+00 -7.162254e+00 -4.545206e+00 -1.001718e+00 8.130706e-01 
-1.976153e+01 -8.818648e-01 -3.756334e+00 3.189740e+00 -1.646211e+00 -6.838707e-01 2.237917e+00 1.328866e+00 3.449903e+00 6.553998e+00 3.893622e-01 -6.006191e-01 
-7.831900e+00 -2.817792e-01 -2.032505e+00 -4.331334e-02 -6.772944e-01 -6.435562e-01 -4.355141e-01 -2.080470e-01 3.886532e-02 -3.903443e-01 2.406303e-01 -1.250960e+00 
-1.392505e+01 -9.457363e+00 -4.569780e+00 -1.093841e+01 -2.269947e+00 -1.162901e+01 -2.552012e+00 -4.668220e+00 4.051487e+00 1.228659e+00 3.106218e-01 -2.658999e+00 
-1.358338e+01 -7.456512e+00 -1.600672e+00 -7.133241e+00 2.553209e+00 -1.107037e+01 -3.133455e+00 -7.047435e+00 6.984767e+00 5.634709e+00 5.809336e-01 -3.141171e+00 
2.094179e+00 -5.999768e+00 -4.379412e+00 -1.091188e+01 3.246249e+00 -1.683757e+00 -1.089055e+01 2.672811e+00 1.468014e+00 1.367587e+01 -4.774317e+00 -9.821622e+00 
2.328660e+00 -1.239163e+01 -1.399208e+00 -1.245851e+01 5.166091e-01 -2.730160e+00 -1.290336e+01 6.494790e+00 1.920319e+00 1.107227e+01 -4.595115e+00 -8.632605e+00 
2.074918e+00 -1.536704e+01 -1.625490e+00 -1.063467e+01 3.287852e-01 -2.700921e+00 -9.687696e+00 3.208233e+00 3.683108e+00 9.170112e+00 -6.906039e+00 -8.390981e+00 
1.694305e+00 -1.477586e+01 -1.416727e+00 -9.598593e+00 -8.828627e-01 -2.312839e+00 -8.208448e+00 3.064855e+00 2.064438e+00 9.450831e+00 -6.282753e+00 -8.946071e+00 
2.002061e+00 -1.622752e+01 5.771802e-01 -1.102345e+01 7.338955e-01 -2.001399e+00 -1.086717e+01 7.312296e+00 8.598766e-02 8.228588e+00 -7.515447e+00 -8.499146e+00 
1.841274e+00 -1.649215e+01 4.387833e-01 -9.046882e+00 -1.324801e+00 -2.480742e+00 -1.019184e+01 8.369844e+00 -5.978022e-01 7.664717e+00 -5.329120e+00 -8.841403e+00 
1.240417e+00 -1.647391e+01 1.733991e+00 -1.062480e+01 7.114638e-01 -3.511196e+00 -1.200103e+01 8.459681e+00 1.492779e+00 7.060544e+00 -8.444644e+00 -6.135643e+00 
1.959352e+00 -1.523218e+01 1.281719e+00 -9.192802e+00 -1.619092e+00 -5.558371e+00 -9.731437e+00 8.317021e+00 2.480628e+00 6.786772e+00 -9.602218e+00 -4.780072e+00 
6.592395e-01 -1.418765e+01 2.260132e+00 -7.194126e+00 -2.931515e+00 -6.867039e+00 -9.383778e+00 9.070564e+00 4.880753e-01 6.802059e+00 -6.112903e+00 -5.441175e+00 
5.817771e-01 -1.272412e+01 1.998813e+00 -4.963472e+00 -4.945349e+00 -9.250905e+00 -9.553460e+00 1.049428e+01 -1.991867e+00 8.952275e+00 -5.955724e+00 -4.295747e+00 
8.732033e-01 -1.201419e+01 2.368456e+00 -4.886260e+00 -6.000979e+00 -1.089538e+01 -6.722413e+00 8.633963e+00 -1.369989e+00 9.439713e+00 -6.150614e+00 -4.854335e+00 
7.597313e-01 -1.335983e+01 4.239440e+00 -2.902210e+00 -1.034503e+01 -8.206717e+00 -8.014634e+00 1.000989e+01 -2.685632e+00 9.277466e+00 -5.923745e+00 -4.118968e+00 
2.057702e-01 -1.294252e+01 4.726749e+00 -2.387915e+00 -9.683800e+00 -9.790499e+00 -7.263510e+00 8.949106e+00 -6.122485e-01 6.515433e+00 -5.130006e+00 -4.823123e+00 
3.720004e-01 -1.267026e+01 4.986609e+00 -1.989948e+00 -8.701826e+00 -1.219784e+01 -6.134560e+00 7.971333e+00 -1.324243e+00 6.844792e+00 -4.797245e+00 -4.133767e+00 
9.393604e-01 -1.188400e+01 4.248492e+00 -3.693041e+00 -2.458440e+00 -1.670819e+01 -5.210360e+00 8.305162e+00 -3.520075e+00 7.610171e+00 -5.918918e+00 -3.718818e-02 
1.969401e+00 -1.251080e+01 3.592713e+00 8.662104e-02 -8.823359e+00 -1.269845e+01 -5.628154e+00 7.072973e+00 -8.478602e-01 5.933843e+00 -5.438632e+00 -3.025740e+00 
1.905338e+00 -1.136364e+01 9.824435e-01 8.281314e-01 -7.796856e+00 -1.351404e+01 -6.733725e+00 8.206702e+00 -2.302805e+00 6.062043e+00 -4.728762e+00 -2.699090e+00 
2.135213e+00 -1.153625e+01 9.783558e-01 -2.667869e-01 -5.064203e+00 -1.321146e+01 -7.550838e+00 7.389196e+00 -3.227022e+00 7.128639e+00 -4.338077e+00 -2.782502e+00 
4.047070e+00 -1.060834e+01 -3.125081e+00 2.920670e-01 -4.783639e+00 -9.478616e+00 -9.620201e+00 4.135699e+00 -1.251324e+00 7.025454e+00 -2.277553e+00 -4.134574e+00 
4.011898e+00 -9.924284e+00 -3.363626e+00 -2.343696e+00 -2.473506e+00 -8.451262e+00 -9.466356e+00 1.936516e+00 -3.383868e+00 1.033642e+01 1.227449e+00 -9.804939e+00 
4.150074e+00 -8.565928e+00 -3.638668e+00 -6.128800e+00 -1.248466e+00 -3.881114e+00 -9.593806e+00 3.765216e+00 -6.410360e+00 6.608543e+00 4.777102e+00 -6.692616e+00 
4.186502e+00 -7.523518e+00 -4.831099e+00 -9.992137e+00 -2.095515e+00 3.931002e-01 -7.884168e+00 -2.663083e+00 -5.843860e+00 4.018833e+00 7.801517e+00 -7.362300e-01 
4.575489e+00 -4.424702e+00 -5.812724e+00 -1.136121e+01 -5.791058e+00 2.884177e+00 -2.396659e+00 -3.228330e+00 -6.731617e+00 1.824493e+00 6.806552e+00 7.089408e-01 
4.793640e+00 -3.940393e+00 -7.351439e+00 -1.089488e+01 -6.379640e+00 3.864127e+00 -2.570865e+00 1.905820e-02 -8.089911e+00 -1.522257e+00 5.210928e+00 4.030062e+00 
5.450605e+00 -3.621054e+00 -5.646005e+00 -1.297416e+01 -8.569579e+00 6.727336e+00 5.475092e-01 -2.619243e+00 -7.282295e+00 -4.511506e+00 7.517629e+00 4.146300e+00 
6.207644e+00 -4.331789e-01 -6.203972e+00 -1.254627e+01 -1.246500e+01 7.879177e+00 3.860075e+00 -3.541319e+00 -8.770604e+00 -5.454071e+00 6.560677e+00 6.250959e+00 
4.928466e+00 1.606264e+00 -5.469944e+00 -1.266498e+01 -1.300503e+01 7.649252e+00 4.230736e+00 -6.073973e+00 -5.081304e+00 -3.653365e+00 4.187303e+00 4.536450e+00 
3.619979e+00 -6.464578e-02 -4.772996e+00 -8.462517e+00 -1.156639e+01 7.319648e+00 5.664358e+00 -5.974794e+00 -5.679448e+00 -4.607395e+00 5.942821e+00 4.589457e+00 
2.222306e+00 2.341634e+00 -6.715223e+00 -6.476086e+00 -8.065368e+00 7.108330e+00 6.706205e+00 -1.545048e-01 -3.348096e+00 -1.130987e-01 3.941126e+00 1.190575e+00 
-9.779395e-01 1.574881e+00 -8.049263e+00 -5.350554e+00 -5.289525e+00 9.412011e+00 7.717132e+00 6.690991e+00 -2.806705e+00 -1.333952e+00 -1.015897e+00 -4.776305e+00 
9.724390e-01 4.104995e+00 -6.911139e+00 -2.639280e+00 -5.599886e+00 4.732438e+00 3.213776e+00 2.517215e+00 3.328142e+00 8.854023e-01 -3.865635e+00 1.907644e+00 
1.726917e-01 6.511698e+00 -4.495034e+00 -4.317542e+00 -1.104812e+01 3.448115e-01 3.428706e+00 -6.952928e+00 -7.272665e+00 3.363936e+00 1.210857e+00 -1.328990e+00 
-1.776012e+00 6.529510e+00 -1.540817e+00 1.579846e+00 -1.187532e+00 4.040004e+00 2.506014e+00 8.236286e-01 -3.045756e+00 -7.579205e-01 1.096981e-01 -2.473312e-01 
-6.349226e+00 5.336548e+00 -2.304627e+00 9.019423e-01 -1.886264e+00 5.609608e+00 4.151174e+00 -9.637467e-01 -1.222431e+00 -1.202278e+00 -7.624798e-01 -5.330049e+00 
-1.025836e+01 2.997275e+00 -4.630219e+00 -1.804570e+00 -7.584257e+00 3.241247e+00 7.876255e+00 -4.070632e+00 -3.128306e+00 8.079264e-01 -4.171546e+00 1.578842e+00 
-1.224810e+01 2.778869e+00 -4.078092e+00 1.786993e+00 -2.128995e+00 5.339812e+00 6.775586e+00 3.251354e+00 1.443593e+00 -3.164884e+00 -7.502173e+00 -1.970720e+00 
-1.403434e+01 1.129164e+00 -6.102656e+00 -2.208660e+00 -8.329773e-01 -1.554839e+00 6.749568e+00 8.448181e+00 -2.817024e+00 -2.928288e+00 -4.626188e+00 -2.279342e+00 
-1.649555e+01 1.976069e+00 -1.432493e+00 -1.422948e-01 -1.157066e+00 9.211747e-01 4.354038e+00 2.422106e-01 -2.174165e+00 -3.905596e+00 -2.181617e+00 -3.207362e+00 
-1.622213e+01 3.495155e+00 -1.691477e+00 1.950941e+00 2.278672e+00 4.226071e+00 5.478839e+00 5.464192e+00 -1.348338e-01 1.733815e+00 -1.707063e+00 3.172205e-03 
-1.868376e+01 -2.211345e-01 -4.457369e+00 3.126473e+00 4.285562e-01 -1.221269e-01 5.215644e+00 4.903616e+00 9.630641e-02 -5.127839e+00 -4.805994e+00 -5.831325e+00 
-1.978791e+01 4.408680e-01 -2.136741e+00 -1.757631e+00 -1.891956e+00 -1.713224e-02 2.147420e+00 2.874403e+00 3.917343e+00 6.849377e-01 -1.826832e+00 -2.881788e+00 
-1.828305e+01 -3.687174e-01 -7.148224e+00 -1.965118e+00 -3.969066e+00 -2.085572e+00 -1.713407e+00 2.616753e+00 2.262214e+00 1.517717e+00 2.067950e+00 -2.710660e+00 
-1.803977e+01 -1.239796e+00 -6.568943e+00 -1.938246e+00 -4.932626e+00 3.756474e+00 -3.815930e-01 2.317896e-01 -3.102509e+00 3.896260e-01 -4.182546e-01 2.929598e-01 
-1.931853e+01 -1.213926e+00 -4.231964e+00 6.859349e-02 -7.419112e-01 -1.394025e+00 2.153099e-01 3.441447e+00 -1.479024e+00 -1.509402e+00 3.117218e+00 -1.778604e+00 
-1.962294e+01 6.957453e-01 -5.150813e+00 -9.463913e-01 -5.276468e+00 -3.029195e+00 4.051627e+00 3.239496e+00 1.656159e+00 7.527483e+00 6.469265e+00 5.583937e+00 
-1.983983e+01 -1.548108e+00 -5.654181e+00 -3.952909e+00 -4.192714e+00 4.311787e-02 5.127033e+00 6.008957e+00 -1.063178e+00 -2.196957e+00 -3.153793e-01 2.932529e+00 
-1.879305e+01 2.566401e+00 6.388563e-02 -1.036869e+00 -5.336732e+00 2.550143e+00 3.973950e+00 2.282204e+00 -3.049196e+00 -3.753076e+00 1.456732e+00 3.011904e+00 
-1.769810e+01 1.999856e-01 1.484351e+00 1.844137e+00 -1.000378e+00 -5.660285e-01 -1.654961e+00 -5.278628e-01 -2.646076e+00 -5.004850e+00 4.077651e-01 2.914770e+00 
-1.896095e+01 -1.246157e+00 -4.022033e+00 -8.072731e-01 5.932788e-01 6.868195e-01 -1.889098e-01 4.810187e+00 1.680236e+00 -2.678489e+00 -1.114387e-01 2.094378e+00 
-2.038458e+01 -1.572281e+00 -4.103494e+00 -1.606625e-01 -3.872643e+00 2.986513e+00 5.321978e+00 7.071536e+00 3.684483e+00 -8.146272e+00 -1.671463e+00 2.889237e-01 
-2.105495e+01 -1.203748e+00 -5.739438e+00 -1.783499e-01 -2.875938e+00 1.584369e+00 4.705468e+00 7.909166e+00 2.060654e+00 -3.927483e+00 -7.872042e+00 -4.379427e+00 
-1.936333e+01 -1.190601e+00 -6.094481e+00 5.036356e-01 1.913737e+00 -2.750538e+00 -1.416275e+00 7.589467e-01 6.208434e-01 8.325936e-01 -2.149940e+00 -3.779941e+00 
-2.078529e+01 -9.679548e-01 -1.506655e+00 1.612159e+00 -1.586951e+00 -2.859077e+00 -2.734891e+00 1.191597e+00 1.969505e+00 -1.180390e+00 -3.616139e+00 -8.497773e-01 
-1.923814e+01 4.158468e-01 -4.384667e+00 -7.504693e-01 -3.579022e+00 -3.153239e+00 -1.736785e+00 4.360648e+00 8.220411e-02 2.299772e+00 1.613307e+00 1.622162e+00 
-2.005087e+01 -1.906039e+00 -3.640419e+00 -9.528540e-01 -2.480872e+00 -2.331445e+00 -2.687757e+00 -3.765791e-01 -1.688839e+00 -1.144258e+00 -1.091319e+00 -2.031260e+00 
-2.057133e+01 -2.412825e+00 -3.491219e+00 -2.044031e+00 -7.512856e-01 3.840204e+00 4.132320e+00 7.514966e+00 -4.139545e+00 -4.125864e+00 2.608434e-01 3.115496e+00 
-1.729237e+01 2.874289e+00 -1.662279e+00 -4.549860e+00 -3.956679e+00 -1.042270e+00 -3.292956e+00 5.168453e+00 -3.732298e+00 -2.745889e+00 -3.765475e+00 5.916776e+00 
-1.958191e+01 7.322170e-01 -4.454450e+00 -1.749127e+00 -1.243444e+00 -1.140177e+00 -3.923418e+00 -2.508565e+00 -6.253515e+00 -3.920535e+00 -1.950524e+00 4.296172e+00 
-1.933863e+01 6.007494e-01 -7.588816e+00 -5.217399e-03 -2.989683e-01 -9.000623e-01 -2.899648e-01 1.189440e+00 1.835018e+00 1.825883e+00 -1.223156e+00 -1.432850e+00 
-1.836386e+01 6.647868e-01 -5.855936e+00 1.026094e+00 -2.010810e+00 -2.843571e+00 -1.790706e+00 2.231654e-01 -1.606307e-01 7.318402e-01 -1.018311e+00 1.809165e+00 
-1.518623e+01 4.881501e+00 7.071097e-01 1.041401e+00 5.384963e+00 8.307995e-01 -1.591613e+00 -8.483973e-01 2.641257e+00 2.033644e+00 2.102644e+00 -3.899946e+00 
-1.657762e+01 4.905674e+00 2.767587e+00 5.372773e+00 3.151835e+00 1.290650e+00 4.965269e+00 1.741033e+00 4.221059e+00 3.079742e+00 2.952497e+00 1.578842e+00 
-1.541066e+01 4.942570e+00 -2.619601e-01 4.892492e+00 4.921597e+00 1.919503e-02 -1.999980e+00 3.400841e+00 2.812892e+00 -2.333148e+00 2.192106e-01 1.971145e+00 
-1.596462e+01 4.686844e+00 -4.406496e-01 1.134600e+00 2.288046e+00 3.445034e+00 2.834443e+00 4.121801e-01 -6.631544e-01 2.327218e+00 -2.111022e+00 -7.308487e-01 
-1.769015e+01 4.362417e+00 1.455445e+00 7.747307e+00 3.106971e+00 -7.414626e-01 3.303165e-01 -5.591257e-01 -7.085750e-02 -5.126796e+00 -2.578637e+00 1.338832e+00 
-1.639966e+01 3.854782e+00 -1.470742e+00 5.062563e+00 -5.169243e-01 7.720134e+00 4.716403e+00 4.831388e+00 -3.360822e+00 -4.143167e-01 -3.366343e+00 -4.523620e-01 
-1.796943e+01 3.727980e+00 1.674428e+00 4.753374e+00 1.632839e+00 3.634181e-01 1.484530e+00 4.660341e+00 5.826640e-01 1.014297e+00 -4.415309e+00 -2.772546e+00 
-1.916905e+01 1.387010e+00 9.976262e-01 6.511910e+00 5.186760e+00 2.484133e+00 1.757175e-01 -2.765496e+00 4.415396e+00 -5.086147e+00 -4.348938e+00 -4.836576e+00 
-1.827007e+01 -2.584543e-01 -1.427530e+00 1.971690e+00 -1.404819e+00 1.198502e+00 -1.672683e+00 -2.068010e+00 -2.734130e+00 -2.018380e+00 -2.137269e+00 -1.828920e+00 
-1.546342e+01 3.926453e+00 -3.498811e+00 -8.518317e-01 3.541209e+00 -3.477970e+00 -2.428710e+00 2.468821e-01 -1.387187e+00 -4.280120e+00 -4.463115e-01 2.239676e+00 
-1.747702e+01 9.693202e-02 -4.576496e+00 1.882233e+00 8.556876e+00 4.500298e+00 -3.786541e+00 -1.164144e-01 -1.298446e+00 -2.771599e+00 -1.479428e-01 1.449688e+00 
-1.770983e+01 2.116867e+00 -4.770952e+00 1.699576e+00 2.062389e+00 -4.898721e+00 -4.297472e+00 -1.412091e-01 -2.181732e+00 -9.378869e-01 -8.198004e-01 -1.553096e-01 
-1.669151e+01 4.593969e+00 -4.575843e-01 3.601652e+00 1.045931e+00 2.780068e+00 3.571616e+00 6.314040e+00 1.544372e+00 2.730232e+00 4.079601e+00 2.021999e+00 
-1.941609e+01 2.480735e+00 -4.136487e+00 2.270998e-01 4.409439e-01 1.630886e+00 6.550852e+00 5.987396e+00 -5.297165e-02 1.343309e+00 4.355203e-01 -6.431321e-01 
-1.730325e+01 4.348845e+00 -1.752792e+00 4.210847e+00 1.470460e+00 4.576939e+00 5.331805e-01 6.752197e-01 -1.252030e-01 -4.456613e+00 -3.331788e-01 2.601574e+00 
-1.461761e+01 5.278872e+00 2.850217e+00 7.861595e+00 5.662514e+00 2.221425e+00 -1.142522e+00 -2.986016e-01 -4.454955e+00 -4.463561e+00 -2.093826e+00 -1.784255e+00 
-1.438522e+01 5.851392e+00 4.036808e+00 4.944874e+00 4.379307e-01 3.196503e+00 -4.596866e+00 -8.391380e+00 -5.894766e+00 -6.074573e+00 -1.803301e+00 -3.143593e+00 
-1.351932e+01 7.764881e+00 2.510356e+00 3.630904e+00 5.557386e+00 4.487450e+00 8.435097e-01 8.929819e-01 -5.069971e-01 -8.565962e+00 -1.240352e+00 -2.943136e+00 
-1.396986e+01 5.317040e+00 1.314129e+00 3.413213e+00 -1.078722e+00 2.426099e+00 -2.926443e+00 3.852293e-01 1.472141e+00 -3.422327e+00 6.307120e-01 -3.860124e+00 
-1.467414e+01 4.555377e+00 -2.147544e+00 2.588028e+00 -1.573894e+00 -3.786329e-01 2.545253e-01 -1.776582e+00 1.148132e+00 -3.309761e+00 -1.984917e+00 -5.159997e+00 
-1.423616e+01 7.375144e+00 1.753261e+00 2.012490e-01 -6.269825e+00 -4.725059e+00 2.062602e-01 -3.450045e+00 -3.083592e+00 6.112072e+00 2.036876e+00 -2.473610e+00 
-1.932607e+01 1.220343e+00 -2.576165e+00 2.225096e+00 -1.578581e+00 -1.313839e+00 6.368750e-01 1.307665e+00 2.608237e+00 1.125675e+01 5.652297e+00 2.692519e+00 
-1.791458e+01 2.671999e+00 4.368786e+00 6.706471e+00 1.205631e+00 6.473932e+00 1.233778e+00 -3.479152e+00 -3.947272e+00 5.473572e-01 -1.275952e+00 -9.202734e-01 
-1.703946e+01 2.013813e+00 -3.326837e+00 4.678543e+00 2.754090e+00 8.830754e-01 -4.017308e+00 -3.969297e+00 -3.745368e+00 1.751187e+00 3.713956e+00 -3.765142e+00 
-1.909410e+01 -7.626958e-01 -3.855314e+00 3.225795e+00 -1.528026e+00 1.917427e-03 1.728495e+00 3.059105e+00 8.619584e-01 2.483907e+00 1.174654e+00 -5.210044e+00 
-1.873526e+01 -2.299169e+00 -1.905787e+00 -5.217399e-03 -1.371707e-02 1.934351e+00 1.380835e+00 3.504332e+00 2.269094e+00 -1.394057e+00 -4.454830e+00 2.376094e+00 
-2.060818e+01 -4.701208e+00 -5.458556e+00 3.400628e+00 -9.076381e-01 5.757576e+00 8.114587e-01 7.500592e+00 -5.056394e-02 -4.956142e-01 -3.240539e+00 -1.435003e+00 
-2.036239e+01 -1.794928e+00 -6.344413e+00 9.611270e-01 8.403625e-01 -9.324024e-01 3.783907e+00 1.770858e+00 1.722543e+00 -3.145371e-02 2.976934e+00 -4.741566e-01 
-2.123248e+01 -2.748279e+00 -2.802447e+00 2.258090e+00 2.520064e+00 4.958798e-01 -4.973536e-01 1.905612e+00 -1.146760e+00 -2.426884e-01 1.324894e+00 -2.336385e+00 
-2.010195e+01 -3.270757e+00 -4.133860e+00 2.382922e+00 -4.603428e-01 4.611938e+00 5.090712e-02 2.881949e+00 2.338718e-02 -8.530467e-02 -3.665013e+00 -1.652680e+00 
-1.925405e+01 -1.538354e+00 -3.210046e+00 -1.664449e-01 -3.074476e+00 3.337361e-01 4.558810e-01 1.058999e+00 -7.505199e-01 -2.140674e+00 -6.206868e-01 -1.450849e-01 
-1.878174e+01 1.181751e+00 -1.544320e+00 3.500290e+00 -4.054441e+00 -3.475755e+00 -4.946033e+00 2.789957e+00 -1.301886e+00 -5.454766e+00 1.510292e-01 -2.362216e+00 
-2.033727e+01 -1.766090e+00 -5.264100e+00 2.033256e+00 4.047853e-01 9.464266e-01 -4.742415e+00 1.804277e+00 5.568671e-01 3.427236e-01 -3.049873e+00 -2.608145e+00 
-2.040761e+01 -2.162613e+00 -4.952853e+00 4.825467e-01 -1.613066e+00 -9.200187e-02 1.541845e+00 4.405683e-01 3.299250e+00 1.790446e+00 -2.212389e+00 -1.104586e+00 
-1.977703e+01 -1.146883e-01 -1.400084e+00 5.478541e-01 -2.074088e+00 1.790371e+00 3.174561e+00 -1.353994e+00 -4.467681e+00 -6.835715e-01 -2.575319e+00 1.345559e+00 
-1.968826e+01 -1.254215e+00 -3.179097e+00 1.579166e+00 1.097156e+00 3.842399e-01 -2.499599e+00 -2.730882e-01 -6.524210e+00 -7.787660e-01 -4.341094e+00 -2.170638e+00 
-1.902878e+01 -1.521815e+00 -5.258553e+00 -3.892364e+00 -5.148573e+00 -1.889759e+00 -2.096487e-01 2.174401e+00 -2.140113e+00 6.001591e+00 1.137245e+00 7.032903e-01 
-1.880854e+01 3.119827e-02 -7.297716e+00 -2.061718e+00 -2.098528e+00 4.534410e+00 -1.961519e+00 -5.583109e+00 -1.691247e+00 8.906136e-01 2.581422e+00 2.751445e+00 
-1.964011e+01 -1.476861e+00 -4.837523e+00 2.094821e+00 1.453385e+00 -4.193904e-01 5.248849e-01 4.035801e+00 8.757168e-01 -7.982218e-01 8.590892e-01 -1.312845e+00 
-2.069150e+01 -2.162189e+00 -3.958674e+00 1.353991e+00 -1.748660e+00 -1.794068e+00 -3.233756e+00 2.910813e-01 3.660750e+00 3.437659e-01 4.481912e-01 4.655917e+00 
-2.118433e+01 -6.706686e-01 -5.019716e+00 -2.888944e+00 -2.900714e+00 -3.524930e+00 1.776760e+00 6.716263e-01 9.059852e-01 3.048542e-01 -2.773667e-01 4.971833e-01 
-2.078781e+01 -1.164308e+00 -4.331820e+00 1.487667e+00 -1.182845e+00 9.956013e-01 2.307675e+00 1.915315e+00 4.681258e-01 -6.445914e-02 -5.547541e+00 -8.400908e-01 
-1.952245e+01 -5.989976e-01 -2.087689e+00 2.557075e+00 -1.675339e+00 2.176660e-01 -6.870202e-01 4.601049e+00 1.788384e-02 -3.566440e-01 -4.406560e+00 4.506343e-01 
-2.000439e+01 7.211906e-01 -1.384609e+00 1.109769e+00 2.494953e+00 2.374266e+00 -1.932485e+00 8.380023e-01 -6.746064e+00 -2.604487e+00 3.296281e-01 7.811561e+00 
-1.986244e+01 6.138962e-01 -3.828452e+00 -3.901888e+00 -9.273914e-01 2.344584e+00 2.369138e+00 6.163116e+00 -5.671899e-01 1.922467e+00 -3.339794e+00 2.516817e+00 
-1.964471e+01 -1.245309e+00 -3.410050e+00 8.845950e-01 -1.614405e+00 -3.417720e+00 -7.224294e+00 -3.362365e+00 -2.295926e+00 -3.694988e-01 -9.069880e-01 2.057247e+00 
-2.066261e+01 -2.786871e+00 -3.952834e+00 1.465558e+00 -1.211885e-01 1.560889e+00 1.143658e+00 1.408281e+00 -5.275640e+00 4.295800e-01 1.904436e+00 2.311517e+00 
-2.091426e+01 -1.430636e+00 -3.521585e+00 -4.885597e-01 -3.925207e+00 1.025283e+00 -1.545732e-02 5.179233e+00 8.144922e-01 1.904749e+00 2.781440e+00 1.515341e+00 
-2.012079e+01 -1.766938e+00 -5.109936e+00 -7.457073e-01 -1.446334e+00 7.289060e-01 3.927948e+00 4.193553e+00 -1.734930e+00 -4.545901e+00 -2.651645e+00 1.191920e+00 
-1.985491e+01 -9.013728e-01 -3.098219e+00 -1.093333e+00 8.383537e-01 -2.776461e-02 -1.318991e+00 6.139040e+00 1.809221e+00 8.558711e-01 7.079439e-01 -8.339022e-01 
-2.031633e+01 -1.197387e+00 -5.532135e+00 4.679206e-01 -2.342632e-02 1.954730e+00 -8.510460e-01 -1.436643e+00 -2.027638e+00 3.635275e+00 4.551300e-01 -1.040547e+00 
-1.960703e+01 -2.249513e-01 -4.518393e+00 -1.736542e+00 -5.879023e-01 2.655138e+00 -1.831053e+00 5.068044e-02 5.173119e-01 6.923311e+00 -3.845422e+00 2.184786e+00 
-1.918496e+01 -2.512448e-01 -3.859694e+00 -3.019219e+00 2.885332e+00 4.627443e+00 4.748454e+00 1.578250e+00 -2.375037e+00 -7.272149e+00 -1.751712e+00 5.546805e+00 
-2.013126e+01 -2.380170e+00 -2.840988e+00 2.749936e+00 1.687076e+00 5.803206e+00 -9.581340e-01 -3.496760e+00 1.103073e+00 -2.214328e+00 1.068762e+00 1.689967e+00 
-1.966397e+01 -1.573554e+00 -7.174502e+00 -3.276893e-02 1.857825e+00 1.776638e+00 -4.639852e+00 -6.642455e+00 -1.332498e+00 6.842428e-01 4.584323e+00 -3.283509e+00 
-1.947723e+01 7.996847e-02 -5.419724e+00 -1.581777e+00 -2.260572e+00 4.918504e+00 -8.284217e-01 2.562133e+00 3.118327e+00 -4.458002e+00 -5.861598e+00 -3.427191e+00 
-1.939558e+01 -2.062914e-01 -3.931812e+00 -2.497100e+00 -3.353701e+00 -1.332445e+00 -1.405717e+00 -1.064363e+00 -3.528330e+00 -4.535074e-02 -1.701029e+00 1.780672e-01 
-2.088244e+01 -9.620175e-01 -1.252052e+00 -2.205598e+00 -2.839780e+00 2.243576e+00 6.858164e+00 6.523896e+00 -2.358871e+00 2.494330e+00 -7.155233e+00 -2.423832e+00 
-2.064712e+01 -1.261387e-01 -2.548136e+00 -2.680777e+00 2.684116e+00 -4.948339e+00 -7.523688e+00 2.113070e-01 1.538869e+00 -1.902272e-01 8.948503e-02 -1.629002e+00 
-2.070406e+01 -4.038357e+00 -3.686844e+00 2.995501e-01 -7.512856e-01 3.616481e+00 -7.824191e-01 5.444069e+00 4.137803e-01 -6.992819e+00 -4.172451e+00 -7.434949e-01 
-1.871935e+01 -2.551078e+00 -4.961320e+00 3.308109e+00 1.995517e-01 5.171466e+00 1.794482e+00 -1.497731e+00 2.206149e+00 -5.935882e-01 -4.396605e+00 3.556529e-01 
-1.809253e+01 8.420559e-01 -7.270784e-01 2.943477e+00 1.354953e+00 1.591014e+00 -2.729966e-01 -4.308400e-01 -1.256139e+00 -5.348733e-01 -4.426913e-01 4.710836e-01 
-2.040175e+01 -1.048108e+00 -4.100574e+00 1.294790e-01 2.900064e+00 -2.707123e+00 -5.782753e+00 6.665955e-01 2.935685e+00 6.171482e+00 6.182361e+00 -2.142386e+00 
-2.006552e+01 -2.912402e+00 -5.511988e+00 -4.197472e+00 -4.808080e+00 2.139910e+00 -6.187704e-01 -3.194552e+00 2.720693e-01 6.953189e+00 3.252073e+00 -5.325446e-01 
-2.025018e+01 -2.893318e+00 -3.126833e+00 5.043159e-01 -2.120625e+00 -9.669576e-01 -2.415889e+00 -5.089012e+00 -1.242037e+00 4.171006e+00 2.331021e+00 3.169354e-02 
-2.058096e+01 -2.723682e+00 -6.562811e+00 1.823048e+00 1.132979e+00 3.846406e+00 -3.308038e+00 -6.230889e-01 2.256711e+00 1.205729e+00 2.592584e+00 -3.948648e+00 
-1.865487e+01 -7.491250e-01 -2.591640e+00 3.128174e+00 -6.354442e-01 -6.342529e-01 -6.847578e-01 -1.199117e+00 2.095738e+00 -4.945440e+00 -1.227380e+00 -2.170100e+00 
-1.900324e+01 -1.511212e+00 -3.842175e+00 2.212851e+00 -1.519321e+00 -1.225236e+00 -6.296822e-02 3.856848e+00 -9.562253e-02 -2.726434e+00 -4.538397e+00 -6.224166e+00 
