-6.966323e-02 -1.682145e+01 6.710711e+00 -8.895520e+00 -3.642956e+00 -1.062368e+01 -1.274608e+01 9.822899e+00 2.615070e+00 2.428338e+00 -6.677397e+00 -6.100729e-01 
3.221605e-01 -1.810261e+01 4.521146e+00 -6.936391e+00 -2.603325e+00 -6.541637e+00 -1.443944e+01 1.130378e+01 -1.616297e-02 1.293454e+00 -6.816065e+00 -1.364280e+00 
2.427514e+00 -1.850992e+01 2.071023e-01 -5.709987e+00 -3.166866e-01 -5.448421e+00 -1.337353e+01 1.125810e+01 3.608320e+00 -2.680101e-01 -9.332448e+00 -5.913548e-01 
1.939347e+00 -1.610906e+01 -5.564541e-02 -7.481388e+00 3.136986e+00 -4.941321e+00 -1.434143e+01 8.707447e+00 4.751608e+00 4.878190e-01 -1.053327e+01 1.713867e+00 
1.321720e+00 -1.358081e+01 9.166014e-01 -6.401464e+00 6.552604e+00 -9.676284e+00 -1.410602e+01 1.254485e+01 4.596710e-01 2.972018e+00 -9.439439e+00 6.782440e-01 
6.065794e-02 -9.914196e+00 3.631661e+00 -4.466369e+00 3.537948e+00 -1.195843e+01 -1.071742e+01 1.053755e+01 -2.733705e-01 4.337016e-02 -2.999308e+00 1.739685e+00 
-6.197648e-01 -2.397602e+00 -3.119650e-01 -2.454075e-01 3.894787e+00 -1.664371e+01 -4.071534e+00 4.223906e+00 -8.786657e-01 1.048963e+01 -4.492653e+00 9.425555e-01 
-5.866590e+00 -1.389061e+00 -2.508761e+00 5.909999e+00 7.716330e+00 -4.675756e+00 -1.031835e+01 2.440583e+00 2.882138e+00 4.590891e+00 -8.685655e+00 -4.757730e+00 
-9.742677e+00 -3.665378e+00 -9.512554e+00 -8.134639e-01 1.073717e+00 -6.681344e+00 -4.266615e+00 2.042365e+00 6.189827e+00 -3.346075e+00 -9.616248e+00 -1.130162e+01 
-1.172502e+01 -1.868585e+00 -8.966167e+00 9.956123e-01 -4.027372e+00 -8.126067e+00 -6.216489e+00 3.737277e+00 5.818446e-01 -6.007825e+00 -7.572757e+00 -5.895012e+00 
-1.296931e+01 -1.897794e+00 -4.221442e+00 4.283779e+00 1.532038e+00 -3.805338e+00 -3.318877e+00 -8.092571e-01 2.026922e+00 -6.081583e+00 -8.335268e+00 -1.723150e+00 
-1.513058e+01 -2.047088e+00 -5.755342e+00 4.522824e+00 4.476650e+00 -7.896248e-01 -3.379840e+00 -3.972160e+00 5.945051e+00 -8.397736e+00 -1.045181e+01 -9.989560e-01 
-1.458865e+01 -4.015488e+00 -8.556377e+00 -6.481462e-01 -2.216152e+00 -1.004694e+01 -1.148649e+01 2.361013e+00 -8.186505e-01 -3.346835e+00 -5.009829e+00 -1.079133e-01 
-1.676110e+01 -3.377745e+00 -7.148226e+00 3.219994e-01 1.171890e+00 -6.638577e+00 -1.108976e+01 2.991034e-02 4.253767e-01 -5.300281e+00 -4.308732e+00 1.108759e+00 
-1.824667e+01 -2.410179e+00 -7.747644e+00 -3.241589e+00 3.948285e+00 8.827843e-01 -4.969564e+00 -1.171005e+00 -3.715665e+00 -5.404074e+00 -2.513486e+00 2.592001e+00 
-1.036762e+01 -1.273657e+01 -1.754765e+01 -1.093357e+01 4.652036e+00 -7.175312e-01 -6.998220e+00 -4.663976e+00 -8.897540e+00 7.233252e+00 -3.885618e+00 -7.585261e-01 
-9.578808e+00 -1.551148e+01 -1.961790e+01 -1.456537e+01 5.980669e+00 -2.795212e+00 -8.687829e+00 -9.035529e+00 -1.194073e+01 9.017131e+00 -4.059195e+00 6.087173e-02 
-7.076039e+00 -9.570172e+00 -1.479161e+01 -1.311583e+01 8.652826e+00 -1.416880e+00 -1.247597e+01 -5.237910e+00 -1.243071e+01 8.176898e+00 -6.771893e-01 -4.459525e-04 
-6.856687e+00 -1.277024e+01 -1.937283e+01 -1.537474e+01 8.667717e+00 -1.421768e+00 -1.385701e+01 -9.690876e+00 -1.909625e+01 7.161775e+00 2.719685e+00 3.169033e+00 
-1.083213e+01 -6.470308e+00 -1.525604e+01 -1.070849e+01 9.813242e+00 2.806910e+00 -3.750776e+00 -5.900624e+00 -1.129986e+01 1.066908e+01 1.685011e+00 2.104042e+00 
-1.071944e+01 -3.361923e+00 -1.086125e+01 -5.666790e+00 1.168623e+01 -7.427843e-01 -4.634737e+00 -4.049519e+00 -5.907073e+00 1.616899e+01 1.694708e+00 -1.401716e+00 
-1.284888e+01 -3.747733e+00 -8.813099e+00 -7.097162e+00 1.298233e+01 1.594352e+00 -7.322261e+00 5.309058e-01 6.097088e-01 1.651801e+01 3.831936e+00 -1.118041e+00 
-1.150524e+01 -1.847083e+00 -5.791902e+00 -3.816466e+00 1.355757e+01 5.496059e-01 -7.549699e+00 -3.300973e+00 -1.075844e+01 8.586749e+00 -1.798491e+00 -1.884512e+00 
-9.021395e+00 1.951519e-01 -2.597950e+00 -4.046544e-02 1.397949e+01 -1.477064e-01 -1.106913e+01 -8.767717e+00 -1.677709e+01 4.611042e+00 -3.597939e+00 -6.404594e+00 
-8.431293e+00 6.771097e-01 -2.201418e+00 3.138247e+00 1.271539e+01 -1.408734e+00 -8.465080e+00 -5.524509e+00 -8.000314e+00 4.866913e+00 -1.188870e+00 -2.298568e+00 
-4.161232e+00 4.117753e+00 9.539647e-01 2.856980e+00 7.956797e+00 -6.129034e+00 -1.491729e+01 -5.777954e+00 -8.571743e+00 4.527399e+00 2.464976e+00 1.225585e+00 
1.311948e-01 7.137697e+00 -2.497110e+00 -2.655993e+00 6.147782e+00 -6.057755e+00 -9.711535e+00 -6.565548e+00 -1.546748e+01 3.208880e+00 2.157903e+00 2.740777e+00 
6.825867e-01 2.329073e+00 -9.742791e-02 2.252122e-01 5.184261e+00 -6.794576e+00 -1.309779e+01 -8.803082e+00 -1.973455e+01 -1.669792e+00 -4.518947e-01 3.359440e+00 
9.746265e-01 5.075320e-01 2.468580e+00 -2.220126e+00 6.018724e+00 -7.675992e+00 -1.286566e+01 -7.345775e+00 -2.040672e+01 -5.319956e-02 2.123528e-01 3.778014e+00 
1.469245e+00 -1.015422e+00 1.786803e+00 -3.530976e+00 6.240439e+00 -7.817735e+00 -1.420028e+01 -8.584265e+00 -1.827404e+01 -2.083194e-01 6.151034e-01 2.094360e+00 
1.128603e+00 4.316683e-01 1.263718e+00 -3.362410e+00 4.335458e+00 -9.045771e+00 -1.550019e+01 -4.949101e+00 -1.777249e+01 -1.113946e+00 3.463449e+00 1.067127e+00 
1.590104e+00 -1.314272e-01 1.938666e+00 -2.284110e+00 5.395497e+00 -8.280437e+00 -1.388515e+01 -6.982184e+00 -1.451667e+01 7.531956e-01 3.859734e+00 -1.091578e+00 
2.827510e+00 5.537804e-01 -6.438146e-01 -5.321964e-01 2.834197e+00 -8.299581e+00 -1.455949e+01 -7.756149e+00 -1.303129e+01 8.349377e-01 4.367536e+00 -1.955512e+00 
1.997841e+00 2.061318e+00 6.024291e-01 -1.748532e+00 3.943321e+00 -7.433236e+00 -1.713494e+01 -5.527824e+00 -1.361301e+01 -3.923342e-01 5.120027e+00 -1.275208e+00 
6.451678e-01 4.900325e+00 5.220782e-01 -3.377675e+00 4.648297e-01 -9.388724e+00 -1.313577e+01 -9.405750e+00 -1.227596e+01 1.597991e+00 4.238565e+00 -5.433516e+00 
-1.421046e+00 8.076460e+00 2.837793e+00 4.321029e-01 -5.337253e+00 -1.098619e+01 -1.139927e+01 -3.969213e+00 -6.976628e+00 -4.837583e+00 4.631296e+00 -5.563187e-02 
-1.905221e-01 4.318162e+00 -2.072857e+00 3.002385e-01 4.862169e+00 -6.007248e+00 -1.394283e+01 -1.047921e+01 -1.200204e+01 2.866954e-01 4.164222e+00 -3.505881e+00 
-4.780150e+00 1.405320e+00 2.128696e+00 -3.116545e+00 -1.927702e+00 -1.118781e+01 -2.113926e+01 -1.159650e+01 -8.830237e+00 3.067827e+00 5.469767e+00 8.725243e-01 
-9.804182e+00 2.422787e+00 -1.068068e+00 -1.700564e-01 -2.687157e+00 -1.095971e+01 -1.338478e+01 -1.010972e+01 -6.012528e+00 -4.717951e-01 -4.124600e-01 2.357885e-01 
-1.403940e+01 3.233495e-01 5.992151e-01 -1.304321e-01 -4.033439e+00 -5.820701e+00 -4.488895e+00 -2.999271e+00 -4.078328e+00 -3.292087e+00 1.289583e-01 -1.259718e+00 
-1.612626e+01 -3.965588e+00 -3.268300e-01 3.935930e+00 -3.604349e+00 -3.424097e+00 -5.448826e+00 -2.579319e+00 -4.967837e+00 2.470540e+00 2.964697e+00 -5.279253e+00 
-1.336285e+01 2.226839e+00 3.768258e+00 3.374694e+00 -3.569482e-01 -4.800703e-01 -3.163188e+00 -2.365290e+00 -2.063535e+00 -1.393770e+00 -5.939452e+00 -5.581001e+00 
-1.804237e+01 -9.286048e-01 -4.718011e+00 7.422767e-01 3.148139e-01 -1.895468e+00 -5.928556e+00 -3.850226e+00 2.096369e+00 -5.238819e-01 2.035074e+00 -2.991781e+00 
-1.885699e+01 1.836973e+00 1.492496e-01 3.876818e+00 -8.676638e-01 -4.432186e+00 -5.420220e+00 -5.966932e+00 1.742708e+00 9.858754e-01 4.067575e+00 1.763567e+00 
-1.903720e+01 2.704740e+00 1.141584e+00 -1.990825e+00 -4.888860e+00 -4.723819e+00 5.565058e-02 2.336240e-01 3.575741e+00 4.291297e+00 -6.142703e-02 4.945632e+00 
-1.903419e+01 4.844340e+00 -1.119492e+00 -4.306248e+00 -5.145320e+00 1.317073e-01 -9.718079e-01 1.003140e+01 -3.612353e+00 -5.099918e+00 -1.514367e+00 -2.713592e+00 
-1.761012e+01 2.135965e+00 -1.477456e+00 2.154460e+00 -1.513504e+00 -2.108490e+00 -6.081902e+00 6.453336e+00 -2.449347e+00 -3.099708e+00 2.808252e+00 -3.333546e+00 
-1.216416e+01 -5.720596e+00 -2.690354e+00 -6.518387e+00 -3.232068e+00 -7.406353e+00 -4.901098e+00 -5.277327e+00 9.938054e-01 -5.923171e-01 1.612817e-01 3.053561e-02 
-1.070353e+01 -7.870744e+00 -1.104627e+00 -9.479491e+00 -3.067712e+00 -1.001924e+01 -5.726441e+00 -5.991982e+00 1.559662e+00 -1.083530e+00 1.495595e+00 7.150346e-01 
-4.108759e+00 -1.022725e+00 1.539322e+00 -6.009443e+00 -3.355058e+00 -9.455115e+00 -4.955495e+00 -2.359028e+00 5.479505e+00 -2.375945e-01 -1.856350e+00 5.969174e-01 
2.837832e+00 -9.781536e+00 2.392247e+00 -8.167342e+00 -4.914782e+00 -4.829214e-01 -1.554240e+01 1.833126e+00 1.726847e+00 6.240561e+00 -1.349195e+00 -7.272401e+00 
1.952680e+00 -1.230695e+01 1.570257e+00 -9.590894e+00 -3.013662e+00 -2.095456e+00 -1.557522e+01 4.772422e+00 5.383910e+00 6.404806e+00 -2.997692e+00 -7.781661e+00 
-5.333141e-01 -9.744213e+00 -2.822531e+00 -8.337532e+00 -4.378144e+00 -1.609537e+00 -1.252661e+01 3.393948e+00 6.796837e+00 6.363744e+00 -1.710248e+00 -9.512110e+00 
1.893326e+00 -1.374511e+01 -2.770123e-01 -1.101704e+01 -5.709413e-01 -1.272693e+00 -1.234560e+01 5.460554e+00 2.406732e+00 9.075681e+00 -3.546868e+00 -9.176799e+00 
2.199990e+00 -1.633381e+01 1.110247e+00 -1.017649e+01 -2.392641e+00 -4.454490e-01 -1.072962e+01 5.088491e+00 7.293103e-01 8.617925e+00 -3.571757e+00 -9.134845e+00 
2.038701e+00 -1.602102e+01 -6.663128e-01 -7.627543e+00 -4.910369e+00 1.099065e+00 -8.177616e+00 3.693072e+00 2.065075e+00 6.959131e+00 -4.790998e+00 -9.578269e+00 
2.348805e+00 -1.660156e+01 -1.199040e+00 -6.360215e+00 -4.362150e+00 2.205005e-01 -7.965185e+00 4.722691e+00 -7.187683e-01 7.227549e+00 -5.559005e+00 -8.941533e+00 
2.790951e+00 -1.674153e+01 -1.561824e+00 -4.139956e+00 -4.788481e+00 8.282050e-01 -9.416101e+00 4.125917e+00 1.713987e+00 8.749092e+00 -9.151436e+00 -6.793478e+00 
1.930315e+00 -1.631312e+01 -4.152160e-01 -6.632064e+00 -3.651229e+00 -1.057227e+00 -1.122810e+01 6.829820e+00 1.231578e-01 8.114546e+00 -5.798522e+00 -8.235734e+00 
1.831391e+00 -1.480680e+01 -1.411970e+00 -4.836304e+00 -3.429515e+00 -5.850027e+00 -9.830647e+00 9.604450e+00 -1.272193e+00 9.196963e+00 -8.986910e+00 -5.781736e+00 
5.858136e-01 -1.563481e+01 3.618403e+00 -7.003298e+00 -4.477971e+00 -6.401115e+00 -1.245205e+01 1.187919e+01 -9.005283e-01 5.843256e+00 -7.833608e+00 -3.463604e+00 
5.428033e-01 -1.402179e+01 3.277715e+00 -4.949980e+00 -8.003894e+00 -6.725740e+00 -1.086186e+01 8.503734e+00 1.563092e+00 6.972818e+00 -8.288723e+00 -4.660913e+00 
-3.783561e-02 -1.368953e+01 4.047076e+00 -4.219529e+00 -8.191965e+00 -8.662493e+00 -1.139317e+01 8.489736e+00 8.206190e-01 7.205878e+00 -5.636581e+00 -5.247303e+00 
3.083972e-01 -1.175318e+01 4.231481e+00 -5.285812e+00 -5.541870e+00 -1.274291e+01 -1.027192e+01 1.041231e+01 -3.178101e+00 1.179294e+01 -8.214702e+00 -3.281588e+00 
2.116241e-01 -1.086594e+01 3.595101e+00 -4.292606e+00 -7.420377e+00 -1.459454e+01 -6.499262e+00 9.861947e+00 -4.551161e+00 9.165407e+00 -5.731612e+00 -2.077825e+00 
1.032381e-01 -9.059816e+00 3.100139e+00 -2.244161e+00 -1.079463e+01 -1.200120e+01 -8.329555e+00 7.947850e+00 5.591246e-01 5.009867e+00 -4.940010e+00 -7.949941e-01 
-4.232078e-01 -9.266718e+00 5.548032e+00 -6.272522e+00 -5.585441e+00 -1.383450e+01 -8.704242e+00 1.063996e+01 -4.668190e+00 9.092790e+00 -6.532265e+00 -3.544608e+00 
3.810846e-01 -9.836710e+00 4.390576e+00 -4.680730e+00 -5.448661e+00 -1.354409e+01 -1.024660e+01 9.699861e+00 -3.290844e+00 7.176223e+00 -5.217022e+00 -5.836094e-01 
1.518277e+00 -1.039412e+01 2.174898e+00 -1.967115e+00 -6.287537e+00 -1.351150e+01 -7.494364e+00 8.772651e+00 -5.757464e+00 7.849549e+00 -4.050144e+00 -3.527826e+00 
1.849886e+00 -1.014098e+01 2.064817e+00 -2.310742e+00 -3.718516e+00 -1.324268e+01 -1.355079e+01 1.061234e+01 -2.806436e+00 6.386176e+00 -3.874951e+00 -2.930140e+00 
3.218473e+00 -1.145419e+01 -4.915495e-01 -1.048287e+00 -3.804554e+00 -1.117314e+01 -1.372289e+01 7.736032e+00 -2.619961e+00 9.465382e+00 -2.232272e+00 -5.119182e+00 
3.335891e+00 -9.552322e+00 -1.734177e+00 -3.158767e+00 -3.944091e+00 -6.247153e+00 -1.110008e+01 3.651076e+00 -5.806334e+00 9.723914e+00 3.089466e+00 -6.123824e+00 
5.098883e+00 -8.384345e+00 -5.463668e+00 -2.660216e+00 -4.137126e+00 -5.748200e+00 -8.727689e+00 3.175223e-02 -4.977697e+00 8.093255e+00 6.762059e+00 -2.748124e+00 
5.504040e+00 -8.310916e+00 -6.282444e+00 -4.297803e+00 -3.181879e+00 -1.724805e+00 -6.318250e+00 -2.966485e+00 -6.053682e+00 6.201020e+00 9.261634e+00 -2.834291e+00 
5.609415e+00 -7.581082e+00 -5.331892e+00 -8.282968e+00 -5.978681e+00 3.917233e+00 -7.046521e+00 -4.957573e+00 -6.392338e+00 3.842286e+00 9.131694e+00 7.243936e-01 
5.474793e+00 -6.542520e+00 -4.465307e+00 -8.432370e+00 -1.082717e+01 5.910194e+00 -3.222744e+00 -6.327943e+00 -3.338856e+00 -3.901161e+00 1.064960e+01 2.616528e+00 
5.879090e+00 -5.899910e+00 -5.644458e+00 -1.084620e+01 -1.092258e+01 4.930210e+00 -1.237231e+00 -6.583230e+00 -4.741066e+00 -3.895077e+00 7.458953e+00 4.554490e+00 
6.478653e+00 -3.956663e+00 -7.089972e+00 -1.181505e+01 -1.214367e+01 5.184778e+00 -1.525610e-01 -7.153112e+00 -3.900426e+00 -4.766106e+00 5.818214e+00 5.367433e+00 
4.053303e+00 -2.016661e+00 -4.684665e+00 -1.263774e+01 -1.457205e+01 4.682973e+00 1.459672e+00 -9.079735e+00 -3.888851e+00 -5.372898e+00 7.194871e+00 8.470753e+00 
1.788381e+00 3.237003e+00 -2.383413e+00 -1.400868e+01 -2.216440e+01 2.543072e-01 1.677284e-01 -2.979378e+00 -4.269090e+00 -2.352623e+00 6.152762e+00 7.450943e+00 
-6.542282e+00 2.123389e+00 -7.599799e+00 -8.146232e+00 -9.941415e+00 -7.213289e+00 3.314122e-02 6.918875e-01 -2.725132e-01 7.344649e+00 1.020160e+01 6.369493e+00 
-1.008977e+01 3.951563e-01 -4.392590e+00 -4.324436e+00 -9.682748e+00 7.552967e-01 1.497187e+00 3.764630e-02 -9.519698e-01 -1.087081e-01 6.017326e+00 9.254511e-01 
-1.240544e+01 1.202882e+00 -1.616463e+00 -3.600156e+00 -9.025877e+00 1.832628e+00 -1.564554e+00 1.584746e-01 7.335258e+00 7.395086e-01 3.807047e+00 6.411124e+00 
-1.299985e+01 3.779408e+00 -2.656205e+00 -1.252579e+00 -4.288245e+00 -2.713343e+00 -2.792252e+00 -1.865768e+00 -4.417842e+00 2.418453e+00 4.545639e+00 1.324661e+00 
-1.577960e+01 4.511413e-01 -3.298611e+00 -3.169613e-02 -8.538756e-01 -3.492525e+00 -1.588940e+00 -3.675983e+00 -2.210572e+00 1.296746e-01 2.887444e+00 -3.434882e+00 
-1.798861e+01 5.399870e-01 -2.393859e+00 1.702226e-02 2.899950e-01 -2.524352e+00 -5.028651e+00 -3.453114e+00 -5.567275e-01 1.237945e+00 2.168247e+00 9.572599e-02 
-1.695206e+01 -2.421132e+00 -6.214548e+00 -5.380426e-01 -1.356318e+00 -2.297889e+00 -2.075704e+00 -3.447588e+00 -1.947363e+00 -1.280091e+00 -9.121810e-01 -1.452061e+00 
-1.696066e+01 -6.700739e+00 -1.154865e+01 -7.498277e+00 -8.474348e+00 1.994329e+00 8.438980e+00 3.852580e+00 -2.285591e+00 -3.915738e-01 -1.913674e-01 4.139789e+00 
-1.626390e+01 -5.776175e+00 -1.095726e+01 -9.298259e+00 -4.768626e+00 4.608126e-01 7.694765e+00 5.519126e+00 9.179292e-01 -2.943828e+00 -8.982819e-01 1.679336e+00 
-1.976407e+01 -4.641059e+00 -7.170323e+00 -7.154974e+00 -4.749875e+00 -9.118174e-01 9.592585e+00 8.803963e+00 -1.966225e+00 -4.723904e+00 -3.335472e+00 -4.690603e+00 
-1.841957e+01 -3.365575e+00 -9.222486e+00 -6.617124e+00 -4.833707e+00 1.042042e+00 9.500202e+00 7.236142e+00 -6.013102e-01 4.478984e-01 1.807517e+00 1.167817e+00 
-1.707980e+01 -3.514868e+00 -1.049083e+01 1.068040e+00 -1.539856e-01 5.212067e+00 8.781779e+00 8.089676e+00 -2.179707e+00 -3.296649e+00 -2.631144e+00 -4.458060e-01 
-1.324629e+01 3.816732e+00 -5.731057e-01 1.778355e+00 9.683754e-01 7.659992e+00 5.524018e+00 8.650256e-01 -4.198358e+00 -7.649510e+00 -4.166509e+00 4.565785e+00 
-1.403123e+01 6.691440e+00 1.088151e+00 4.355557e+00 -7.926559e-01 1.004886e+01 8.834769e+00 2.483591e-01 1.994771e+00 -1.036386e+00 -1.407377e+00 -1.656810e-01 
-1.623766e+01 4.903165e+00 1.462586e+00 2.824501e+00 2.528650e+00 5.913860e+00 8.612981e-01 -6.445917e-01 -1.417516e+00 -3.167383e+00 -1.084465e+00 -2.362790e+00 
-1.809871e+01 1.585852e+00 -4.938574e+00 -2.024928e+00 3.713886e+00 2.185357e+00 4.857178e+00 4.410674e+00 3.886533e+00 1.933703e+00 1.823355e+00 -1.711673e-01 
-1.884710e+01 -5.590227e-01 -5.254755e+00 1.985795e-01 -2.015947e+00 -2.167550e+00 4.125177e-01 -8.763022e-01 -9.789766e-01 -8.527512e-01 -3.570464e+00 -1.310708e+00 
-1.985999e+01 -1.241248e-01 -5.717979e+00 8.741412e-01 2.202145e+00 3.015045e+00 -6.351054e-01 -8.468319e-01 -2.125694e+00 -2.832430e+00 -1.374730e+00 -2.220146e+00 
-1.951805e+01 -1.423950e+00 -2.518001e+00 2.599646e-01 -5.687473e+00 -2.101566e+00 -1.612387e+00 -1.122840e-01 -1.516540e+00 -1.086191e+00 3.437590e+00 -2.054266e+00 
-2.020063e+01 -1.566347e+00 -6.312576e+00 -1.619366e-01 -1.595682e+00 -4.878091e-01 1.306796e+00 2.236869e+00 1.695982e+00 4.892767e+00 -1.301356e+00 -1.695073e+00 
-1.986171e+01 -1.936335e+00 -3.965524e+00 2.445472e+00 -1.009958e+00 -4.640728e+00 9.129040e-02 1.063950e+00 -4.400266e+00 6.912237e-01 4.657689e-01 3.670547e+00 
-1.895505e+01 -2.290501e+00 -5.115346e+00 1.521121e+00 -2.826694e+00 -3.082365e+00 -3.612415e-01 5.643363e-02 9.046401e-01 1.347822e+00 2.942717e+00 3.626979e+00 
-1.917053e+01 -4.194659e-01 -3.964319e+00 1.157682e+00 3.531330e+00 1.677443e+00 2.155608e-01 -8.077837e-01 -9.395381e-01 -1.036386e+00 1.709788e-01 2.571347e+00 
-1.755033e+01 -6.064882e-01 -4.605118e+00 2.139845e+00 -1.391616e+00 -4.848455e+00 -2.440075e+00 -1.949022e+00 1.401479e+00 -4.409102e+00 -3.922790e+00 4.527381e+00 
-1.986343e+01 1.509319e-01 -3.906868e+00 1.527292e+00 1.547481e+00 -3.378886e+00 -2.870097e+00 -1.951693e-01 4.412378e-01 1.763376e+00 -4.692735e+00 -2.339877e+00 
-2.065697e+01 1.209779e+00 1.090561e+00 -7.569506e-01 -2.814560e+00 -3.345486e+00 -2.790377e+00 3.172552e+00 1.651684e-01 4.672634e+00 -2.896196e+00 1.951252e-01 
-1.928193e+01 -8.831677e-01 -2.671873e+00 -6.507445e-01 -2.762165e+00 3.078992e+00 2.945290e+00 8.513955e-01 -1.394796e+00 -1.540145e+00 -1.463943e+00 3.973585e+00 
-2.001869e+01 -1.277902e+00 -6.572110e+00 -2.157117e+00 1.177405e+00 9.034251e+00 9.485219e-01 2.352540e+00 -3.865703e+00 -3.272697e+00 3.122113e+00 -5.162749e+00 
-1.867118e+01 -1.594197e-01 -5.944167e+00 -5.771697e+00 -2.453861e+00 -1.407822e-01 3.285766e-01 3.116190e+00 1.624393e+00 -1.404035e+00 9.008430e-01 2.533911e+00 
-1.961569e+01 -1.789070e+00 -5.059503e+00 1.161904e+00 -2.687157e+00 -3.048966e+00 -1.643337e+00 5.035445e+00 3.827375e+00 8.296149e-01 -2.828963e+00 -2.754256e+00 
-2.005869e+01 -8.105495e-01 -5.072359e+00 -2.512537e-01 -5.826458e+00 2.131690e-01 -2.292826e+00 -9.514515e-01 2.895427e+00 4.660467e+00 7.547408e-01 -2.139142e+00 
-2.001955e+01 -2.362713e+00 -2.220702e+00 -1.261998e+00 -6.947165e+00 1.121060e+00 -1.032302e+00 -2.651889e+00 7.686347e+00 1.122746e+00 6.849222e-01 -1.077701e+00 
-2.170771e+01 -3.442656e+00 -8.290236e-01 1.676046e+00 -1.606161e+00 -6.173333e-01 -1.447318e+00 -1.546015e+00 5.747859e+00 5.408312e+00 2.267803e+00 -7.862805e-01 
-1.946945e+01 -1.567564e+00 -3.115812e+00 7.669607e-01 -4.806130e+00 1.999217e+00 2.450553e+00 3.671705e+00 8.489118e-01 1.483171e+00 -1.657237e+00 -6.013592e-01 
-1.950257e+01 -1.475878e+00 -1.947509e+00 1.594849e+00 -3.727340e+00 -4.018360e+00 -1.621297e+00 1.403227e+00 4.532408e-01 1.067998e+00 -2.069685e+00 -2.880764e+00 
-1.826818e+01 9.598745e-01 -6.216959e+00 -3.587589e-01 -1.429672e+00 -4.944987e+00 1.426377e+00 1.540633e+00 3.546446e-01 -4.915653e-01 -3.122137e+00 -2.707138e+00 
-1.796581e+01 9.343161e-01 -6.268383e+00 -1.300973e+00 -3.303215e+00 -4.036282e+00 -5.206850e+00 1.819496e+00 2.796257e-01 -2.147698e+00 -1.195335e+00 3.251832e-01 
-1.972278e+01 5.072689e-02 -3.513550e+00 2.023246e+00 1.543620e+00 -7.423770e-01 -3.015939e+00 -4.248444e+00 -6.188716e+00 -1.983073e+00 -2.775630e+00 3.598579e+00 
-2.103417e+01 -1.392307e+00 -8.256298e-02 5.001238e+00 3.947855e-01 -8.160999e-01 4.939244e+00 6.390712e+00 6.024212e-01 1.148470e-01 6.849222e-01 -2.251773e+00 
-1.978945e+01 -1.709961e+00 -4.714395e+00 2.675098e+00 1.237521e+00 1.025342e+00 3.121144e+00 2.862377e+00 2.802403e+00 6.454991e+00 6.098135e+00 2.786604e+00 
-1.920279e+01 -3.180438e-01 -6.982302e+00 2.340889e+00 1.273922e+00 -3.703918e+00 -2.379112e+00 3.985564e+00 4.196897e+00 3.685265e+00 1.114178e+00 -2.595798e+00 
-2.019719e+01 -2.373118e-01 -2.012192e+00 6.703980e-02 -5.224741e+00 -5.873244e+00 5.593891e+00 1.902013e+00 -4.269090e+00 5.375616e+00 9.073077e-01 1.977533e+00 
-1.883376e+01 -1.185811e+00 -4.647302e+00 -3.955475e+00 -2.339143e+00 2.962502e+00 8.570754e+00 5.216687e+00 -8.460860e-01 -5.918099e+00 -2.267828e+00 5.358719e+00 
-1.874731e+01 5.087491e-01 -4.288535e+00 -4.276367e+00 -4.905406e+00 4.930210e+00 1.509849e+00 1.917116e+00 1.824157e+00 2.849215e+00 -2.104383e-01 1.685468e+00 
-1.900494e+01 -1.652353e+00 -4.754169e+00 1.978750e+00 4.719996e-01 3.142940e+00 4.805147e-01 -7.327724e+00 -4.183783e+00 -8.015638e+00 -4.636492e+00 -1.913558e+00 
-1.862903e+01 -3.691606e-01 -2.221104e+00 1.238879e+00 1.532159e-01 2.183321e+00 6.057230e-01 7.530384e-01 4.815337e-01 1.030738e+00 -6.991693e-01 -5.148690e-01 
-1.998945e+01 -1.384193e+00 -4.067570e+00 2.636773e+00 1.749892e+00 3.553099e+00 -1.441222e+00 4.995936e-01 -4.431275e-01 3.208119e+00 -3.406907e+00 -1.689082e-01 
-2.069783e+01 -2.019095e+00 -5.659323e+00 9.348767e-01 2.099009e+00 3.022376e+00 -4.283029e+00 -5.241594e+00 -7.340148e+00 -4.177943e+00 -4.591176e-02 -9.602291e-01 
-2.013138e+01 2.243615e-01 -5.846942e+00 -3.509864e+00 -7.970681e-01 -4.281889e+00 9.738669e-02 -7.307924e-01 -2.536368e+00 -1.429508e+00 2.182146e+00 6.268157e+00 
-1.959203e+01 -5.188596e-01 -6.141027e+00 7.406527e-01 -2.168720e+00 9.972380e-01 -2.988718e-01 3.679073e+00 -4.379261e+00 -9.618674e-01 2.695119e+00 2.772082e+00 
-1.983031e+01 3.432282e-01 -3.501095e+00 3.941026e-01 5.668625e-01 2.222015e+00 -6.072523e+00 -5.687333e+00 -5.192465e+00 -2.353384e+00 -2.459183e+00 -1.918217e-01 
-2.050256e+01 -7.594327e-01 -2.397475e+00 1.710798e+00 -2.792499e+00 -6.057347e+00 -4.512342e+00 8.889703e-01 3.226796e+00 6.731014e+00 3.145709e+00 1.867807e+00 
-2.059546e+01 -1.124958e+00 -3.886780e+00 -1.740737e+00 1.144865e+00 -2.249012e+00 -2.955445e+00 3.575559e+00 1.867882e+00 2.261052e+00 -4.333944e+00 -7.727261e-01 
-1.897397e+01 -3.713655e+00 -3.296602e+00 -2.553035e+00 -6.878654e-01 8.791186e-01 1.352283e+00 6.964278e+00 5.291315e+00 9.497568e-01 -6.158282e+00 -5.350898e+00 
-1.874473e+01 -4.133806e-01 -1.766719e+00 5.405825e-01 -1.721860e-01 2.184640e-01 -6.079088e+00 2.479631e+00 3.469284e-01 4.265064e+00 -5.207972e+00 -4.405637e+00 
-1.892494e+01 7.010453e-01 -2.700800e+00 8.832352e-01 8.602758e-01 2.628606e-01 -1.892816e+00 -5.739550e-02 -1.221609e+00 -2.979566e+00 -4.848857e+00 -1.517897e+00 
-1.861785e+01 -2.158246e+00 -4.592262e+00 1.915416e+00 -2.549154e-01 2.943359e+00 -2.730798e-01 1.968689e+00 2.747961e+00 -6.223526e-01 -2.975389e+00 8.947923e-01 
-2.013482e+01 -3.355027e+00 -5.128604e+00 -1.704036e+00 -2.586227e+00 -8.156925e-01 9.278883e-01 3.000150e+00 6.009353e+00 2.685350e+00 1.671111e+00 3.519694e-01 
-1.909053e+01 2.142193e-01 -6.345118e+00 -3.426394e+00 -1.077245e+00 1.280415e-01 -2.968576e+00 -1.308411e+00 -1.657147e+00 1.229201e+00 3.300861e+00 4.973386e+00 
-1.814861e+01 -8.490899e-01 -5.296940e+00 1.632524e+00 3.514784e+00 2.439111e+00 -1.671474e+00 -2.528851e+00 -2.194711e+00 2.367507e+00 -2.812267e-01 1.385334e+00 
-1.876451e+01 -1.521173e-01 -6.798298e+00 -5.169313e-01 -3.164781e+00 -9.077443e-01 1.217227e+00 -1.417083e+00 -5.487825e+00 1.623083e+00 -8.038973e-01 -2.516085e+00 
-1.849312e+01 -5.880896e-02 -7.718718e+00 1.235531e-01 2.941745e+00 4.578295e+00 -5.455860e+00 -7.189950e+00 -7.877856e-01 5.915874e+00 2.019558e+00 1.593028e-01 
-1.952322e+01 4.284227e-01 -3.265667e+00 9.475435e-01 -9.255743e-01 -3.511668e+00 -1.069820e+01 2.450529e+00 4.471251e+00 2.702459e+00 1.845658e+00 5.545577e+00 
-1.999762e+01 -1.502248e+00 -4.781488e+00 -2.290930e+00 -2.638623e+00 -1.674706e+00 -2.582634e+00 4.591548e+00 5.673697e+00 1.060774e+00 1.197573e+00 -2.220146e+00 
-1.946644e+01 -1.008120e+00 -2.735351e+00 7.071995e-01 8.200142e-01 1.791490e+00 9.142889e-01 2.717972e+00 2.396444e+00 6.482616e-01 -1.873481e+00 -4.155526e+00 
-2.030084e+01 -2.199221e+00 -5.488978e+00 -9.735850e-01 -2.638071e+00 2.657428e+00 4.455761e+00 2.776913e+00 -2.607100e+00 -6.212120e-01 -2.462415e+00 -1.363958e+00 
-1.982558e+01 -4.791021e-01 -6.831644e+00 -3.119893e-01 -1.369003e+00 1.298646e+00 4.085764e+00 1.580049e+00 4.588137e-01 2.954399e-01 8.368425e-01 1.204285e+00 
-1.919892e+01 -1.873859e+00 -3.768262e+00 3.121033e+00 8.139474e-01 -7.273066e-01 -3.793450e+00 -8.063101e-01 -5.353649e+00 3.309252e+00 4.595417e+00 6.969620e-01 
-1.797571e+01 -7.294118e-01 -4.769034e+00 1.667501e-01 8.801308e-01 1.607386e+00 5.222508e-01 1.492375e+00 3.321963e+00 7.851321e-01 -1.026929e+00 -1.665382e+00 
-1.927763e+01 -1.066539e+00 -8.060210e+00 2.088528e+00 1.545519e-03 6.787227e-01 3.703574e+00 -1.133431e+00 3.345540e+00 4.274949e+00 -3.443756e+00 -3.729207e+00 
-1.714432e+01 2.229679e+00 -3.533236e+00 4.648842e+00 5.574865e-01 -1.773682e+00 -3.948671e+00 -3.645407e+00 -4.441848e+00 -5.341342e+00 -4.875040e+00 2.198600e+00 
-1.920236e+01 -1.226380e+00 -2.631296e+00 2.908946e+00 -3.099468e-02 6.164045e-01 -5.403807e+00 -3.257504e+00 -5.537123e+00 -4.806026e+00 -9.073325e-01 6.168758e+00 
-1.702260e+01 -3.001935e-01 -5.821631e+00 4.035315e+00 -2.529971e+00 2.481063e+00 9.128820e-01 1.816917e+00 1.889745e+00 2.034455e+00 -6.025221e-01 -3.204134e+00 
-2.043116e+01 -2.510384e+00 -5.869441e+00 -8.683533e-01 2.574549e-01 6.227488e+00 7.220214e-01 -2.606579e+00 3.512152e-01 2.527949e+00 4.782633e-02 -2.176578e+00 
-1.650002e+01 -6.884373e-01 -6.108485e+00 -2.581617e+00 -2.008225e+00 2.461105e+00 -2.830706e+00 -1.674948e+00 -2.515079e-01 -1.883842e+00 -3.486423e+00 -1.245518e+00 
-1.952967e+01 -5.999972e-01 -4.560121e+00 -4.141255e+00 -1.326536e+00 -1.263325e+00 -2.663761e+00 3.784061e+00 -5.978663e+00 2.854157e+00 1.351755e+00 9.847819e+00 
-1.947548e+01 9.513550e-01 -2.982831e+00 -1.919371e+00 -5.797658e-01 3.147420e+00 -1.512033e+00 -2.161945e+00 1.385618e+00 3.163256e+00 1.815921e+00 1.359193e+00 
-1.846602e+01 -5.991858e-01 -6.811154e+00 2.683867e+00 2.666533e+00 5.882497e+00 2.117133e+00 1.153743e-01 3.593745e+00 -3.597004e+00 -3.254340e+00 1.263848e-01 
-1.809484e+01 -2.371233e+00 -7.221747e+00 -1.274015e+00 -1.702678e+00 -4.079049e+00 -6.449533e-01 9.847488e-01 1.344894e+00 2.045861e+00 2.666675e+00 1.287225e+00 
-1.938859e+01 5.201083e-01 -3.877138e+00 -3.307196e+00 -6.041003e+00 1.479996e-01 -1.067473e+00 5.228015e-01 6.868711e-01 3.851791e+00 2.490512e+00 5.980932e+00 
-1.928236e+01 6.239645e-01 -4.382545e+00 -3.880449e+00 -6.906230e-01 1.747093e+00 -1.093961e-02 3.451415e+00 1.497504e+00 5.547084e+00 1.107067e+00 -7.065675e-01 
-1.867419e+01 -4.827533e-01 -7.103631e+00 -1.884619e+00 4.397781e+00 3.132350e+00 -6.398439e+00 -7.644898e+00 8.377662e-01 6.325345e+00 2.251641e+00 3.232610e+00 
-1.801614e+01 -1.185000e+00 -6.962615e+00 -2.791430e+00 -6.348756e+00 -2.954063e+00 -4.652557e+00 1.066529e+00 1.088544e+00 -6.900274e-01 2.697382e+00 1.709208e-01 
-1.913999e+01 -1.305895e+00 -4.787113e+00 -9.589695e-01 -4.219304e+00 -4.151550e+00 -6.453775e+00 3.266857e+00 -2.609388e-01 -1.813255e-01 -4.279753e-01 3.851595e+00 
-1.897441e+01 -7.926992e-01 -6.124555e+00 1.281002e-01 -2.935345e+00 -1.933250e-01 -2.093033e-01 1.334709e+00 7.257364e-02 7.128949e-01 8.646407e-01 1.166526e+00 
-2.030815e+01 -1.045849e+00 -4.897595e+00 2.018374e+00 2.095700e+00 1.197227e+00 -1.206749e+00 -1.443606e+00 7.000156e-02 -5.151244e+00 -2.155988e+00 -3.851519e+00 
-1.845398e+01 -1.266543e+00 -5.047852e+00 5.230439e-01 8.459361e-01 -1.029530e+00 -5.975920e+00 -3.044950e+00 -1.634427e+00 -4.464611e+00 -1.580631e+00 2.512793e-01 
-1.891247e+01 -3.423851e-01 -1.986078e+00 8.608248e-01 1.643998e+00 4.732665e+00 1.703054e+00 -1.249470e+00 -4.891961e+00 8.881651e-01 2.751039e+00 1.634982e-01 
-1.867075e+01 1.278077e-01 -7.880224e+00 1.511703e+00 1.957266e+00 1.280415e-01 2.959827e+00 5.418190e+00 -2.822298e+00 -2.848399e+00 -5.051526e+00 -5.015910e+00 
-1.923892e+01 -2.177719e+00 -6.531934e+00 1.346709e+00 1.053311e+00 2.303477e+00 2.225459e+00 -1.405663e+00 -7.060523e-02 3.866238e+00 -7.550889e-01 -7.879769e+00 
-1.975461e+01 -1.150111e+00 -2.365334e+00 -1.851166e+00 1.855234e+00 1.671431e-01 -1.310386e+00 -3.211549e-01 -5.045731e-02 -2.580741e+00 -6.768661e-01 -1.058983e+00 
-1.924795e+01 5.545918e-01 -1.399516e+00 1.915416e+00 9.474173e-01 -1.523188e+00 2.666758e-01 1.490533e+00 1.347466e+00 -6.698771e-01 -2.266212e+00 3.987644e-01 
-2.095761e+01 -8.908758e-01 -2.568622e+00 2.872469e-01 5.614687e-02 3.454123e+00 -2.594585e-02 -3.641355e+00 -3.469603e+00 -2.853721e+00 -4.297419e+00 -2.791046e+00 
-2.096234e+01 -1.600830e+00 -3.295799e+00 -2.644301e+00 -3.476946e+00 1.857881e+00 2.823833e+00 1.777869e+00 -2.272302e+00 -3.546058e+00 -3.682626e+00 1.206222e+00 
-2.016837e+01 -1.400420e+00 -6.038177e+00 -3.171434e+00 -8.945672e-02 2.570671e+00 3.951646e+00 9.869590e-01 -7.214973e+00 -4.355114e+00 -1.643661e+00 2.171491e+00 
-1.870559e+01 -1.615029e+00 -6.240662e+00 6.094379e-01 4.789367e+00 8.375633e+00 -3.853944e+00 -4.412373e+00 -2.427912e+00 -4.440659e+00 -1.229274e+00 -3.991582e+00 
-2.029525e+01 -1.137129e+00 -2.886410e+00 5.214200e-01 -2.273511e+00 -2.184809e-02 2.304242e+00 3.717753e+00 -8.190792e-01 -1.139039e+00 1.202098e+00 4.249192e+00 
