-3.914837e+00 1.011861e+00 2.087341e+01 -1.429503e-01 -7.696927e+00 -4.295165e+00 -1.331575e+01 -4.217708e+00 -7.462511e+00 -7.336157e+00 2.922759e+00 3.283043e+00 
-4.945806e+00 3.926460e+00 1.858247e+01 6.758705e-01 -6.806585e+00 -6.229839e+00 -9.052735e+00 -4.014815e+00 -8.095951e+00 -5.439646e+00 -3.496706e-01 5.302851e+00 
-7.400735e+00 5.318536e+00 1.548235e+01 -1.780955e+00 -5.064606e-01 -8.269648e+00 -2.449858e+00 -7.685060e+00 -5.242709e+00 -4.153494e+00 -2.390682e+00 2.737466e+00 
-7.953347e+00 6.586726e+00 1.214994e+01 -3.166708e+00 -3.741925e+00 -7.420710e+00 3.764001e-01 3.254370e-01 -2.563617e+00 -3.818128e+00 -4.603662e+00 2.769758e+00 
-1.222523e+01 -6.756287e+00 6.788042e+00 3.310180e+00 9.049252e+00 -7.528792e+00 -1.071331e-01 2.823257e+00 -1.616522e+00 -3.317133e+00 -1.657581e+00 -4.387331e+00 
-1.013399e+01 -3.465785e+00 1.150455e+01 1.949834e+00 5.264564e+00 -1.066515e+01 -4.650340e+00 2.230983e+00 -1.606711e+00 -6.070180e-01 1.571298e+00 2.397898e-01 
-2.442384e+00 -5.724290e+00 9.522692e+00 -2.606309e+00 -4.084515e+00 -1.055854e+01 -8.374929e+00 1.424407e+00 -5.354424e-01 -2.670739e+00 -6.961204e-01 3.761432e+00 
-3.162940e-01 -9.895501e+00 9.629609e+00 -3.973551e+00 -6.756522e+00 -9.186874e+00 -1.003221e+01 5.515411e+00 4.132886e+00 -2.717203e+00 -2.086666e+00 1.607770e+00 
5.171698e-01 -9.701375e+00 5.994425e+00 -6.184658e+00 -3.896041e+00 -1.109502e+01 -5.839841e+00 6.113747e+00 3.686473e+00 2.456796e+00 -1.485334e+00 -2.023510e+00 
3.868463e-01 -1.057012e+01 2.656179e+00 -8.119921e+00 -4.205677e-01 -8.487287e+00 -6.794497e+00 9.229872e+00 -9.833884e-01 6.582025e+00 -8.559499e+00 -4.215975e+00 
1.953758e+00 -1.206640e+01 8.638580e-01 -6.994041e+00 -4.027580e+00 -7.071408e+00 -1.117159e+00 8.317035e+00 -1.088246e+00 5.182083e+00 -7.279226e+00 -7.785535e+00 
1.433475e+00 -1.434883e+01 3.061006e+00 -6.204620e+00 -4.521833e+00 -2.839001e+00 -5.750103e+00 7.229119e+00 8.645043e-01 3.244165e+00 -4.036947e+00 -9.238411e+00 
3.654529e+00 -1.327245e+01 -1.354188e+00 -2.488712e+00 -4.809942e+00 -5.993041e+00 -6.181131e+00 8.359468e+00 1.010140e+00 3.049773e+00 -5.592202e+00 -7.881890e+00 
3.618665e+00 -1.163415e+01 -1.292467e+00 -5.781304e-01 -8.949982e+00 -6.407193e+00 -7.342470e+00 7.897344e+00 5.812761e+00 -4.944916e-01 -4.692717e+00 -4.385247e+00 
3.276187e+00 -1.446191e+01 2.929304e+00 8.856571e-01 -1.097411e+01 -6.063786e+00 -7.723855e+00 6.432170e+00 1.976551e+00 -5.801507e-01 -1.595327e+00 -6.127970e+00 
2.792778e+00 -1.170632e+01 5.393745e+00 3.010744e+00 -1.272584e+01 -7.956209e+00 -6.569676e+00 4.338708e+00 -4.799473e-01 -2.740593e+00 3.311363e+00 -2.826901e+00 
2.783181e+00 -1.094795e+01 7.710446e+00 8.153781e+00 -1.622683e+01 -7.515037e+00 -6.035069e+00 -7.628352e-01 2.065466e+00 -4.797360e+00 -2.357181e+00 3.599452e+00 
-1.455602e-01 -7.508093e+00 1.104918e+01 9.566393e+00 -1.557601e+01 -8.425876e+00 -7.164904e+00 -1.274523e+00 -1.817654e+00 -7.685431e+00 -1.163172e+00 7.339847e+00 
-3.065209e+00 -1.414141e+00 7.933514e+00 9.091651e+00 -1.181930e+01 -2.550618e+00 -2.690909e+00 -3.108754e+00 5.997955e-02 -5.537316e+00 1.474705e+00 3.633046e+00 
-5.756539e+00 -4.994698e-01 6.745275e+00 3.150481e+00 -5.384689e+00 -3.440332e+00 -5.774925e+00 3.472227e+00 3.578856e+00 -2.363188e+00 4.598616e+00 2.901530e+00 
-3.052075e+00 -2.365091e+00 1.029201e+01 -2.306147e+00 -4.732393e+00 -5.002613e+00 -9.684240e+00 -7.920745e-01 -7.546826e+00 -7.706609e+00 -7.759629e-01 2.899707e+00 
-2.188809e+00 -3.402939e-02 1.701175e+01 -1.486963e+00 -6.977880e+00 -6.902897e+00 -1.171193e+01 -2.140648e+00 -1.015141e+01 -7.757183e+00 -1.153959e+00 1.928866e+00 
-2.948019e+00 1.300542e+00 1.753662e+01 9.647807e-01 -6.804622e+00 -6.526083e+00 -1.317780e+01 -2.778920e+00 -1.238716e+01 -8.396624e+00 3.052620e-01 3.082521e+00 
-4.493715e+00 4.620761e+00 1.821603e+01 -2.238888e-01 -6.165088e+00 -6.023500e+00 -1.330191e+01 -5.040330e+00 -1.124874e+01 -1.021538e+01 1.725120e+00 1.505685e+00 
-5.674708e+00 4.909828e+00 2.185316e+01 -1.170832e+00 -5.984467e+00 -5.004087e+00 -1.351098e+01 -3.886448e+00 -1.251838e+01 -9.600276e+00 1.553710e+00 1.271048e+00 
-6.117201e+00 4.053047e+00 2.087535e+01 -2.476372e+00 -5.388545e-01 -5.276258e+00 -1.721266e+01 -3.199324e+00 -1.090811e+01 -7.183804e+00 -1.057087e+00 6.916164e-01 
-6.604146e+00 8.203032e+00 2.339034e+01 -4.660257e+00 -1.310909e+00 -6.209205e+00 -1.690383e+01 -1.436409e+00 -8.359015e+00 -1.125024e+01 4.892350e-01 2.088242e+00 
-5.966673e+00 7.609074e+00 1.974640e+01 -2.235734e+00 -1.944063e+00 -2.709302e+00 -1.588282e+01 -2.502930e+00 -9.617005e+00 -8.582166e+00 7.388129e-01 1.272890e-01 
-7.468423e+00 7.756502e+00 2.186725e+01 -4.743736e+00 -2.433898e+00 6.024392e-01 -1.671194e+01 -3.460695e+00 -8.199889e+00 -1.237993e+01 2.577984e+00 7.278146e-01 
-7.230001e+00 8.790043e+00 2.076795e+01 -5.928051e+00 -2.468185e-01 5.002522e-01 -1.610144e+01 -2.498294e+00 -1.044330e+01 -1.209482e+01 2.692444e+00 4.333312e+00 
-6.194991e+00 8.880737e+00 1.947036e+01 -8.717703e+00 -1.702511e-01 2.818619e+00 -1.804464e+01 -3.078801e+00 -6.138908e+00 -1.285817e+01 1.580789e+00 5.397123e+00 
-6.849134e+00 1.083011e+01 1.939844e+01 -6.860112e+00 -5.605556e+00 -3.655840e-04 -1.408950e+01 -4.136765e+00 -2.999299e+00 -1.136245e+01 2.995064e+00 -8.060519e-01 
-6.143973e+00 7.164474e+00 1.897757e+01 -4.131799e+00 -7.156047e+00 -1.593598e+00 -9.773024e+00 2.449565e+00 -8.227484e+00 -9.700475e+00 5.937515e+00 -1.505016e+00 
-5.810588e+00 5.866567e+00 1.689172e+01 -1.012669e+01 -4.090896e+00 1.621361e+00 -1.709237e+01 2.865702e-01 -8.373119e+00 -9.957136e+00 3.335651e+00 -3.953715e-01 
-3.459210e+00 6.368671e+00 1.631777e+01 -1.261618e+01 -7.819140e+00 4.067952e+00 -1.610860e+01 8.011225e-02 -9.016678e+00 -1.081341e+01 3.253854e+00 -3.359979e+00 
-6.241463e+00 7.010871e+00 2.092347e+01 -6.126222e+00 -5.579543e+00 6.889051e-01 -1.544798e+01 -2.397027e+00 -1.061960e+01 -1.353269e+01 5.422446e+00 1.715601e-01 
-6.143468e+00 6.261381e+00 2.067707e+01 -3.245831e+00 -6.752595e+00 -2.240127e+00 -1.542697e+01 -4.281178e+00 -8.916113e+00 -1.244251e+01 6.684294e+00 8.564615e-01 
-5.211504e+00 6.920948e+00 1.868938e+01 -2.718461e+00 -7.646373e+00 1.722565e+00 -1.554821e+01 -5.537398e+00 -1.000639e+01 -1.289578e+01 5.277557e+00 2.451005e+00 
-6.183878e+00 6.935613e+00 1.992185e+01 -3.531475e+00 -4.961114e+00 -1.680064e+00 -1.787519e+01 -7.935377e+00 -8.682175e+00 -1.217321e+01 8.506994e+00 1.316361e+00 
-6.821352e+00 6.759240e+00 1.972356e+01 -2.544970e+00 -6.072814e+00 -2.489699e+00 -1.559738e+01 -7.064260e+00 -6.432633e+00 -1.154262e+01 2.620697e+00 -5.122995e-01 
-7.881618e+00 9.259728e+00 1.656562e+01 -4.501284e+00 -7.602199e+00 -1.427544e+00 -1.350668e+01 -6.777929e+00 -6.333294e+00 -1.222789e+01 -1.883988e+00 9.770353e-01 
-1.065478e+01 9.367405e+00 1.446178e+01 -6.017223e-01 -2.652802e+00 -2.317258e+00 -1.046515e+01 -1.413803e+01 -4.083445e+00 -7.546670e+00 2.437562e+00 3.687734e+00 
-1.600966e+01 7.229312e+00 9.631067e+00 -1.863708e+00 1.605524e+00 6.478680e+00 3.764951e+00 -3.800869e+00 3.274706e+00 -8.227201e+00 2.584126e+00 2.129851e-02 
-1.469026e+01 4.570203e+00 1.414968e+00 1.216670e+00 3.990964e-01 -1.415753e+00 -4.122893e+00 1.320999e+00 -6.185316e-01 -7.776464e+00 7.491422e-01 -2.225074e+00 
-1.638345e+01 3.447897e+00 -6.888713e-01 2.461960e+00 -3.747324e+00 -3.560205e+00 -7.399749e+00 -6.253404e+00 -3.456137e+00 -1.967133e+00 -2.090853e+00 -9.901679e-01 
-1.714216e+01 8.899047e-01 -4.839202e+00 -2.576433e-01 -4.363790e+00 -8.486633e-02 -3.096638e+00 -8.112952e+00 -1.601499e+00 -4.600755e+00 -3.297984e+00 -2.025593e+00 
-1.937837e+01 3.048236e-01 -5.938991e+00 -2.952929e+00 -1.515301e-02 4.829933e+00 -6.935309e+00 -8.006335e+00 -6.447963e+00 -3.271617e+00 -2.084153e+00 9.340662e-01 
-2.081597e+01 -1.403335e+00 -2.152179e+00 5.408522e-01 -2.159532e+00 -1.275737e+00 -4.130530e+00 3.899775e-01 1.378063e+00 1.759512e+00 -3.671793e+00 -5.615187e-01 
-1.996331e+01 -2.652059e-01 -6.430810e+00 9.299373e-01 2.383469e+00 1.079475e+00 3.024143e-01 -5.343064e+00 -3.511325e+00 -4.333663e+00 -3.635221e+00 3.345023e+00 
-1.876463e+01 -1.548834e+00 -4.183119e+00 4.528248e+00 1.713574e-01 -7.903493e-01 -3.657021e+00 -6.825353e+00 2.311668e+00 4.120409e-01 -2.578563e+00 3.311968e-01 
-1.928845e+01 -1.494030e+00 -5.996824e+00 1.434804e+00 1.624175e+00 4.904265e-01 -1.532434e+00 -3.237478e+00 -5.710278e+00 4.414368e-01 8.566226e-01 -5.233952e+00 
-2.057653e+01 -3.200090e-01 -3.534327e+00 -1.914159e+00 -6.085505e-01 4.358792e+00 2.254685e+00 -1.494887e+00 -5.671339e+00 -2.220949e+00 2.758886e+00 -1.482880e+00 
-1.990017e+01 1.423656e+00 1.785290e+00 -2.142093e+00 -6.254907e+00 -4.576671e+00 -1.122410e+00 4.803328e+00 -1.340274e+00 -4.247688e+00 8.764437e-01 1.056984e+00 
-1.968549e+01 -1.148617e+00 -2.502090e+00 8.522655e-01 4.398342e-01 -3.347971e+00 -9.496168e-01 2.083004e+00 2.793953e+00 -1.899491e+00 2.033650e-01 3.967163e+00 
-1.823930e+01 -2.734433e+00 -7.887800e+00 -2.274207e+00 2.057146e-01 -5.002122e+00 4.145863e-01 1.806669e-01 -3.143820e-01 -2.361607e+00 -1.441225e+00 6.325013e-01 
-1.939100e+01 -1.490171e+00 -7.707013e+00 -2.324295e+00 -1.714852e+00 -7.505553e-01 7.124389e-01 -1.479198e+00 2.939283e+00 1.304666e+00 4.172091e-01 -8.190728e-01 
-1.895355e+01 -1.411054e+00 -8.220702e+00 -3.332577e+00 -4.104639e+00 -5.451989e-01 -3.873250e+00 2.061966e+00 -5.661026e-01 2.756129e+00 -2.019386e+00 -1.640434e+00 
-1.891920e+01 -1.537255e+00 -6.823974e+00 -1.533421e+00 -1.205875e+00 -1.695293e+00 -5.457025e+00 1.649763e+00 -1.056973e+00 -9.888490e-01 2.981664e+00 1.413758e+00 
-1.893183e+01 -1.946735e+00 -5.757232e+00 -9.603193e-01 -2.878088e+00 2.369586e+00 -4.078024e+00 -4.134625e+00 -3.801984e+00 4.009407e+00 1.529143e+00 2.275743e+00 
-1.817818e+01 1.336434e+00 -6.534811e+00 -4.705264e+00 -8.439042e+00 -3.919333e+00 -1.257016e+00 -1.154000e+00 -5.113323e+00 -2.229167e+00 -8.345886e-01 4.502845e+00 
-1.965366e+01 -2.834777e+00 -7.141809e+00 8.489989e-01 -8.544497e-01 2.845788e-01 -7.629817e-01 7.979013e-01 2.040324e+00 4.680140e+00 6.268658e-01 -2.548774e+00 
-1.938594e+01 -3.980239e+00 -3.330212e+00 1.238810e+00 -2.325918e+00 -2.263708e+00 -1.203078e+00 2.102972e+00 2.099805e+00 4.872692e-01 -3.300497e+00 -1.380536e+00 
-2.042348e+01 -2.495538e+00 -5.371844e+00 2.688079e+00 -9.535947e-01 -3.393511e-01 -1.894726e+00 2.360064e+00 -3.104770e+00 -7.093720e+00 2.052587e+00 5.049984e+00 
-2.002594e+01 -8.892666e-01 -3.602851e+00 -1.778777e+00 -1.197531e+00 3.026432e+00 -4.727663e-01 -2.982169e+00 5.652603e-01 3.287468e+00 1.842371e+00 -3.740171e-01 
-1.913894e+01 2.322674e-01 -5.081710e+00 -4.903436e+00 -5.210940e+00 -1.541373e-01 4.413167e-01 2.622861e+00 1.951103e+00 1.836953e+00 3.454298e+00 -6.412068e-01 
-1.821303e+01 3.326111e-01 -9.717158e-01 1.426933e-01 -2.941403e+00 -3.309993e-01 7.682863e-01 -1.096234e+00 4.978496e+00 3.088335e+00 -1.035591e+00 -2.018041e+00 
-1.963396e+01 -1.658440e+00 -4.576283e+00 4.613656e-01 -4.092789e-01 -2.117797e+00 1.329629e-01 -7.499864e-02 4.048264e+00 4.870423e+00 -1.057645e+00 -2.996434e+00 
-2.020021e+01 -5.878495e-01 -2.759663e+00 -2.551866e+00 -5.103872e-01 1.576163e+00 -9.448436e-01 -4.645956e+00 -3.866371e+00 4.526839e+00 2.297698e+00 6.144004e+00 
-1.973600e+01 -1.687215e-01 8.794096e-01 -1.622708e+00 -1.228452e+00 5.016621e+00 2.968768e+00 -6.756177e+00 -2.091756e+00 2.736532e+00 1.334841e+00 3.349971e+00 
-2.030023e+01 -3.279377e+00 -2.785906e+00 2.102637e+00 1.990815e+00 4.175052e+00 2.891441e+00 -8.273756e-01 -3.596561e+00 -9.774699e-01 2.456824e+00 2.509879e-01 
-8.369574e+00 -7.607495e-01 -5.414125e+00 -1.987112e+00 -1.110712e+01 -9.950329e+00 4.864715e+00 -1.086323e+01 4.525031e+00 -2.130865e+00 3.381714e+00 -1.980280e+00 
-1.073358e+01 -2.319165e+00 -4.679799e+00 -8.301034e+00 -1.165635e+01 -1.524145e+01 3.272353e-01 -6.997936e+00 9.285842e-01 -3.725199e+00 6.914609e+00 -2.003978e+00 
-9.643005e+00 4.379720e-01 4.230291e+00 -1.598753e+00 -5.093143e+00 -1.452123e+01 4.801230e+00 6.392246e-01 -7.335075e-01 -4.864370e+00 8.686221e+00 3.587473e+00 
-8.032388e-01 -4.169734e+00 8.536138e+00 -5.501831e-01 -9.786334e+00 -1.651780e+01 -5.385902e+00 -2.649839e+00 -8.449770e+00 -2.959901e-01 -1.970252e+00 2.109596e+00 
2.605640e-01 -7.988971e+00 1.011268e+01 -2.057162e+00 -1.326524e+01 -1.737657e+01 -8.128151e+00 -2.119241e-01 -8.515996e+00 7.692173e-01 -1.221518e+00 3.478097e+00 
-3.291629e-02 -7.192010e+00 8.614868e+00 -3.391738e+00 -1.306254e+01 -1.742177e+01 -4.920508e+00 -1.294491e+00 -8.140409e+00 2.805122e+00 -3.882566e+00 4.644773e+00 
-2.339578e-01 -7.293511e+00 7.524313e+00 -3.444004e+00 -1.219624e+01 -1.941638e+01 -1.705704e+00 -2.022965e-01 -8.311186e+00 2.950838e+00 -3.922766e+00 6.407808e+00 
-8.759775e-01 -9.227830e+00 8.155610e+00 -4.625414e+00 -1.284952e+01 -1.772783e+01 -4.239838e+00 8.966730e-01 -6.363341e+00 5.640779e-01 -1.379807e+00 4.980713e+00 
-9.037596e-01 -8.626153e+00 7.033952e+00 -4.835200e+00 -1.376735e+01 -2.048541e+01 -2.762986e+00 -2.783199e+00 -5.575373e+00 2.385677e+00 -1.569643e+00 6.654685e+00 
-1.246237e+00 -5.155033e+00 9.103771e+00 -2.806296e+00 -1.669360e+01 -2.098161e+01 -7.425047e+00 -2.260101e+00 -5.447826e+00 3.087387e+00 -1.687173e+00 5.489572e+00 
-5.386279e+00 -1.694934e-01 3.987784e+00 -1.662995e+00 -2.308354e+01 -2.539431e+01 -1.187661e+01 -2.057209e+00 1.679036e-01 6.479297e+00 6.764974e+00 7.827871e+00 
-9.066652e+00 6.718501e-01 8.138013e-01 3.268803e+00 -1.476616e+01 -1.012621e+01 -9.132449e+00 -4.116071e-01 -1.856090e-01 -1.088416e+00 8.002534e+00 1.648655e+00 
-1.189386e+01 -1.359338e+00 -5.455050e-01 1.837319e+00 -1.112774e+01 -1.155388e+01 -5.867527e+00 -2.326056e-01 -1.568692e+00 2.341425e+00 -2.254447e+00 2.501787e+00 
-1.486857e+01 -1.925122e+00 -1.916475e+00 -2.948210e+00 -8.009507e-01 -1.558240e+01 -1.428998e+01 -4.640607e+00 -2.558098e+00 6.042467e+00 -6.981910e+00 8.551593e-01 
-1.520347e+01 3.943611e-01 -1.306075e+00 -7.421849e-01 -6.903767e+00 -9.241406e+00 -3.672295e+00 -3.236408e+00 -4.814385e+00 -3.826978e+00 -4.251628e+00 -3.861806e+00 
-1.593793e+01 2.480738e+00 -2.261040e+00 2.582823e+00 -4.931665e+00 -5.415782e+00 -4.558693e+00 -2.422700e+00 -5.838438e+00 -4.312187e-02 2.220647e+00 -3.071174e+00 
-1.773316e+01 5.556829e-01 -1.045100e+00 -4.314976e-01 -5.772925e+00 -3.245784e+00 -1.450334e+00 -8.369687e+00 -6.071455e+00 -2.868292e+00 -5.026557e-01 1.290840e+00 
-1.780388e+01 2.067400e+00 -3.622776e+00 -1.285525e+00 -7.440721e+00 -3.916877e+00 -3.486615e+00 -8.501620e+00 -4.924149e+00 -1.364674e+00 8.046970e-01 -1.032877e+00 
-1.841508e+01 1.191322e+00 -3.115891e+00 -1.995709e-01 -5.404322e+00 -5.285593e+00 -6.503323e-01 -7.271775e-01 -5.539807e+00 4.088801e-01 -1.019399e+00 -4.070401e+00 
-2.599859e+01 -1.459682e+00 2.782536e+00 -1.102173e+01 4.462078e+00 -1.029963e+01 7.320089e+00 1.092434e+00 -5.861739e+00 7.181639e+00 -5.090255e+00 5.634903e-01 
-2.944863e+01 -2.605530e+00 6.764715e+00 -9.275561e+00 9.081646e+00 -1.127188e+01 1.323657e+01 4.948110e-01 -6.702137e+00 6.949000e+00 -2.529708e+00 -6.172482e-01 
-2.233539e+01 3.456002e+00 -2.093860e+00 -7.605979e+00 1.642826e+00 -1.152440e+01 6.024144e+00 -2.285061e+00 -5.478793e+00 3.395570e+00 -1.604260e+00 -1.515693e+00 
-1.799835e+01 4.775908e+00 -6.100339e+00 -1.525799e+00 -5.545607e-01 -1.017484e+01 5.174978e+00 -7.343091e-01 7.574498e+00 -8.021114e+00 3.203883e+00 -8.331634e+00 
-1.931371e+01 -3.262396e+00 -5.512294e+00 9.996242e-01 -1.870931e+00 6.225818e-01 -3.310481e+00 1.912560e+00 4.127674e+00 -2.260460e+00 8.362432e-01 -4.215975e+00 
-2.019112e+01 -1.652481e-01 -1.812960e+00 2.287743e+00 -2.556112e+00 4.034545e+00 6.427491e-01 -1.181444e-01 1.200736e-01 -1.552113e+00 -1.497896e+00 -2.551118e+00 
-2.068261e+01 9.431641e-01 -3.282687e-01 -3.672550e-01 -5.634024e+00 3.428301e+00 3.661848e+00 1.832330e+00 1.498865e+00 1.161851e-01 -1.178805e+00 -4.247225e+00 
-2.007494e+01 -2.127184e-01 -1.501928e+00 -7.577919e-01 -4.493856e+00 -8.311259e-01 1.896212e+00 1.061055e+00 -9.058180e-01 3.614673e-01 -7.391126e-01 9.379725e-01 
-1.179738e+01 -5.935398e+00 -6.391932e+00 -4.209720e-01 -3.355161e+00 -5.354864e+00 -5.518122e+00 3.511094e+00 1.401058e+00 -5.023677e+00 -5.302703e+00 -2.047468e+00 
-1.358857e+01 -4.814636e+00 -8.458349e+00 -2.805094e-01 -3.715912e+00 -5.513057e+00 -2.777305e+00 1.652616e+00 -1.873455e+00 -7.418972e+00 -9.608898e+00 -3.058674e+00 
-1.816404e+01 6.382735e-01 -4.951465e+00 -3.276682e+00 -5.151551e+00 4.761793e-01 4.102899e+00 -9.254342e-01 -5.457331e+00 -1.971874e+00 -2.700560e+00 -2.496170e+00 
-1.873685e+01 -2.336532e+00 -6.222322e+00 -8.463523e-01 -4.485022e+00 1.190163e-01 -1.500879e-02 2.085856e+00 -3.067169e-01 6.547944e-01 -1.899622e+00 -3.198519e+00 
-1.990471e+01 -2.845027e-01 -3.218435e+00 5.437081e+00 -2.108978e+00 -5.746759e-01 -2.690909e+00 8.153735e-01 -6.753339e+00 -2.969439e+00 1.172643e+00 -2.026895e+00 
-2.046389e+01 -2.654158e+00 -2.710092e+00 3.416525e+00 -2.414196e-01 -2.779065e+00 -2.544847e+00 -3.768064e+00 -5.645695e-01 -1.287866e+00 1.248298e+00 -1.029491e+00 
-1.905912e+01 -3.562269e+00 -4.398412e+00 8.558950e-01 -6.311281e-01 1.873389e+00 1.657071e+00 -3.295944e-01 -3.322759e-02 -1.199678e+00 -1.238221e-01 1.814021e+00 
-1.938342e+01 -2.410632e+00 -4.346411e+00 1.756017e+00 -1.288823e+00 -9.451036e-01 2.167812e+00 2.384668e+00 2.525676e+00 3.091496e+00 -4.214172e-01 -2.614139e+00 
-1.855147e+01 -4.033715e-01 -6.478437e+00 -7.904575e-01 -3.435655e+00 -1.709541e+00 -7.252727e-01 1.209747e+00 9.362493e-01 3.265027e+00 4.784543e+00 2.723664e+00 
-1.928643e+01 -5.457823e-01 -4.038781e+00 -2.150441e+00 -4.015801e+00 -1.632409e+00 1.357309e+00 4.008518e+00 5.744584e-01 2.478606e+00 2.455197e-01 2.158555e+00 
-1.798320e+01 8.872031e-01 -4.969447e+00 -4.353926e+00 -5.468618e+00 -5.049136e-01 -2.470384e+00 -4.274046e+00 -5.734611e-01 1.160215e+00 3.292101e+00 -3.320916e+00 
-1.641477e+01 3.818783e+00 2.134715e+00 5.821085e+00 2.518443e+00 1.868477e+00 -1.530525e+00 -7.692536e-01 3.186711e+00 1.810086e+00 6.503392e+00 8.798416e-03 
-1.593894e+01 3.956949e+00 1.877141e+00 6.556790e+00 1.278149e+00 1.037225e+00 -5.485187e+00 -2.167034e+00 -8.546154e-01 -3.887351e+00 5.261327e-02 -1.264389e+00 
-1.594753e+01 4.246788e+00 1.105778e-01 7.030920e-01 -7.310654e+00 3.828697e+00 6.222240e-01 2.659232e+00 9.736547e-01 -3.154033e+00 -6.028776e-01 -4.773532e+00 
-1.660975e+01 3.428601e+00 -1.578228e+00 1.602851e+00 3.017604e+00 2.970425e+00 1.768766e+00 8.948901e-01 2.877043e+00 -5.493380e+00 -3.131040e+00 -2.430023e+00 
-1.710326e+01 2.123360e+00 -1.690977e+00 3.187253e-01 -2.037809e+00 -1.841056e-01 1.052778e-01 -4.818527e-01 -4.416109e+00 2.167002e-01 -5.995276e-01 -2.372731e+00 
-1.739169e+01 6.155032e-01 -1.575312e+00 1.028660e+00 2.995517e+00 5.128142e+00 2.496213e+00 -4.362109e-01 -3.141563e+00 -1.802136e+00 8.811896e-01 6.223450e-01 
-1.680069e+01 3.344852e+00 2.013704e+00 6.055553e+00 3.880460e+00 4.437397e+00 9.291458e-01 6.165094e+00 3.837015e+00 4.575516e+00 -6.723909e-01 -5.749060e+00 
-1.516508e+01 2.960845e+00 -2.568670e+00 2.933435e+00 -1.098807e-01 4.776383e+00 -3.308094e+00 -2.640212e+00 -6.859780e-03 8.520874e-02 -4.367205e+00 -6.391513e+00 
-1.560858e+01 2.050418e+00 -1.666678e+00 4.524256e+00 3.848627e-01 2.340600e+00 -6.296644e+00 -2.059348e+00 -8.500164e-01 -4.913680e+00 -3.567662e+00 -3.876389e+00 
-1.669411e+01 2.332925e+00 -1.609331e+00 6.110722e+00 1.179986e+00 3.159569e+00 3.883806e+00 -2.126385e+00 -5.806858e+00 -4.265389e+00 -5.510964e+00 -6.015469e+00 
-1.810898e+01 2.342959e+00 -2.285339e+00 7.945560e-01 3.395533e+00 4.140171e+00 1.686188e+00 -2.035814e+00 3.706095e+00 2.670786e+00 -3.706689e+00 3.182001e+00 
-1.470491e+01 3.031085e+00 -1.870306e+00 3.484034e+00 -1.127344e+00 2.175529e+00 -2.675157e+00 -3.904633e+00 1.115305e+00 2.821299e-01 1.735729e+00 3.266376e+00 
-1.485140e+01 4.804467e+00 -6.689458e-01 6.453825e-01 6.602109e-01 -8.861496e-01 -3.952964e+00 -3.870402e+00 -2.907318e+00 -1.382691e+00 -3.816961e+00 -4.526636e-01 
-1.562626e+01 4.030663e+00 1.585063e+00 5.521286e+00 2.840419e+00 9.242298e-01 -1.231240e+00 -5.162636e+00 1.433865e+00 -1.765787e+00 -3.376152e+00 -4.505803e-01 
-1.371789e+01 6.863829e+00 9.872987e-01 2.368681e+00 -3.048401e+00 5.316944e-01 -9.276597e-01 1.214751e-01 2.375441e+00 9.203060e-01 1.418033e+00 -3.879775e+00 
-1.625717e+01 5.232086e+00 2.306754e+00 5.187733e+00 -7.984967e-01 9.478114e-01 -2.773964e+00 -2.564261e+00 -3.563865e-01 -5.418485e-02 -6.014818e-01 8.749512e-01 
-1.529086e+01 4.444387e+00 1.275489e+00 2.158895e+00 1.259498e+00 1.133025e+00 -3.344848e+00 -4.026226e+00 3.122018e+00 2.807651e+00 1.977490e+00 -4.194621e+00 
-1.312840e+01 8.201874e+00 2.802461e+00 4.636408e+00 4.781179e-01 1.812961e+00 -6.971108e+00 -8.918102e+00 2.134758e+00 1.280327e+00 5.842039e+00 -6.854595e-02 
-1.751494e+01 4.653952e+00 3.319065e+00 1.116955e+01 7.030522e+00 6.023752e+00 -1.404988e+00 -2.160616e+00 -2.276135e-01 6.954057e+00 5.503685e+00 -7.677201e+00 
-1.650468e+01 2.334082e+00 -3.959230e-02 6.672572e+00 4.157842e-01 5.528196e-01 -8.574926e-01 -4.844213e+00 -1.639824e+00 -3.661610e-01 -1.748033e+00 -4.733687e+00 
-1.247123e+01 6.016311e+00 1.656017e+00 2.942872e+00 -3.501916e+00 -1.404945e+00 -4.973491e+00 -3.923888e+00 -1.289071e+00 7.050520e-01 -4.377255e+00 -3.538626e+00 
-1.283189e+01 7.559288e+00 1.421669e-01 3.561094e-01 -7.996325e+00 -7.332770e+00 -4.672775e+00 -8.073729e+00 -8.934508e+00 4.329025e-01 7.932510e-01 -3.017007e+00 
-1.198277e+01 7.139002e+00 2.690096e-01 1.965804e+00 -7.853006e+00 -2.773660e+00 -4.138645e+00 -2.329990e+00 -6.664731e+00 -2.669474e+00 1.648628e+00 -1.816477e+00 
-1.397954e+01 4.721491e+00 -2.442313e+00 -5.882931e-01 -1.576441e+00 6.230730e-01 2.270915e+00 -1.245283e+00 -3.140336e+00 -3.028547e+00 3.968298e-01 -1.354754e+00 
-1.332691e+01 5.190791e+00 -3.882779e+00 1.943301e+00 -2.168787e-01 -2.620380e+00 1.289051e+00 2.414977e+00 -4.113186e+00 -4.827072e+00 1.279844e+00 -2.543566e+00 
-1.129730e+01 8.206120e+00 3.053231e+00 5.815641e+00 -1.304038e+00 -9.627898e-01 -1.136729e+00 9.153471e-03 -7.259233e+00 -6.142935e+00 1.263141e-01 -1.242253e+00 
-9.160102e+00 9.027008e+00 8.944752e-01 -1.207853e+00 -4.836937e+00 -2.632022e-01 -8.030772e-01 9.216334e-01 -7.445954e+00 -2.926136e+00 1.715396e-01 -6.027448e+00 
-1.492413e+01 2.141500e+00 -6.922731e-01 7.386613e-01 -1.210292e+00 1.083897e+00 7.568305e-01 -2.971472e+00 -3.594525e-01 -2.071757e+00 -1.144188e+00 2.568975e+00 
-1.394065e+01 6.245557e+00 -4.065126e-01 4.580990e-01 4.854801e-01 1.792328e+00 3.076649e-01 -4.841717e+00 -5.207757e+00 -4.866267e+00 -2.368906e+00 -4.343580e+00 
-1.407400e+01 7.037887e+00 1.229320e+00 2.157806e+00 -1.054703e+00 -1.219731e+00 -3.694730e+00 -3.583001e+00 -4.392500e+00 -2.179170e-01 1.070514e-01 -1.161263e+00 
-1.284149e+01 7.022835e+00 -2.937636e-01 2.365052e+00 1.859767e+00 -4.769105e-01 -3.381603e+00 8.674337e-01 -1.394236e+00 -1.642513e+00 -3.690497e+00 -1.812310e+00 
-1.727097e+01 4.225175e+00 -1.814904e+00 -6.666908e-01 -1.429196e+00 -6.645808e-01 1.802656e+00 1.138075e+00 -4.365826e+00 -4.167718e+00 -1.210351e+00 -3.969879e+00 
-1.789329e+01 2.903726e+00 3.079960e+00 6.434112e+00 4.396799e+00 1.885671e+00 -2.036015e+00 -5.000381e-01 -3.444179e+00 -5.572085e+00 -4.109531e+00 -1.467776e+00 
-1.677745e+01 6.227418e+00 3.705425e+00 5.338358e+00 2.577341e+00 5.209695e+00 1.216497e+00 -3.105901e+00 -5.716214e-01 2.056372e-01 1.024404e+00 1.344747e+00 
-1.762809e+01 3.143393e+00 1.002850e+00 3.041232e+00 -1.418398e+00 1.649855e+00 2.064232e+00 3.664778e+00 5.324538e-01 6.835582e-01 3.065415e+00 1.628343e+00 
-1.672896e+01 7.918766e-01 -1.083007e+00 1.548771e+00 3.424982e+00 4.075813e+00 -6.512396e+00 -4.928009e+00 -4.969220e+00 -1.896014e+00 3.489195e+00 -1.451091e-01 
-1.878787e+01 -6.484417e-01 -3.253912e+00 -2.050629e+00 -1.312382e+00 -2.009715e+00 1.514827e+00 -5.143012e-01 -4.978418e+00 1.196881e+00 1.162593e+00 1.708291e+00 
-1.926976e+01 -2.037816e+00 -4.396954e+00 1.225381e+00 -1.308455e+00 1.902524e-01 -9.061800e-01 2.176070e+00 1.997094e+00 -2.201296e-01 1.801334e+00 7.507315e-01 
-1.853076e+01 9.547421e-01 -2.027766e+00 4.036448e+00 2.538076e+00 -2.081785e-01 3.843710e+00 1.519256e+00 -3.325831e+00 -8.749691e+00 -5.849876e+00 -1.450588e+00 
-2.020173e+01 -1.565043e+00 -3.738441e+00 -2.729350e+00 -6.092937e+00 -3.444754e+00 -1.691810e-02 6.288470e+00 1.277191e+00 9.961665e-01 1.222614e+00 6.533349e-01 
-2.010424e+01 -1.354707e+00 -4.317252e+00 2.533938e-01 -3.754686e+00 -2.881252e+00 -1.446993e+00 5.855586e+00 -6.357013e-01 1.406445e+00 2.644706e+00 -2.482349e-01 
-2.022648e+01 -2.605916e+00 -4.489778e+00 5.165344e-01 2.253472e-01 2.725766e+00 -8.045092e-01 2.342235e+00 -4.689096e-01 1.814827e+00 1.259744e+00 9.486497e-01 
-1.947838e+01 -1.940174e+00 -4.599712e-01 6.413900e-01 -4.959641e+00 3.228989e-01 -2.160598e+00 -3.583714e+00 4.905218e+00 6.210625e+00 -9.845029e-01 1.822875e+00 
-2.049268e+01 -1.516415e+00 -1.184578e+00 1.805742e+00 -2.210577e+00 7.802837e-01 1.360173e+00 4.377932e+00 1.430688e-01 3.421861e-01 3.410748e+00 -5.243848e+00 
-2.005928e+01 -1.271345e+00 -5.511322e+00 1.212677e+00 1.090236e-01 3.094720e+00 -2.293772e+00 2.494862e-01 5.355003e+00 9.035535e-01 -2.914125e+00 -2.479560e-02 
-1.849641e+01 3.698309e-02 -1.597181e+00 2.287017e+00 3.583586e-01 7.409811e-01 -2.632193e-01 7.351437e-01 -7.093968e-02 2.688543e-01 1.031383e+00 1.158287e+00 
-1.904599e+01 5.120720e-01 6.879306e-01 6.373136e+00 1.954004e+00 -3.427559e+00 -4.965376e+00 4.347979e+00 1.325021e+00 -2.649245e+00 2.410203e+00 -1.359944e-01 
-1.746999e+01 1.319067e+00 2.937949e-01 3.627037e+00 8.506478e-01 1.465282e-01 -1.750096e+00 7.076873e-01 -3.232735e-01 -8.510358e-01 4.906308e-01 2.929153e-01 
-1.989663e+01 5.645595e-01 -4.140839e+00 9.077972e-01 -2.697958e+00 -1.644200e+00 -5.064661e+00 -1.793699e+00 3.649681e+00 6.230222e+00 3.033589e+00 2.406734e+00 
-1.969508e+01 -3.427793e-01 -6.649505e+00 -1.768252e+00 -3.183866e+00 -2.494120e+00 -1.910478e+00 1.077814e+00 3.003976e+00 -1.908341e+00 -2.860198e-01 1.309850e+00 
-2.047702e+01 1.231073e+00 -2.109898e+00 -2.195084e+00 -4.423669e+00 1.181171e+00 -9.348197e-01 2.787255e-01 4.180911e-01 3.633638e-01 8.499698e-02 -1.069335e+00 
-2.111955e+01 -1.463927e+00 -2.149263e+00 1.606118e+00 -1.296676e+00 2.445243e+00 -6.221699e-01 -3.394015e+00 -1.113694e+00 -4.205017e+00 -2.091132e+00 4.975505e+00 
-2.048511e+01 -2.252783e+00 -3.509541e+00 3.149755e+00 -2.973727e-01 -6.619756e-02 -1.834105e+00 1.342037e+00 -6.818026e-02 1.916291e+00 8.723033e-02 4.335656e+00 
-1.808827e+01 -1.093042e+00 -4.238036e+00 4.052781e+00 -4.396675e+00 4.866779e+00 -8.980654e-01 -6.130729e-01 2.812963e+00 1.641297e+00 6.896790e-01 -4.564415e+00 
-2.032902e+01 -1.246259e+00 -2.194946e+00 -3.603589e-01 -1.672150e+00 3.385560e+00 -4.174922e+00 -2.572462e+00 1.934240e+00 -3.061048e-01 -3.029143e+00 -3.763107e+00 
-1.847166e+01 2.385412e+00 -2.373789e+00 -1.461194e+00 -2.241989e+00 1.615957e+00 -1.547709e+00 -5.516716e+00 1.220776e+00 9.509663e-01 -1.749149e+00 -5.534457e-01 
-1.965063e+01 5.456485e-01 -1.564134e+00 -1.037628e+00 -7.261572e+00 -2.091610e-01 -1.687084e-01 -3.190767e+00 -2.656211e+00 3.025118e+00 -3.447061e+00 -1.947728e+00 
-1.952384e+01 -1.152476e+00 -3.450251e+00 -2.418663e+00 -2.091308e+00 -3.250697e+00 -3.075635e+00 -1.457090e+00 -7.584532e-02 3.983488e+00 -1.298569e+00 1.631207e+00 
-1.840852e+01 -7.406807e-01 -6.992126e+00 -2.893767e+00 -2.401995e+00 -5.385323e+00 -2.278498e+00 3.671910e+00 -8.662663e-01 -8.589379e-01 -1.379249e+00 1.313236e+00 
-1.993451e+01 -2.910637e-01 -4.211792e+00 -1.206038e+00 -2.010323e+00 -1.834327e+00 1.462798e+00 4.259905e+00 -3.004511e+00 -2.306925e+00 1.590281e+00 -1.604738e-01 
-2.043661e+01 -9.714713e-01 -4.703612e+00 -1.919489e-01 -1.721723e+00 -3.885926e+00 -4.354874e+00 -8.947686e-01 1.986976e+00 3.474275e+00 -3.017139e+00 -1.847206e+00 
-2.021132e+01 -1.837901e+00 -7.085435e+00 -9.000692e-01 4.276337e-02 2.067446e+00 -9.686627e+00 -3.144768e+00 3.898837e-01 -4.818482e-01 -2.661756e+00 8.621907e-01 
-1.974560e+01 -1.079534e+00 -4.980625e+00 2.991258e-01 -4.331396e+00 -6.175307e+00 -1.031717e+00 -1.489539e+00 -9.692847e-01 3.439189e+00 -1.930562e-01 1.127055e-01 
-1.827011e+01 3.611705e-01 -5.395172e+00 -5.000956e-01 -1.307964e+00 -5.383358e+00 6.297175e+00 -9.878351e-01 3.440271e+00 3.775876e-01 -4.359341e-01 1.883293e+00 
-1.917480e+01 -2.006555e+00 -5.964748e+00 -1.780955e+00 -2.507030e+00 1.440569e+00 2.876171e-01 3.245087e+00 4.859534e+00 -1.866618e+00 -1.483938e+00 1.199972e-01 
-1.955466e+01 -2.094935e+00 -4.692920e+00 8.733167e-01 -5.033264e+00 -4.790379e+00 -3.468476e+00 1.843741e+00 5.989866e-01 4.206012e+00 5.041100e+00 4.328625e+00 
-2.061947e+01 -1.428421e+00 -2.418500e+00 2.771558e+00 -2.746549e+00 8.451332e-01 -1.442219e+00 -3.106614e+00 2.289899e+00 -9.689356e-01 -3.694405e+00 -3.341228e+00 
-1.954708e+01 -1.436526e+00 -3.196565e+00 2.451071e+00 1.236430e+00 3.686225e+00 9.143533e-02 -3.135485e-01 6.998588e-01 -1.392806e+00 -1.165405e+00 7.559398e-01 
-2.011181e+01 -1.735627e+00 -2.835477e+00 -2.205246e+00 2.607772e+00 6.801453e+00 4.291921e+00 -4.807830e-01 -3.339934e+00 -5.127669e+00 -4.431925e-01 3.818204e+00 
