-1.697039e+01 -2.019085e+00 8.636414e+00 -5.282642e+00 3.723860e+00 -3.195494e+00 -2.545515e+00 -5.919758e+00 3.797209e+00 -5.655328e+00 -3.494926e-01 2.992768e+00 
-1.531258e+01 2.947630e+00 7.735536e+00 -7.919905e+00 4.482992e+00 -1.317900e+00 6.598131e-01 2.387214e+00 1.408717e+01 -9.095467e+00 -2.846515e+00 1.547927e+00 
-1.173586e+01 9.157013e-01 3.883340e+00 -1.426399e+01 6.934536e+00 1.435183e+00 -4.287424e+00 -4.800273e+00 1.027964e+01 -8.936580e+00 -5.574903e+00 4.621783e+00 
-1.706126e+01 5.318969e-01 8.261497e+00 -1.248501e+01 7.551183e+00 -3.719076e+00 -7.896113e+00 -4.658755e+00 7.935405e+00 -7.896112e+00 -3.188454e+00 2.546922e+00 
-1.881394e+01 2.646811e+00 7.978827e+00 -1.250311e+01 7.243651e+00 -2.340732e+00 -6.423261e+00 -5.607830e-01 6.244062e+00 -4.786747e+00 -3.187834e+00 -1.631037e+00 
-9.769535e+00 2.777272e+00 -1.179376e+00 -1.766497e+01 2.817097e+00 -8.925602e+00 -4.633290e+00 -4.393841e+00 7.195099e+00 -6.464206e+00 -1.510970e+00 -1.727674e+00 
-9.045681e+00 1.989316e+00 4.001268e-01 -1.681348e+01 7.741955e+00 -7.721635e+00 -2.918332e+00 -1.284767e+00 5.665922e+00 -4.966338e+00 -1.202943e-01 1.078863e+00 
-8.175992e+00 7.530142e+00 1.070897e+01 -9.476746e+00 5.713514e+00 -9.310403e+00 -4.961189e+00 1.622674e+00 6.607277e-01 -1.416010e+01 -1.851980e+00 -3.257543e+00 
-8.126790e+00 4.059146e+00 2.168565e+01 -7.330831e+00 5.502556e+00 -8.224490e+00 -1.502096e+01 -1.351499e+00 -8.560790e+00 -1.042434e+01 2.121203e+00 1.337397e+00 
-7.289460e+00 6.683430e-01 2.372638e+01 -3.264315e+00 1.477733e+00 -6.029233e+00 -1.526531e+01 -2.871663e+00 -8.273621e+00 -1.154858e+01 2.756144e+00 1.762535e+00 
-7.217650e+00 6.647523e-01 2.466556e+01 -3.154373e+00 -4.607205e-02 -5.062274e+00 -1.982671e+01 5.799875e-01 -1.136280e+01 -8.324625e+00 2.055231e+00 1.289707e+00 
-6.495127e+00 5.450628e-01 2.538410e+01 -2.703292e+00 -4.949018e-01 -6.942121e+00 -1.906445e+01 1.771382e+00 -1.181932e+01 -9.659755e+00 1.975631e+00 1.204365e+00 
-6.230496e+00 1.712036e+00 2.157830e+01 1.826068e+00 -1.574230e+00 -9.594273e+00 -1.609225e+01 -2.631486e+00 -7.182799e+00 -8.511437e+00 4.288365e+00 2.045856e+00 
-6.534134e+00 6.257444e+00 1.473163e+01 4.229419e+00 -4.678834e+00 -7.698205e+00 -8.359215e+00 3.173745e-01 -2.956763e+00 -5.137743e+00 1.568339e+00 3.135526e+00 
-7.202136e+00 1.147431e+01 1.248375e+01 6.804698e+00 -4.229609e+00 -4.074138e+00 -3.588055e+00 1.902387e-01 -2.916643e+00 -9.240872e+00 -7.881133e+00 2.612497e+00 
-9.004900e+00 6.351201e+00 7.801348e+00 1.198512e+01 -4.273541e+00 -6.465265e-01 3.411472e+00 -3.068695e+00 -3.840653e+00 -3.924907e+00 -4.353648e+00 8.331934e-01 
-1.347568e+01 -5.018904e+00 8.845508e-01 1.693051e+00 -7.512715e+00 -1.320167e+01 7.223189e+00 -7.234262e+00 -6.726707e+00 5.841813e+00 3.817270e+00 -5.851982e+00 
-1.065784e+01 -5.999668e-01 4.633712e+00 8.872582e-01 -1.791521e+00 -1.429434e+01 7.002644e+00 -3.933908e+00 -4.972016e+00 5.897182e+00 6.596454e+00 -4.825376e+00 
1.078078e+00 -1.953256e+00 4.656908e+00 -6.505795e-01 -7.286321e+00 -1.370362e+01 -5.099985e+00 3.308934e-01 3.659567e-01 7.295113e-01 -3.903766e-01 2.070329e+00 
1.316556e+00 -7.192465e+00 4.806335e+00 -1.508402e+00 -7.888323e+00 -1.343958e+01 -8.211435e+00 4.252543e+00 3.182359e-01 2.722818e+00 -1.829989e+00 -2.177912e+00 
2.069222e+00 -1.118730e+01 2.747803e+00 -1.538263e+00 -9.544719e+00 -1.102939e+01 -8.235691e+00 7.850602e+00 4.265549e+00 2.785409e+00 -3.434067e+00 -1.713869e+00 
1.954859e+00 -1.182764e+01 4.040319e+00 -2.004275e+00 -8.688221e+00 -9.669520e+00 -7.202134e+00 7.947248e+00 1.589805e+00 5.470323e-01 -5.297078e+00 -3.902623e+00 
7.642456e-01 -1.100099e+01 5.586916e+00 -3.842079e+00 -6.651864e+00 -1.055627e+01 -4.745135e+00 6.147787e+00 -1.077914e+00 5.968441e+00 -7.524947e+00 -4.452321e+00 
1.174267e+00 -1.025412e+01 4.358054e+00 -1.576721e+00 -6.400536e+00 -1.093161e+01 -6.975749e+00 7.624231e+00 -2.629474e+00 5.425818e+00 -6.336523e+00 -5.417117e+00 
1.669839e+00 -1.015279e+01 5.360888e+00 -8.329121e-01 -8.117883e+00 -1.166652e+01 -6.952841e+00 7.295174e+00 -1.507402e+00 2.908877e-01 -4.461123e+00 -2.692784e+00 
6.786953e-01 -7.969250e+00 6.270936e+00 4.873027e-01 -7.790957e+00 -1.356214e+01 -8.277913e+00 1.062199e+01 -6.115204e+00 -1.172796e+00 -3.486721e+00 -5.532894e-01 
5.466019e-01 -6.007938e+00 6.120430e+00 4.724387e+00 -9.762009e+00 -1.599575e+01 -9.512252e+00 9.229823e+00 -6.454318e+00 -4.997633e+00 5.403542e-01 -8.130784e-01 
-2.333743e+00 -5.664030e+00 1.332799e+01 7.602346e+00 -1.227728e+01 -8.067686e+00 -8.213232e+00 1.377319e+00 -5.009180e+00 -8.592325e+00 -7.255016e-01 -2.435818e+00 
-5.945033e+00 3.878706e-01 1.251396e+01 8.413116e+00 -7.870512e+00 -4.452180e+00 -4.176477e+00 -1.466841e+00 -4.725389e+00 -1.852911e-01 2.668801e+00 5.865820e-01 
-7.683524e+00 5.592369e+00 7.695617e+00 5.351466e+00 -5.439945e+00 -3.218024e+00 -2.196055e+00 3.788009e+00 -7.489365e-01 -2.429928e+00 3.686565e+00 2.040836e+00 
-7.984501e+00 3.512964e+00 9.582604e+00 6.355879e+00 -3.432481e+00 -5.983137e-01 -5.465615e+00 -2.339821e+00 -4.376140e+00 -1.248869e+00 5.003994e-01 2.707878e+00 
-4.859917e+00 6.703487e+00 1.499057e+01 4.647020e+00 -7.098319e+00 -4.868522e+00 -1.026013e+01 -3.185476e+00 -7.733912e+00 -3.262398e+00 -2.323385e+00 1.574596e+00 
-4.853712e+00 9.505817e+00 1.697250e+01 -1.681234e+00 -5.452610e+00 -6.680780e+00 -1.222708e+01 -4.462011e+00 -7.178154e+00 -1.039400e+01 -3.930870e+00 2.387849e+00 
-5.624108e+00 1.101031e+01 1.721417e+01 -4.948291e+00 -4.741765e+00 -5.780509e+00 -1.109740e+01 -4.709955e+00 -9.331503e+00 -6.952422e+00 -2.400198e+00 2.857539e+00 
-7.485826e+00 1.282481e+01 2.328134e+01 -6.009711e+00 -6.094587e+00 -4.310696e+00 -1.551955e+01 -3.253646e+00 -3.732120e+00 -9.118577e+00 -5.449153e+00 2.059347e+00 
-8.456580e+00 1.300155e+01 2.596509e+01 -5.314313e+00 -6.476923e+00 -5.173118e+00 -1.569607e+01 -1.720825e+00 -7.125788e+00 -5.515701e+00 -1.599243e+00 -2.337613e+00 
-8.112605e+00 9.320298e+00 2.129024e+01 1.355079e+00 -7.308090e+00 -1.326912e+00 -1.118050e+01 -7.191116e+00 -9.738607e+00 -9.624126e+00 5.072595e+00 -1.455021e+00 
-7.218980e+00 1.008312e+01 2.056899e+01 2.582092e+00 -9.867685e+00 -3.169360e+00 -8.321034e+00 -5.764721e+00 -8.675236e+00 -9.145059e+00 1.280293e+00 -7.986457e-01 
-8.316507e+00 1.233288e+01 2.055982e+01 -1.452300e+00 -1.821205e+00 -7.696853e+00 -1.020623e+01 -1.367319e+00 -1.150259e+01 -1.125536e+01 4.087662e+00 1.218484e+00 
-6.896283e+00 1.146394e+01 1.764303e+01 -1.479446e+00 -1.990605e+00 -3.151787e+00 -1.075378e+01 -4.386650e+00 -1.258834e+01 -8.073776e+00 1.882093e+00 9.596366e-01 
-6.650270e+00 1.431813e+01 1.562280e+01 -9.491887e-01 2.240021e-02 -8.109905e-01 -1.562421e+01 -6.321876e+00 -1.137927e+01 -7.418489e+00 1.014857e+00 2.237246e+00 
-7.588221e+00 1.220881e+01 2.073245e+01 6.465610e-01 -2.034142e+00 -2.020815e+00 -1.143204e+01 -8.228049e+00 -1.358837e+01 -8.959691e+00 5.119364e+00 2.167907e+00 
-8.705695e+00 1.089940e+01 2.263022e+01 -6.107649e-01 -4.629360e+00 -4.984773e+00 -7.778878e+00 -4.040622e+00 -1.088982e+01 -7.704486e+00 1.081448e+00 -1.876080e+00 
-8.216330e+00 9.054587e+00 1.677128e+01 4.918271e-01 2.401910e+00 -1.103421e+00 -8.580210e+00 -6.068179e+00 -9.881348e+00 -8.339551e+00 -7.846596e-01 5.194248e-03 
-8.234060e+00 9.146350e+00 1.051153e+01 -1.094633e-01 1.651486e+00 2.226548e-01 -3.663966e+00 -7.257848e+00 -1.010348e+01 -1.013401e+01 -2.280333e+00 4.566562e+00 
-1.094197e+01 9.238910e+00 1.185044e+01 7.164839e+00 1.533144e+00 -5.410892e-01 -4.210615e+00 -6.415933e+00 -5.981755e+00 -2.895514e+00 3.201380e-01 2.183594e+00 
-1.500185e+01 5.641442e+00 2.359401e+00 3.297849e+00 2.006513e+00 4.013439e+00 4.576189e+00 -1.331939e+00 7.839479e-03 -6.999878e-01 -5.489570e-01 -1.587739e+00 
-1.823370e+01 1.004671e+00 -2.639661e+00 -1.450038e+00 -3.551219e+00 -4.471555e+00 -3.874181e+00 -3.988847e+00 3.110566e-01 -5.007744e+00 1.352308e-01 1.888351e+00 
-1.887467e+01 -1.738722e-01 -2.318689e+00 -1.413390e+00 -3.408337e+00 -2.807990e+00 -2.280051e+00 -1.633959e+00 4.035421e-01 -8.418994e+00 -3.565392e+00 -4.597904e-01 
-2.122176e+01 2.195073e-01 -2.494549e+00 3.710261e-01 3.324900e+00 1.560446e+00 -1.788006e-01 -1.788420e+00 -1.591863e+00 -8.356884e+00 -6.288205e+00 -5.967757e+00 
-2.107992e+01 -1.956847e+00 -4.070276e+00 6.845658e-01 1.368098e+00 2.999169e+00 -1.228977e+00 -4.399752e-01 -2.068227e+00 -3.835353e+00 -7.179291e+00 -3.853991e+00 
-2.021067e+01 -3.893133e-01 -2.477287e+00 -1.762220e+00 -2.388234e-01 -3.284124e-01 -5.222610e+00 -2.604160e+00 -4.094008e-01 2.384822e+00 -5.072526e+00 -2.588617e+00 
-1.943673e+01 -1.624509e+00 -4.756453e+00 9.207386e-01 -7.098176e-01 1.702381e+00 -8.453794e-01 -4.831208e-01 8.811725e-01 -5.598786e-01 -9.148966e-02 7.359293e-01 
-1.891855e+01 -1.336057e+00 -1.472296e+00 3.375457e-01 -1.327651e+00 -4.587356e+00 -3.691815e+00 -4.295756e+00 -4.588983e+00 -1.037502e+00 1.603339e+00 1.737749e+00 
-1.948593e+01 -3.581940e-01 -4.821187e+00 -3.441671e+00 -1.328838e+00 -4.442132e-01 -4.505527e-01 -4.386938e+00 -3.795044e+00 -1.084205e+00 -2.707137e+00 -3.449561e+00 
-1.866500e+01 -5.353345e-01 -9.387072e+00 -4.519832e+00 -1.242160e+00 9.466887e+00 3.299627e+00 3.004038e-01 -2.847901e-02 2.918506e-01 -7.292341e+00 -7.565711e+00 
-1.973638e+01 3.443834e-01 7.583201e-01 8.323985e+00 -6.634449e+00 -3.440613e+00 3.873676e+00 -3.380782e+00 1.110486e+00 2.062715e+00 -2.496213e+00 -1.328264e+00 
-2.071733e+01 1.353257e-01 -3.685650e+00 1.778561e+00 -4.659440e+00 -3.693843e+00 1.546489e+00 1.853488e-01 3.498215e+00 2.882186e+00 8.767182e-01 -5.956463e-01 
-2.118852e+01 -2.183060e+00 -6.625639e+00 -1.193958e+00 -1.779251e+00 1.570359e+00 2.554442e+00 1.989124e+00 4.087335e+00 6.287658e+00 3.396509e-01 1.477646e+00 
-1.951918e+01 -6.382675e-01 -6.054364e+00 -3.858367e+00 -7.455720e+00 3.940894e+00 1.132797e+00 -2.972624e+00 -1.377753e+00 2.826816e+00 7.890653e-01 1.148517e+00 
-1.989773e+01 -3.841268e-01 -3.929480e+00 -2.887887e+00 1.284190e+00 4.935339e+00 -1.188551e+00 8.894855e-01 1.045028e+00 2.176343e+00 -4.139007e+00 -3.346022e-01 
-1.977007e+01 -1.434602e+00 -5.238180e+00 1.053303e+00 8.246735e-01 4.885774e+00 -5.277859e+00 -7.338674e+00 -1.115922e+00 9.808413e-01 1.732495e+00 3.421043e+00 
-1.987290e+01 1.034593e+00 -4.767242e+00 -1.635990e+00 -2.227685e+00 -1.676117e+00 -3.519780e+00 -2.841173e+00 -2.701689e+00 -1.491533e+00 1.277196e+00 1.015799e+00 
-1.979533e+01 -9.566416e-01 -6.474054e+00 -1.317021e+00 -4.711289e+00 5.173248e+00 2.294369e+00 -2.277116e+00 1.499854e+00 2.049716e+00 3.538206e+00 1.997224e+00 
-1.955951e+01 -2.476807e-01 -4.768860e+00 1.658665e+00 4.842372e+00 8.219348e-01 -6.724463e-01 -2.365133e+00 1.825031e+00 2.926481e+00 2.965210e+00 -3.513880e+00 
-2.047131e+01 -2.160319e+00 -2.635345e+00 -6.442453e-01 8.883962e-01 1.412654e+00 -4.454967e+00 -4.326821e+00 7.236516e-01 1.546574e+00 1.734973e+00 6.019560e-01 
-2.014595e+01 -6.765682e-01 -9.269143e-01 1.814545e-01 -1.282531e+00 -8.393775e-01 -6.430448e+00 -5.446752e-01 -3.213526e+00 1.923088e+00 3.660238e+00 -4.647790e+00 
-1.895889e+01 -7.555632e-01 -5.260837e+00 7.844401e+00 4.036933e+00 -7.247930e-02 -6.227869e+00 -5.036423e+00 -6.839463e+00 3.086813e+00 1.224232e+00 3.293030e-01 
-1.822927e+01 2.318063e+00 2.226157e+00 5.035212e+00 -5.097979e+00 -4.897810e+00 3.288398e+00 3.866534e+00 -3.281518e+00 5.480225e+00 -4.325463e+00 3.288011e+00 
-1.882857e+01 -2.278014e+00 -6.636968e+00 2.080338e+00 -2.849477e+00 -5.159601e+00 1.780959e+00 8.154346e+00 2.311952e+00 7.086425e+00 6.230514e-01 -2.376519e+00 
-1.478022e+01 -6.207022e+00 -2.596176e-01 -9.003254e-01 2.242405e+00 4.790250e+00 2.281343e+00 -2.889497e+00 -1.354526e+00 -3.556579e+00 -1.843617e+00 1.523454e+00 
-1.427977e+01 -8.872108e+00 -3.987951e-01 -2.950323e+00 3.548524e+00 -1.264731e+00 1.629587e+00 -5.714385e+00 3.970778e+00 -1.215648e+00 5.097683e+00 6.725823e+00 
-7.379000e+00 -1.225145e+00 8.638571e+00 2.759900e+00 -5.343767e+00 -1.158812e+01 -2.524853e+00 -5.125016e+00 -3.190299e+00 -3.092919e+00 1.900677e+00 2.957312e-01 
-2.067339e+00 -7.719897e+00 1.582725e+01 -3.506370e+00 -7.937401e+00 -1.630801e+01 -8.794467e+00 9.700240e-01 -1.073230e+01 2.884112e+00 -1.301594e+00 2.502997e+00 
-2.393584e+00 -7.281035e+00 1.339974e+01 -4.209007e+00 -1.311240e+01 -2.006185e+01 -9.190641e+00 -3.169368e+00 -9.808710e+00 3.519659e+00 -1.197526e+00 4.296105e+00 
-3.360790e+00 -8.408112e+00 1.485301e+01 -6.686106e+00 -1.305659e+01 -1.961306e+01 -9.155605e+00 -5.067224e-03 -1.035560e+01 4.399795e+00 -2.383472e+00 5.036567e+00 
-3.381624e+00 -8.536978e+00 1.378544e+01 -7.846158e+00 -1.207265e+01 -1.862898e+01 -7.243907e+00 -1.727599e-01 -1.064023e+01 3.755581e+00 -1.453051e+00 3.336643e+00 
-2.806708e+00 -8.873304e+00 1.189252e+01 -8.053374e+00 -1.188030e+01 -1.903271e+01 -4.458560e+00 -1.264344e+00 -8.220410e+00 2.331378e+00 -2.795100e+00 3.958819e+00 
-3.591732e+00 -6.941915e+00 1.060540e+01 -8.823424e+00 -1.401085e+01 -1.906154e+01 -5.608903e+00 -4.106362e-01 -7.594972e+00 2.166714e+00 -1.885740e+00 5.380442e+00 
-5.622778e+00 -3.745806e+00 3.713414e+00 -3.789596e+00 -1.512382e+01 -1.936344e+01 -5.051923e+00 -7.661561e-01 -5.694585e+00 1.063655e+00 4.820786e+00 5.686353e+00 
-6.281915e+00 -3.277022e+00 1.456365e+00 -7.293037e-01 -1.571078e+01 -1.924178e+01 -3.959524e+00 6.674293e-01 -7.411268e+00 2.297194e+00 3.797447e+00 8.713774e+00 
-1.107584e+01 -1.174875e+00 1.442180e-02 -4.709615e-01 -1.819597e+01 -1.304036e+01 -5.843373e+00 -5.089348e+00 -3.067407e+00 1.710276e+00 7.966998e+00 1.014042e+01 
-1.359670e+01 -3.761765e+00 -3.818354e+00 -9.623094e-01 -1.284405e+01 -1.187244e+01 -6.534208e+00 -3.416736e+00 -4.854163e-01 4.917380e+00 6.761848e+00 6.032111e+00 
-1.587641e+01 -3.797382e-01 -3.495224e+00 -2.580229e+00 -9.082036e+00 -1.045805e+01 -3.994111e+00 -4.735842e+00 -1.873543e+00 8.903240e-01 3.192550e+00 5.395188e-01 
-1.689149e+01 -5.014225e-01 -2.523679e+00 -1.238749e+00 -8.235829e+00 -1.066622e+01 -6.681089e+00 -4.109655e+00 -3.868526e+00 4.449596e-01 1.291443e+00 -5.143838e-01 
-1.539458e+01 -1.415052e+00 -6.508579e+00 9.311447e-01 -3.806505e+00 -1.097622e+01 -4.661139e+00 1.042509e+00 -1.129436e+00 2.249256e-01 2.531592e+00 2.684033e+00 
-1.659938e+01 -2.991472e-01 -1.902236e+00 -2.597421e+00 -7.264553e+00 -6.695199e+00 -6.359927e+00 -3.287299e+00 -2.190696e+00 -4.637972e+00 5.759729e-01 3.941249e+00 
-1.729753e+01 3.511658e-01 -4.193809e+00 -9.939801e-01 -8.864745e+00 -4.941967e+00 -2.877906e+00 -1.569240e+00 -2.478710e+00 -1.712048e+00 2.690330e-01 1.204679e+00 
-2.142212e+01 -1.095481e+00 -1.222186e-03 -3.430813e+00 3.130566e+00 -1.103885e+01 2.176684e+00 -1.150728e+00 -1.045315e+01 2.188862e+00 -6.182588e+00 6.295979e+00 
-2.697979e+01 -1.945676e+00 1.111248e+01 -7.566099e+00 6.955513e+00 -1.788191e+01 9.609668e+00 3.029926e-01 -4.955516e-01 1.739288e+01 -2.137858e+00 2.408556e+00 
-1.778024e+01 -5.650066e+00 -4.759361e-01 -7.565194e+00 1.974849e+00 -1.571909e+01 7.512459e+00 4.631362e+00 -2.350751e+00 7.697898e+00 -1.233068e+01 -2.798206e+00 
-1.666853e+01 -6.694557e+00 -3.680794e+00 -2.801018e+00 -8.735321e+00 -8.295682e+00 2.119835e-01 5.940113e+00 1.580515e+00 -2.391891e+00 -7.751357e+00 -1.042119e+01 
-1.843583e+01 -4.806255e+00 -6.603522e+00 2.486627e+00 -4.695062e+00 -6.433409e+00 -2.285441e+00 6.635045e+00 3.494866e-01 -6.684826e-02 2.746233e+00 3.792843e+00 
-1.598058e+01 -5.584636e+00 -8.249376e+00 2.916444e+00 -1.385437e+00 -3.543347e+00 -1.340373e+00 1.497839e+00 -3.677220e+00 -4.923486e+00 -2.126399e+00 8.269182e-01 
-1.707545e+01 -5.845958e+00 -7.632248e+00 -8.338170e-01 -2.327821e+00 -2.499338e+00 -2.070735e+00 3.400274e+00 4.184888e+00 -3.993277e+00 -3.389776e+00 -4.215123e-01 
-1.708963e+01 -4.850142e+00 -8.658278e+00 -2.453546e+00 -1.873055e+00 -5.663221e-01 -1.473329e+00 3.294998e+00 -4.513390e+00 -5.450702e+00 -2.550415e+00 -1.039609e+00 
-1.640523e+01 -1.480882e+00 -7.220650e+00 -3.519490e+00 -2.582316e+00 1.259454e+00 6.947395e+00 1.059479e+00 -5.462739e+00 -7.407416e+00 -3.762379e+00 -2.866918e+00 
-1.750941e+01 -1.612939e+00 -6.642901e+00 1.711601e+00 1.380763e+00 4.321189e+00 2.444394e+00 2.975433e+00 -6.447138e+00 -1.123033e+01 -3.692690e+00 -8.679855e-01 
-1.829576e+01 -7.647394e-01 -3.911678e+00 -5.200367e-02 -3.718100e-01 4.678504e+00 8.606206e+00 3.820800e+00 -5.791294e+00 -9.022764e+00 -4.099052e+00 -1.441529e+00 
-1.886093e+01 7.557163e-01 2.413345e+00 6.424197e+00 -4.363244e-01 -6.668164e+00 -4.447134e-01 6.127365e+00 -2.425921e+00 -5.767303e-01 4.306329e+00 -6.859448e+00 
-1.943318e+01 -1.446172e+00 -2.709249e+00 -4.628417e+00 -5.036092e-01 2.349874e+00 -1.457159e+00 2.074265e+00 -4.234667e+00 -7.924311e-01 1.828820e+00 2.584573e+00 
-1.884984e+01 -1.212777e+00 -4.971693e+00 -4.468706e+00 -1.444014e+00 -3.638421e+00 -5.053523e-01 3.095378e+00 7.519462e-01 3.170108e+00 -1.610083e+00 -1.246060e+00 
-1.870268e+01 1.927767e-01 -3.650046e+00 -2.620496e+00 -3.459394e+00 -1.681524e+00 2.538721e+00 -1.143695e-01 2.542954e+00 -3.775041e-03 3.644291e-01 1.339594e+00 
-1.936448e+01 -8.505169e-01 -4.830358e+00 -4.199958e+00 -3.752282e+00 -1.146227e+00 -1.162049e+00 -9.767069e-01 3.768070e+00 -6.128409e-01 -8.627108e-01 1.024270e+00 
-2.061360e+01 -1.813618e+00 -4.558476e+00 -7.057769e-01 -5.348912e+00 1.529356e+00 3.151399e+00 -2.121662e-01 6.864884e-01 8.729908e-01 -2.947796e+00 -2.285530e+00 
-2.057105e+01 -3.716283e+00 -7.352815e+00 1.888052e+00 -1.666450e+00 3.529959e+00 -6.710987e-01 -2.308469e+00 3.505817e+00 2.295268e+00 -2.748951e+00 3.151214e+00 
-2.061715e+01 -4.529374e+00 -6.669334e+00 2.158157e+00 1.688438e-01 3.233474e+00 6.723901e-01 5.443938e+00 3.660804e+00 -5.549885e+00 -3.665276e-01 3.628748e-01 
-1.944028e+01 -8.800403e-01 -3.878232e+00 -5.290854e-02 -1.265116e+00 -1.908169e+00 -3.702146e+00 1.150085e+00 -1.850738e+00 4.464040e-01 -2.250599e+00 -1.371248e+00 
-2.125146e+01 -2.129998e+00 -3.141347e+00 -2.436806e+00 -8.313262e-01 -8.109905e-01 -3.256562e+00 -3.747519e+00 -2.467824e-02 1.892964e-01 -2.571787e+00 3.737936e+00 
-1.963531e+01 -4.695053e-01 -3.638718e+00 -4.425272e+00 -3.383798e+00 3.937740e+00 -2.757526e+00 -4.675884e-01 5.112306e-01 1.076173e+00 1.993444e-01 -5.249259e+00 
-1.959852e+01 -4.615260e-01 -3.929480e+00 4.074617e-02 -1.524756e+00 -2.429497e+00 7.361733e-01 -2.419209e+00 -5.038741e+00 2.777224e+00 -1.810167e+00 1.476705e+00 
-2.084543e+01 6.631564e-01 -2.495089e+00 -1.981200e+00 1.050671e+00 6.460574e+00 -2.440857e+00 1.021799e+00 4.560320e+00 5.334819e+00 6.218125e-01 1.788577e+00 
-2.030021e+01 -9.091647e-01 -5.920042e+00 -1.626489e+00 -9.943931e-01 1.199211e-01 -3.502711e+00 8.998405e-01 -2.520519e+00 -3.204139e+00 1.710504e+00 1.197463e+00 
-1.985074e+01 1.461087e+00 -3.603114e+00 3.667423e-02 2.210885e-01 -3.122049e+00 -2.140806e+00 -2.443371e+00 -1.284423e+00 -4.374124e+00 -1.843308e+00 -5.220707e+00 
-1.962689e+01 5.074512e-02 -4.019028e+00 -1.818323e+00 -3.463748e+00 1.120223e+00 3.446957e+00 1.467925e+00 2.597010e+00 3.895900e-01 1.860412e+00 -1.340500e+00 
-1.875410e+01 1.073982e-01 -2.040334e+00 8.202973e-01 -2.922699e+00 3.928729e+00 1.858218e+00 6.297488e-01 1.013777e+00 -7.303417e+00 -3.061775e+00 2.198341e+00 
-1.562065e+01 3.211346e+00 4.556900e-01 1.020727e+00 -3.108326e+00 -3.755122e+00 -8.326425e+00 3.117511e-02 1.499854e+00 -1.565198e+00 -1.368186e+00 4.160250e+00 
-1.500318e+01 5.526141e+00 -1.956340e-02 4.580059e+00 2.539251e+00 2.230018e+00 -3.062518e+00 -1.563487e+00 -5.562403e+00 -1.492977e+00 -4.373471e+00 -1.708359e-03 
-1.683475e+01 3.824555e+00 2.469237e-01 3.128637e+00 1.252130e+00 -5.087507e+00 -9.620953e+00 -5.597892e+00 -9.845451e+00 -6.885978e+00 -3.529154e+00 2.307527e+00 
-1.586223e+01 2.808391e+00 -3.389164e-01 1.460045e+00 -1.200854e-01 2.447336e-01 -3.285759e+00 2.070813e+00 -2.387069e+00 5.089958e-01 -4.198007e-01 -3.333472e-01 
-1.908522e+01 -4.859718e-02 -3.496843e+00 4.989516e+00 1.026528e+00 -3.402313e+00 -6.214394e+00 7.833472e-01 8.777940e-01 1.743707e-01 -3.705540e-01 -1.115226e-01 
-1.924479e+01 -4.798784e-01 -3.839392e+00 2.711489e+00 -2.892223e+00 -1.043043e+00 -3.700349e+00 2.119711e+00 1.065299e+00 1.675128e+00 -1.567031e+00 -6.262373e+00 
-1.993851e+01 -1.886339e-01 -3.744449e+00 9.180239e-01 -4.683584e+00 5.768158e-01 1.720068e-01 7.215052e-01 -1.374375e+00 -1.125612e+00 -2.120204e+00 -8.117291e+00 
-1.806615e+01 5.833634e-01 -4.222400e+00 -4.416676e+00 -6.329689e+00 -7.866589e-01 -3.407037e+00 -1.546388e-01 4.867368e-01 -3.043808e+00 -4.233784e+00 -4.246184e+00 
-1.879399e+01 4.165961e-01 -3.605272e+00 5.035905e-01 -6.209367e+00 -3.244158e+00 -4.153120e+00 -2.072318e+00 3.752867e+00 -3.830057e+00 -2.068789e+00 -2.862840e-01 
-1.816854e+01 1.528911e+00 -3.707438e-01 6.716020e+00 3.582958e+00 -2.836377e+00 3.370597e+00 3.772764e+00 -9.558674e-01 -4.890746e+00 -4.534219e+00 -1.943223e+00 
-1.705550e+01 3.158284e+00 -4.532582e+00 -1.593008e+00 3.415141e+00 -9.921263e-01 7.509961e-01 4.036815e+00 2.736372e+00 5.293412e+00 6.119012e-01 -1.359012e+00 
-1.834940e+01 1.232878e+00 -2.597044e+00 -1.376290e+00 -4.327622e-01 1.033710e+00 -4.628798e+00 3.839784e+00 8.969215e+00 4.926047e+00 9.677780e-01 5.699530e-01 
-1.747705e+01 1.879891e-01 -1.966969e+00 1.563201e+00 -2.679286e+00 1.122476e+00 -5.324574e+00 -1.664319e-01 -1.159420e+00 1.295244e+00 -8.431980e-01 1.231661e-01 
-1.489635e+01 6.019262e+00 -6.215870e-01 2.671675e+00 -8.367243e-02 4.481598e+00 -2.457027e+00 -3.579985e-01 -2.685219e+00 -3.114585e+00 5.490265e-01 -1.708235e-02 
-1.981927e+01 -2.560590e-01 -2.068925e+00 -4.306945e-01 -2.332966e+00 4.384722e+00 -3.449961e-01 -1.709320e+00 4.340297e+00 3.456585e+00 6.925885e-02 -1.166053e+00 
-2.055066e+01 -6.176302e-02 -1.478769e+00 -1.426964e+00 -8.571067e+00 1.266799e-01 6.310911e+00 1.199271e+00 -1.234983e-01 -4.380655e-01 -3.877287e+00 1.796421e+00 
-1.937600e+01 -3.083234e-01 -4.684167e+00 8.157729e-01 -1.018141e+00 2.222043e-01 3.242582e+00 5.188501e-02 6.645284e-01 8.571022e-01 1.187375e+00 4.014040e+00 
-2.068497e+01 -1.297358e+00 -4.349170e+00 3.380193e+00 4.352127e-01 1.151764e+00 4.592808e+00 8.582624e-02 5.488161e-01 -2.093377e+00 1.846165e+00 -2.470018e+00 
-1.700408e+01 -1.071942e+00 -4.279042e+00 3.197408e+00 3.358147e+00 2.281384e+00 2.673474e+00 9.697364e-01 1.982552e+00 -1.271499e+00 3.231266e+00 4.119148e+00 
-1.919337e+01 -9.366933e-01 -5.435617e+00 2.502463e+00 3.750522e-01 9.093486e-01 3.976986e+00 1.761444e-01 -3.301788e+00 -2.060636e+00 -1.332877e+00 3.646947e+00 
-1.913132e+01 -1.029653e-02 -5.423210e+00 1.080449e+00 -1.770797e-01 -3.522935e-01 -4.355699e+00 2.172637e+00 -1.429245e-01 1.011656e+00 5.344694e-01 1.978085e+00 
-1.899257e+01 -6.203141e-01 -5.324492e+00 7.768632e-01 -4.865649e+00 2.737378e+00 2.474938e+00 -1.040275e+00 -3.776463e+00 -2.051970e+00 2.164565e+00 2.869462e+00 
-1.959187e+01 -4.914483e-01 -6.062995e+00 -7.686659e-01 -2.123053e-01 1.307217e+00 -3.778506e+00 -2.237422e+00 -1.429245e-01 1.523945e+00 5.359093e+00 -1.582719e+00 
-1.900898e+01 9.368464e-01 -3.819972e+00 1.262782e+00 8.294230e-01 -9.416606e-01 -1.497585e+00 2.470629e+00 -2.807266e+00 9.827672e-01 -2.409180e+00 -5.925714e+00 
-1.904444e+01 -1.821997e+00 -7.361446e+00 -1.660874e+00 -1.436099e+00 -3.407270e+00 -2.090948e+00 2.112808e+00 -1.534429e+00 -1.381066e-01 2.119964e+00 -4.499698e+00 
-2.077850e+01 -2.052200e+00 -4.800148e+00 1.889861e+00 -3.287620e+00 -3.496486e+00 -1.705554e+00 -5.988791e+00 1.345319e-01 2.658782e+00 4.271330e+00 4.797172e+00 
-1.995757e+01 -2.460740e+00 -2.128804e+00 3.342641e+00 -1.095320e+00 4.569598e-01 -3.333372e+00 -3.577238e+00 6.572555e-03 2.827026e-01 3.083216e+00 6.242954e+00 
-1.921022e+01 -8.876206e-01 -1.006753e+00 2.753566e+00 7.601591e-01 -4.730507e-01 7.231471e-01 3.673817e+00 -1.025970e+00 -7.158765e-01 1.814882e+00 -4.159588e+00 
-2.136316e+01 -4.942411e-01 1.249757e+00 4.882288e+00 -2.435873e+00 -1.913576e+00 4.140487e+00 -2.524355e-01 -1.987144e+00 6.415249e+00 -2.150557e+00 -4.355999e+00 
-1.916456e+01 -1.160114e+00 -2.209721e+00 3.379288e+00 2.459300e+00 3.295655e+00 1.053292e+00 -2.128983e+00 -2.488423e+00 -9.349476e-01 -1.136510e+00 3.271696e+00 
-1.952715e+01 -8.050349e-01 -2.428197e+00 1.910673e+00 9.667633e-01 2.074565e+00 1.616757e-01 -9.078321e-02 -1.361283e+00 2.181158e+00 2.906362e+00 -2.539673e-01 
-1.743095e+01 1.305091e+00 -5.840363e-02 3.037697e+00 9.267882e-01 1.182855e+00 -7.267967e-01 -5.763154e-01 -1.182225e+00 -1.703654e-01 1.020900e-01 5.175560e-01 
-8.712344e+00 6.636859e+00 -1.414575e+00 -7.252318e-01 -6.468865e-01 1.503672e+00 -4.640281e-01 -2.955811e-01 -2.341430e-01 6.433273e-01 -2.029915e-01 -1.328579e-01 
-1.782723e+01 -4.088916e+00 -3.360363e+00 1.281784e+00 1.935666e+00 2.334103e+00 1.499971e-01 -1.719675e+00 -4.714409e+00 -5.791586e+00 4.424026e+00 6.311981e+00 
-1.918096e+01 -2.160319e+00 -1.735007e+00 2.506082e+00 3.036763e+00 2.064337e-01 2.403968e+00 -1.895996e+00 -6.284972e+00 -6.533539e+00 5.854967e+00 6.633265e+00 
-1.727182e+01 1.486221e+00 6.728766e-02 3.071630e+00 8.321936e-01 9.814425e-01 -8.642449e-01 -5.156239e-01 -9.959866e-01 -1.053663e-01 -4.131382e-02 5.351262e-01 
-1.519556e+01 3.671353e+00 1.188799e+00 2.619192e+00 -7.034850e-01 -5.145046e-01 -1.364628e+00 1.214933e-01 2.109696e-01 8.335099e-01 9.403704e-02 -2.712250e-02 
-1.696463e+01 1.825342e+00 2.604099e-01 3.035435e+00 6.247978e-01 7.372246e-01 -1.023703e+00 -5.156239e-01 -7.375341e-01 1.868891e-01 -2.737609e-02 3.368331e-01 
-1.811358e+01 -1.263954e-01 -1.005674e+00 2.641814e+00 1.588555e+00 2.723410e+00 7.307831e-01 -8.812112e-01 -3.046292e+00 -1.231536e+00 8.612317e-01 1.099885e+00 
-1.963753e+01 -8.600920e-01 -1.352538e+00 1.320694e+00 6.370674e-01 4.630292e+00 4.646709e+00 -1.645752e+00 -5.238493e+00 -3.555616e+00 1.959835e+00 3.418533e+00 
-1.806748e+01 -3.717588e-01 -4.349170e+00 1.201703e+00 -4.829631e+00 3.143356e+00 2.648320e+00 -2.912795e+00 1.920473e+00 -2.738825e-01 -2.214981e+00 3.166588e+00 
-1.566763e+01 5.010678e+00 -8.249376e+00 1.539222e+00 5.656915e+00 -7.226756e-01 -4.361791e-01 3.401712e+00 -1.971518e+00 -6.104335e-01 -3.628109e-01 -9.238351e-02 
-1.799523e+01 1.765896e+00 -3.952676e+00 4.732772e-01 3.644306e+00 2.352713e-01 2.590376e+00 -1.442838e-01 4.656214e-01 -1.279684e+00 -8.085086e-01 -1.333598e+00 
-1.855241e+01 5.626172e-01 -5.793811e+00 -5.573772e-01 -2.243913e+00 1.178349e+00 9.535750e-01 4.166828e+00 3.685298e+00 9.461751e-01 1.651346e+00 -5.632981e+00 
-1.999037e+01 -2.904789e-02 -4.340539e+00 -2.144078e+00 3.479656e+00 -5.609151e-01 -7.407212e-01 4.603461e+00 2.857181e-01 3.779174e+00 3.182329e+00 -4.790863e+00 
-1.846952e+01 1.456988e-01 -4.063802e+00 -2.388607e-01 -4.458377e+00 -4.777503e+00 -7.312884e-01 2.814198e-01 1.193258e+00 -3.552518e-01 -3.574994e+00 -2.457468e+00 
-1.968407e+01 -1.500032e+00 -4.950115e+00 1.888956e+00 -2.023456e+00 -1.444515e+00 -4.258480e-01 1.220556e+00 3.613412e-02 -1.014391e+00 -1.590880e+00 -1.863530e+00 
-1.830019e+01 -2.273625e+00 -1.691312e+00 -1.645944e+00 -6.313461e+00 1.460416e+00 2.030702e+00 6.787206e+00 4.282019e+00 3.870654e+00 -6.503776e+00 -2.874448e+00 
-2.069560e+01 -1.707494e+00 -2.471892e+00 1.012131e+00 -1.636370e+00 -1.192187e+00 -2.908899e+00 -6.896446e-01 2.684005e+00 7.026241e+00 -4.080310e-01 -1.779130e+00 
-2.105864e+01 -1.808033e+00 -3.543235e+00 3.032720e+00 2.583184e+00 -1.577889e+00 -4.450475e+00 6.569161e-02 -3.450018e+00 -5.237680e-01 4.733134e+00 3.162195e+00 
-2.022707e+01 1.161754e-01 -1.164271e+00 4.995186e-01 -1.834267e+00 1.007576e+00 -2.973581e+00 -2.729283e+00 -8.980111e-01 4.661445e-01 2.626678e+00 -1.472905e+00 
-1.786978e+01 2.787246e+00 -5.558612e+00 -1.129259e+00 -3.393297e+00 -1.148480e+00 4.916215e+00 -1.906639e+00 9.466302e-01 -1.198105e-01 3.198744e+00 -1.573306e+00 
-1.692695e+01 -1.197217e+00 -8.309256e+00 2.502251e-01 -1.299154e+00 -1.441812e+00 -3.108586e-01 2.595176e+00 -2.262066e+00 9.059405e-02 4.802671e-01 -1.355561e+00 
-2.147708e+01 -1.707494e+00 -4.025502e+00 -3.859031e-01 9.089774e-01 3.254651e+00 1.020053e+00 1.043084e+00 2.651065e+00 8.961017e-01 1.574844e+00 -2.770281e+00 
-2.057238e+01 -1.333664e+00 -2.783154e+00 3.896877e+00 6.085703e-01 2.529207e+00 -1.653253e-01 -2.050745e+00 -2.357930e+00 1.343873e+00 3.256044e+00 -2.427347e+00 
-1.907369e+01 4.404251e+00 -2.752405e+00 2.049813e-01 -5.247193e+00 -2.183477e+00 -3.546731e+00 1.132827e+00 -4.403590e+00 3.087022e-01 2.656260e-01 -1.492671e+00 
-1.884940e+01 -9.686105e-01 -6.730292e+00 -1.587127e+00 2.187137e-01 -4.397073e-01 -1.634584e+00 -1.949209e+00 -1.875654e+00 2.449821e+00 -6.026176e+00 2.774708e+00 
-1.896997e+01 -1.397099e+00 -7.328539e+00 -1.022936e+00 1.557826e-01 2.974837e+00 -3.187838e+00 -1.735782e+00 -2.495180e+00 3.682397e+00 -1.738310e+00 1.715472e+00 
-1.889151e+01 -2.149656e-01 -9.269472e+00 -2.964349e+00 -1.502592e+00 -1.294019e+00 2.063042e+00 1.173096e+00 2.829702e+00 1.459637e-01 2.021319e-01 -5.435629e-01 
-2.165528e+01 -2.272029e+00 -3.631165e+00 2.316963e+00 2.110606e+00 2.731205e-01 -1.825484e+00 1.086230e+00 1.686092e+00 -1.505977e+00 1.055431e+00 -2.230309e+00 
-1.922928e+01 -5.672517e-01 -3.737437e+00 1.451901e+00 2.119709e+00 -2.592609e+00 -2.453434e+00 -4.607843e+00 1.520547e+00 1.288504e+00 -8.016946e-01 1.218171e+00 
