-3.434739e+00 1.568683e+00 1.760769e+01 -5.070491e+00 -2.655744e+00 -3.171853e+00 -7.884073e+00 -3.933126e-01 -1.006496e+01 -8.541566e+00 -2.579879e+00 2.462449e+00 
-3.991524e+00 6.947531e-01 2.050862e+01 -5.848847e-01 -6.705418e+00 -8.814571e+00 -1.190542e+01 -3.421106e+00 -4.365960e+00 -2.823045e+00 -1.557888e+00 2.163296e+00 
-4.621681e+00 1.506931e+00 1.851252e+01 4.844431e-01 -4.568750e+00 -1.018831e+01 -8.394284e+00 -8.726706e+00 -4.149303e+00 -5.906144e+00 -1.274956e+00 5.899343e+00 
-4.535307e+00 6.391357e-01 1.659571e+01 1.374503e+00 -6.908810e+00 -9.936799e+00 -5.254402e+00 -1.010153e+01 -2.068607e+00 -7.471722e+00 -1.974746e+00 2.800140e+00 
-4.677406e+00 1.571954e+00 1.523486e+01 2.214746e+00 -5.064999e+00 -1.183613e+01 -5.734691e+00 -1.029614e+01 -1.618266e+00 -8.658323e+00 -3.991682e+00 5.142122e+00 
-3.556869e+00 1.247656e+00 1.486150e+01 4.393320e-01 -4.364309e+00 -1.345856e+01 -8.481010e+00 -7.173229e+00 -2.360867e-01 -6.467030e+00 -5.852849e+00 6.137712e+00 
3.275023e-02 -2.900749e+00 1.236132e+01 2.698714e-01 -5.947065e+00 -1.015561e+01 -1.858940e+01 -2.321000e+00 -3.065298e+00 -6.518635e+00 -4.651165e+00 6.563997e+00 
1.871211e+00 -6.040679e+00 1.019992e+01 1.727939e+00 -1.026478e+01 -1.142333e+01 -1.489467e+01 -1.750610e+00 -2.679693e-01 -2.493093e+00 -4.216104e+00 7.656127e+00 
1.574940e+00 -8.472304e+00 6.415310e+00 1.301541e+00 -8.239596e+00 -1.260082e+01 -1.012018e+01 2.942360e+00 3.326422e+00 -3.709044e+00 -3.665842e+00 7.892113e+00 
1.463025e+00 -9.052607e+00 4.340884e+00 -9.826463e-01 -7.473556e+00 -1.231660e+01 -9.801679e+00 7.338715e+00 6.031726e+00 -4.471191e+00 -2.422290e+00 3.953452e+00 
2.388989e+00 -9.778905e+00 3.460082e+00 -2.119282e-02 -6.347908e+00 -1.164834e+01 -3.722752e+00 7.047419e+00 -2.736691e+00 3.770189e+00 -5.084666e+00 -1.197320e+00 
2.503226e+00 -1.010647e+01 2.177561e+00 -1.817397e+00 -4.244091e+00 -1.105169e+01 -5.353300e+00 8.133132e+00 -3.961632e+00 9.957996e+00 -9.158325e+00 -3.714503e+00 
2.101077e+00 -1.157584e+01 1.837350e+00 6.417433e-01 -4.194117e+00 -1.126599e+01 -6.764751e+00 1.020850e+01 -4.980061e+00 6.868124e+00 -6.798125e+00 -4.237724e+00 
2.262215e+00 -1.047249e+01 1.784492e+00 1.354890e+00 -6.444712e+00 -9.335646e+00 -8.045859e+00 1.017940e+01 -9.574287e-01 4.218188e+00 -5.028756e+00 -5.379515e+00 
3.030756e+00 -1.043077e+01 1.712894e+00 2.390090e+00 -6.056449e+00 -1.079680e+01 -6.213965e+00 6.831528e+00 -3.391732e+00 2.063985e+00 -1.961744e+00 -3.848785e+00 
1.910683e+00 -7.719016e+00 3.346678e+00 -1.478960e-01 -5.967334e+00 -8.508355e+00 -9.465933e+00 7.650662e+00 -2.859149e+00 3.008823e-02 -2.755412e+00 -4.039458e-01 
1.133784e+00 -7.372634e+00 7.830936e+00 1.917797e+00 -8.654769e+00 -9.384144e+00 -1.205300e+01 7.106241e+00 -5.048898e+00 -1.510332e+00 -5.944088e-01 2.057221e+00 
-2.252439e+00 -7.094956e+00 1.233874e+01 7.440173e+00 -1.548693e+01 -7.296462e+00 -2.736815e+00 -3.053153e+00 1.477961e+00 -5.002727e+00 -3.313996e+00 2.308304e+00 
-8.076167e+00 -2.287321e+00 1.120614e+01 1.213643e+01 -1.566481e+01 -3.314528e+00 4.318919e+00 -4.889478e+00 -5.074505e-01 1.753063e+00 9.680013e-02 5.523116e+00 
-7.732066e+00 7.758163e+00 2.626852e+00 1.204542e+01 1.022791e+00 -2.578031e+00 8.356824e-01 6.654435e+00 -2.538395e-01 -2.755957e+00 -1.691553e+00 -9.322149e+00 
-5.606621e+00 -9.089004e+00 -5.104948e-01 -6.462656e+00 -7.709099e+00 1.055957e+00 -5.754978e+00 -3.018110e+00 1.133412e+00 -2.473095e+00 1.845106e+00 4.760355e-01 
-6.954237e+00 -9.767863e+00 2.463954e+00 -1.357059e+01 -7.203414e+00 -1.555055e+00 -8.096577e+00 -2.456167e+00 -1.947961e+00 -3.524367e-01 3.012724e+00 4.688844e-01 
-5.119491e+00 1.553551e+00 1.448957e+01 -5.276041e+00 -6.629233e+00 -3.728455e+00 -1.038543e+01 -1.892660e+00 -5.142734e+00 -4.372496e+00 9.599010e-01 4.924808e+00 
-2.757215e+00 4.545850e+00 1.186686e+01 -1.474161e+00 -1.817712e+00 -7.517524e+00 -1.328644e+01 -3.316915e+00 -7.280312e+00 -6.677644e+00 4.018331e+00 7.483309e+00 
-3.749120e+00 3.691141e+00 1.729632e+01 -2.821608e+00 -3.901959e+00 -6.995885e+00 -1.654956e+01 -5.310622e+00 -1.112071e+01 -4.640199e+00 1.142975e+00 5.991115e+00 
-4.131301e+00 3.622437e+00 1.909108e+01 -3.390007e+00 -3.840801e+00 -8.321129e+00 -1.921524e+01 -2.221190e+00 -1.120331e+01 -6.325760e+00 1.080824e+00 5.397574e+00 
-4.583138e+00 5.099979e+00 2.005020e+01 -5.955844e+00 -3.010807e+00 -6.176490e+00 -1.809186e+01 -2.980250e+00 -1.195327e+01 -6.143528e+00 4.567072e-01 7.015707e+00 
-4.395066e+00 3.887847e+00 2.026212e+01 -3.295078e+00 -2.621496e+00 -6.827834e+00 -1.786313e+01 -5.384150e+00 -9.817145e+00 -7.826187e+00 3.314640e+00 5.197344e+00 
-4.969034e+00 3.909521e+00 2.025395e+01 -2.809448e+00 -3.778246e+00 -5.379088e+00 -1.826481e+01 -4.102258e+00 -9.867144e+00 -7.248851e+00 2.986459e+00 3.487439e+00 
-4.015207e+00 3.811373e+00 1.972345e+01 -2.232418e+00 -4.870693e+00 -5.977986e+00 -1.611695e+01 -3.792501e+00 -9.997210e+00 -8.179684e+00 1.240233e+00 3.271317e+00 
-3.930691e+00 4.157754e+00 1.771870e+01 -8.426060e-01 -4.289173e+00 -6.085133e+00 -1.532881e+01 -5.439530e+00 -1.059356e+01 -7.017595e+00 2.753455e+00 2.571305e+00 
-5.245337e+00 6.029117e+00 1.970951e+01 -3.813266e+00 -4.747330e+00 -4.064559e+00 -1.587858e+01 -3.557837e+00 -1.220580e+01 -9.159540e+00 4.136133e+00 3.245891e+00 
-4.724772e+00 4.186381e+00 1.965761e+01 -1.804844e+00 -5.475278e+00 -5.738878e+00 -1.468724e+01 -4.751183e+00 -9.744685e+00 -1.098863e+01 2.778160e+00 6.010581e+00 
-4.296618e+00 3.096525e+00 1.863410e+01 -7.806274e-01 -4.509689e+00 -7.390639e+00 -1.491242e+01 -3.215227e+00 -9.952646e+00 -1.007779e+01 2.362342e+00 3.054401e+00 
-4.651865e+00 3.694412e+00 1.808389e+01 -1.258412e+00 -6.969618e+00 -5.626655e+00 -1.402437e+01 -5.313125e+00 -1.096492e+01 -1.117892e+01 2.434636e+00 3.958219e+00 
-4.500944e+00 4.055108e+00 2.035822e+01 -3.322929e+00 -5.005239e+00 -6.249238e+00 -1.765570e+01 -1.012826e+00 -1.398180e+01 -8.766695e+00 4.687696e+00 3.936368e+00 
-5.274592e+00 4.677532e+00 2.093821e+01 -6.328893e+00 -3.331621e+00 -4.567024e+00 -1.995317e+01 -9.924884e-01 -1.131780e+01 -9.994258e+00 4.746467e+00 1.421966e+00 
-5.673027e+00 6.239727e+00 2.092764e+01 -5.189349e+00 -3.534315e+00 -4.896925e+00 -1.828864e+01 -3.305026e+00 -1.134243e+01 -1.074737e+01 5.729190e+00 3.072278e+00 
-6.229812e+00 6.933308e+00 2.118136e+01 -4.311841e+00 -4.936743e+00 -6.953590e+00 -1.683561e+01 2.362131e-01 -1.118266e+01 -1.067932e+01 2.743313e+00 3.459232e+00 
-5.260197e+00 6.620870e+00 1.829773e+01 -3.056185e+00 -2.735074e+00 -5.705606e+00 -1.634314e+01 -1.982771e+00 -1.165872e+01 -8.259672e+00 3.057712e+00 3.643174e+00 
-6.816782e+00 8.315973e+00 1.966963e+01 -6.073917e+00 -3.545148e+00 -7.297590e+00 -1.721345e+01 -6.858606e-01 -1.055443e+01 -8.138399e+00 -1.601837e+00 9.305270e-01 
-6.957024e+00 7.932377e+00 1.448765e+01 -5.799329e+00 -3.483641e+00 -4.614958e+00 -1.264740e+01 -5.219885e+00 -7.452767e+00 -8.067120e+00 -2.621747e+00 2.873637e+00 
-1.175959e+01 9.580860e+00 1.152713e+01 -8.653576e-01 -1.462649e+00 -3.628075e+00 -1.032728e+00 -5.943589e+00 -4.884413e+00 -1.116570e+01 -3.664281e+00 2.137075e+00 
-1.459460e+01 6.261810e+00 4.044881e+00 3.004385e+00 2.244543e+00 -1.317075e+00 -1.013963e+00 -2.952091e+00 5.519187e-01 -3.817416e+00 -3.123120e+00 -1.084888e+00 
-1.629329e+01 2.598423e+00 1.423618e+00 4.625637e+00 -1.702386e+00 -5.355403e+00 -6.524860e+00 -2.748402e+00 -3.202248e+00 -3.777421e+00 -1.851223e+00 -4.070866e+00 
-1.694991e+01 2.781633e+00 -1.077514e+00 8.621990e-01 2.438197e-01 -2.437611e+00 -2.522790e+00 -5.658550e+00 -4.682973e+00 -2.252160e+00 -6.084514e-01 -4.109402e+00 
-1.711662e+01 3.463355e+00 1.083406e+00 -2.815724e+00 -4.536249e+00 -1.518400e+00 -3.028945e+00 -2.491836e+00 -3.498248e+00 -4.422812e+00 -6.850655e+00 -2.592974e+00 
-1.618462e+01 2.425845e+00 -3.109173e+00 -9.846999e-02 -4.789616e+00 5.935312e-01 -4.774620e+00 -2.511235e+00 -3.029068e+00 -8.078085e+00 -3.244784e-01 -9.128650e-01 
-1.884317e+01 -3.157570e+00 -7.800537e+00 3.031844e+00 2.742540e+00 -1.491331e+00 -2.024924e-01 -3.538438e+00 -7.084669e+00 -1.701918e+00 -3.739435e+00 -2.087233e+00 
-1.917891e+01 -4.406917e+00 -5.118728e+00 8.374860e-01 1.783590e+00 -9.330367e-01 -9.637530e-01 -3.326302e+00 -2.931247e+00 1.977546e+00 -2.059262e+00 2.881980e+00 
-2.084230e+01 -2.697500e+00 -3.298980e+00 1.672236e+00 -4.844785e-01 1.827982e+00 -3.140696e-01 6.683081e-01 -2.422938e+00 -4.160269e+00 2.995040e+00 6.732047e+00 
-1.997996e+01 -1.545483e+00 -2.160617e+00 8.924038e-01 -3.051345e+00 -7.396076e-01 2.371390e+00 2.745555e+00 1.393545e+00 -4.659228e+00 -1.703776e+00 3.901407e+00 
-1.942085e+01 -3.444245e+00 -4.862608e+00 1.772957e-01 8.532977e-01 4.106837e+00 1.330679e+00 4.135705e+00 1.089936e+00 -2.919159e+00 -6.520654e+00 -1.778919e-01 
-1.811456e+01 9.564821e-01 -3.855909e+00 -4.033329e+00 -9.920204e+00 2.103745e+00 4.775371e+00 4.109423e+00 -2.389606e+00 -2.887874e+00 -1.090581e+00 1.736614e+00 
-1.951744e+01 8.673307e-01 -4.472422e+00 -3.915256e+00 -4.166508e+00 2.129122e+00 6.122412e+00 -3.943903e-02 -1.554864e+00 -3.221374e+00 7.263775e-01 6.733636e+00 
-1.981882e+01 -1.264125e+00 -4.746802e+00 2.388913e+00 -1.869433e+00 -4.421529e+00 -2.742902e+00 1.903893e+00 2.111264e+00 1.397631e+00 -1.924037e+00 1.997231e+00 
-2.047498e+01 -1.769589e+00 -3.888104e+00 1.298403e+00 -1.909972e+00 -2.275762e+00 -1.877164e+00 -4.356008e+00 -4.336976e+00 -6.120763e-01 2.370144e+00 -1.555668e+00 
-1.999018e+01 -8.780744e-01 -1.968407e+00 7.021529e-01 -6.413609e+00 -4.004219e+00 -1.198065e+00 -1.211022e-01 -6.541825e-01 -4.930802e+00 -1.451529e+00 1.649631e-01 
-1.952301e+01 -1.408485e+00 -2.079889e+00 1.997428e+00 -1.389959e+00 -4.040672e-01 1.146577e+00 -4.225500e-02 3.460112e+00 -2.495485e-01 -1.228407e+00 1.153800e+00 
-2.014713e+01 -2.185493e+00 -2.353788e+00 8.629835e-01 1.430624e+00 -1.060486e+00 -1.145319e+00 2.356013e+00 1.050445e+00 4.045498e-01 -1.423443e+00 -1.580278e-01 
-1.860959e+01 -1.546301e+00 -4.914024e+00 -2.488571e+00 -6.771817e+00 -9.296532e-01 -1.259099e-01 1.670793e+00 1.583391e+00 -9.581549e-01 -1.849663e+00 6.424970e-01 
-1.985690e+01 -1.055968e+00 -1.985706e+00 1.941726e+00 -1.355711e+00 1.422513e+00 3.453181e+00 1.349773e+00 -2.946825e+00 3.743418e+00 -6.742436e-01 8.034191e-02 
-1.901313e+01 -9.161069e-01 -2.638739e+00 1.596528e+00 1.512098e-01 1.762001e+00 5.252950e-01 1.268735e+00 -1.223241e-01 -9.182949e-02 -3.593249e-01 6.603748e-01 
-2.034914e+01 -1.240814e+00 -2.540232e+00 -3.731674e+00 1.664770e+00 6.384564e+00 3.039839e+00 7.837629e-01 -2.428372e+00 -4.500542e+00 -5.406866e+00 7.302965e-01 
-1.963261e+01 -1.427705e+00 -4.414279e+00 -2.119052e+00 -1.454913e-01 1.639064e+00 -2.231675e+00 3.926072e+00 -2.944173e-01 1.257006e+00 1.259477e+00 1.686159e+00 
-1.958710e+01 -1.635044e+00 -4.120197e+00 -1.682940e-01 -3.131025e+00 1.385858e+00 -2.167265e+00 7.305236e+00 2.412336e+00 -1.368740e+00 6.782686e-01 -4.252821e+00 
-2.011045e+01 -2.007190e+00 -7.570040e-01 -7.571834e-02 -2.716552e+00 1.153517e+00 -1.761023e+00 8.369534e-01 5.296617e+00 3.672461e+00 3.366910e+00 -2.137290e+00 
-1.983182e+01 -1.514403e+00 -6.563186e+00 -1.171328e+00 -2.195141e+00 1.794146e+00 -5.980842e-01 1.731180e+00 9.366827e-01 -2.314866e-01 -1.909994e+00 -1.977335e-02 
-1.949004e+01 -3.322378e+00 -5.315263e+00 -2.038637e+00 -2.587597e+00 -3.807432e-02 1.764309e+00 5.153070e-01 -2.072955e+00 -3.992040e-01 -9.587367e-01 7.175835e-01 
-1.100173e+01 -8.846496e+00 -5.275860e+00 -1.034260e+01 5.957373e-01 -7.577865e+00 6.896351e+00 -3.301271e+00 7.551697e-01 -6.365109e+00 1.823002e+00 5.638350e-01 
-1.100452e+01 -5.210098e+00 -1.556117e+00 -9.849123e+00 -1.610825e+00 -8.840512e+00 1.534054e+00 -6.974234e+00 -1.147275e+00 -3.627766e+00 7.151916e+00 2.046494e+00 
-3.093423e+00 -3.270850e+00 1.149926e+01 -2.086102e+00 -6.752247e+00 -1.305761e+01 -8.514483e+00 -7.850453e-01 -7.804924e+00 2.542491e-01 -1.807275e+00 -3.217105e+00 
-7.399699e-01 -6.971453e+00 1.498787e+01 -7.324081e+00 -7.894669e+00 -1.920335e+01 -1.097425e+01 1.710843e+00 -9.243260e+00 4.017572e+00 -9.056868e-01 4.080582e+00 
-9.108599e-01 -9.176110e+00 1.354966e+01 -9.766747e+00 -8.432505e+00 -1.881198e+01 -9.336604e+00 2.605695e+00 -9.021532e+00 3.019975e+00 -2.184605e+00 4.848530e+00 
-1.240102e+00 -9.579745e+00 1.351170e+01 -9.392521e+00 -1.058070e+01 -1.960036e+01 -8.553535e+00 3.611935e+00 -8.246570e+00 2.494568e+00 -1.160534e+00 4.315376e+00 
-1.947345e+00 -8.010189e+00 1.273277e+01 -9.769100e+00 -1.192827e+01 -1.842851e+01 -7.157300e+00 3.421388e+00 -9.808813e+00 3.830502e+00 -2.333093e+00 4.522758e+00 
-1.829394e+00 -6.206304e+00 1.402394e+01 -9.956997e+00 -1.626381e+01 -2.065774e+01 -4.592546e+00 8.188061e-01 -8.357796e+00 2.695506e+00 -3.826031e+00 7.332342e+00 
-1.632034e+00 -3.640542e+00 1.013745e+01 -5.555729e+00 -1.368751e+01 -2.294618e+01 -7.233375e+00 -3.416865e-01 -9.017909e+00 8.699659e-01 -2.459737e+00 1.133218e+01 
-7.078690e+00 1.729310e-01 6.967913e+00 2.349594e-01 -1.794022e+01 -2.893854e+01 -1.064307e+01 -7.703883e+00 -4.088437e+00 3.857595e+00 2.334777e+00 1.671338e+01 
-8.373832e+00 1.955551e+00 1.223239e+00 5.074393e+00 -1.306859e+01 -1.414882e+01 -4.767519e+00 7.912721e-01 2.739856e+00 2.590871e-01 4.713087e-02 5.872327e+00 
-6.151333e+00 2.930900e+00 5.560456e+00 -1.344319e+00 -1.511929e+01 -2.047897e+01 -9.596275e+00 -2.030330e+00 3.972406e+00 1.557930e+00 -9.850016e-01 4.782581e+00 
-1.069989e+01 1.701592e+00 -1.332673e+00 -2.112384e+00 -1.625507e+01 -1.862983e+01 -1.719113e+01 -5.393536e+00 -6.070833e-01 2.482311e+00 7.883692e+00 8.799109e+00 
-1.283973e+01 1.965366e+00 -3.040939e+00 -2.927128e+00 -1.393633e+01 -1.389674e+01 -1.207329e+01 -7.181990e+00 -3.331835e-01 1.810340e-01 -2.338294e+00 1.197898e+00 
-1.620831e+01 -6.098022e-01 -3.841012e+00 -6.876594e-01 -8.576488e+00 -8.693890e+00 -4.374971e+00 -4.501500e+00 -1.296180e+00 1.382149e+00 -3.778183e+00 1.501820e+00 
-1.633415e+01 2.567751e+00 -1.141424e+00 5.130788e-01 -1.173012e+01 -1.238991e+01 -3.845487e+00 3.274957e+00 4.188700e+00 -2.592433e+00 -3.432578e+00 -4.749027e+00 
-1.818701e+01 -3.493001e-01 -1.649339e+00 -2.248502e+00 -8.630305e+00 -3.823196e+00 -7.263979e-01 -6.054490e-01 -1.849052e+00 1.420853e+00 -6.523995e-01 -3.530958e+00 
-1.739478e+01 1.339261e+00 -5.105273e+00 -2.939681e+00 -4.082985e+00 -5.570262e+00 1.529997e+00 -3.861162e-01 -4.600007e+00 1.787252e+00 -7.795245e-02 -5.982193e+00 
-1.841269e+01 3.266061e-02 -5.070195e+00 -3.029119e+00 -4.862655e+00 -9.164800e-02 1.302104e-01 3.285283e+00 -4.405088e+00 1.684552e-01 4.436749e+00 -7.559383e-01 
-2.022701e+01 -1.942166e+00 -2.881404e+00 -5.138838e-01 -2.920294e+00 -3.584652e+00 -1.050479e+00 2.777469e+00 1.013128e+00 5.462845e+00 2.872298e+00 1.224119e+00 
-2.740160e+01 -5.403123e+00 6.123631e+00 -1.088746e+01 4.962032e+00 -1.023568e+01 1.328364e+01 1.183944e+00 -5.223165e+00 8.554976e+00 -6.330818e+00 -1.331998e+00 
-2.650350e+01 -3.151845e+00 5.190452e+00 -8.763320e+00 3.421562e+00 -1.057010e+01 1.201774e+01 1.370110e+00 -9.228406e+00 7.838628e+00 -8.814801e+00 -3.128908e+00 
-1.964515e+01 4.816894e-01 -1.435505e+00 2.125308e+00 -4.030564e+00 -1.079659e+00 -3.056332e+00 -4.425782e+00 -6.555347e+00 3.185112e+00 1.376239e+00 -2.984297e+00 
-1.938927e+01 -1.303384e+00 -3.341747e+00 -2.028830e+00 -3.503911e+00 5.100690e-01 2.267927e+00 -1.515320e+00 -3.828305e+00 -1.086012e-01 -4.627241e+00 -1.417414e+00 
-2.026926e+01 -3.107678e+00 -1.701716e+00 -3.365778e-01 -2.915401e+00 -5.625325e-01 4.134309e+00 1.121679e+00 1.361662e+00 3.727292e+00 -1.182898e+00 9.027172e-01 
-1.991030e+01 1.205852e-01 -3.504800e-01 1.401962e+00 2.057925e+00 -6.324602e-01 -5.016033e+00 -6.387261e+00 1.989168e+00 2.331688e+00 -1.965904e+00 2.081455e+00 
-1.942132e+01 -5.398715e-01 -3.861194e+00 -1.818966e+00 -1.429449e+00 -1.868038e+00 1.232796e+00 3.096925e+00 -5.106866e+00 -2.369885e+00 -9.457343e-01 -2.797972e+00 
-2.003940e+01 -2.263602e+00 -4.524319e+00 8.947574e-01 1.151397e+00 -2.383474e+00 -4.079799e+00 2.752439e+00 -2.257366e+00 -2.066703e+00 4.210247e+00 2.833909e+00 
-1.867971e+01 -4.818004e-01 -7.095607e+00 -2.769436e+00 -9.667490e-01 -4.485818e+00 -4.633120e+00 -1.468387e+00 -2.478732e+00 -1.879445e-01 3.092559e+00 -4.876953e+00 
-1.718256e+01 7.430094e-01 -2.910236e+00 -6.480401e-01 -4.695958e+00 -4.906512e+00 2.499023e-01 -3.266680e-01 -2.017885e+00 -1.916080e+00 -7.306741e-01 3.004366e-01 
-1.866067e+01 2.158709e-01 -4.322498e+00 3.938287e-01 1.084298e+00 1.059340e+00 -3.452431e+00 2.966000e-01 4.585057e+00 2.294140e-01 -8.377400e+00 -5.260330e+00 
-2.042204e+01 4.804625e-01 -4.573813e+00 -4.738723e-01 -2.499530e+00 -9.843547e-01 -2.882373e+00 -3.635885e-01 4.443760e+00 1.603730e+00 -8.201308e-01 -2.228666e+00 
-2.023536e+01 -4.069623e-01 -3.493113e+00 8.645526e-01 -7.221936e+00 -3.443105e+00 -3.803392e+00 -1.401882e-01 -4.576177e-03 2.512630e+00 7.071339e-01 1.760053e+00 
-1.945568e+01 -1.605190e+00 -6.212883e+00 -3.228392e+00 -3.458829e+00 -1.354295e+00 -6.599921e+00 8.569781e-01 3.305047e+00 -4.377197e-02 4.412565e+00 1.213392e+00 
-2.045177e+01 -2.508155e+00 -5.469030e+00 -3.518763e-01 5.275905e-01 2.433285e-01 -1.735157e+00 -1.457749e+00 3.182589e+00 2.425223e+00 -1.596115e+00 1.717394e-02 
-2.045594e+01 -4.014324e+00 -6.315235e+00 1.966439e+00 -2.042422e+00 -1.465954e+00 2.193881e+00 6.598428e+00 7.855551e+00 1.929166e+00 -5.428804e-02 -3.121757e+00 
-2.081119e+01 -3.033249e+00 -2.169266e+00 3.062441e+00 -6.270628e-01 7.288752e-01 1.989492e+00 3.847851e+00 -1.381684e+00 -1.398091e+00 2.408891e+00 -2.840481e+00 
-2.054603e+01 -1.013437e+00 -5.750618e+00 -3.200148e+00 1.329977e+00 1.833621e+00 -4.489765e-01 -3.041402e-01 -5.110735e-01 -1.755136e+00 2.547237e+00 -7.209774e-01 
-2.061058e+01 5.553007e-01 -6.144649e+00 -2.758060e+00 -2.398882e+00 2.761292e+00 3.312188e+00 2.243235e-01 1.483758e+00 -1.494528e+00 2.118677e+00 6.756281e+00 
-1.870897e+01 1.368705e+00 -8.074917e+00 -2.836514e+00 -5.959296e+00 8.018279e+00 6.623495e+00 2.711763e+00 5.776421e-01 1.882722e+00 -3.102057e+00 -5.255563e+00 
-2.033753e+01 -1.976109e+00 -5.086533e+00 7.441258e-01 -2.972714e+00 4.877143e-02 3.571352e+00 4.024005e+00 2.591792e-01 -2.584692e+00 -3.374421e-02 5.038453e-01 
-1.916359e+01 -1.078052e+00 -5.401757e+00 -1.873884e+00 -1.039788e+00 -2.568805e-01 -2.503518e+00 -5.093932e-01 -2.264250e+00 -3.059139e+00 -1.135310e+00 -8.139416e-01 
-2.146410e+01 -2.751481e+00 -1.380245e+00 2.127269e+00 -5.239688e-01 1.882119e+00 -1.434913e+00 -4.274171e-01 1.679960e-02 -2.134247e-01 8.865674e-01 7.112269e-01 
-2.065981e+01 -1.709882e+00 -1.707002e+00 1.106583e+00 -3.557380e+00 -1.135489e+00 -2.790576e+00 2.487630e-03 -1.028077e+00 -3.946886e-01 -9.160887e-01 -2.629127e+00 
-2.015364e+01 -3.288525e-01 -3.791999e+00 6.856775e-01 -4.924861e+00 -1.579305e+00 2.869256e-01 -1.436299e-01 -4.140246e+00 -8.007585e-01 -2.935326e-01 -1.623604e+00 
-1.948029e+01 1.746168e+00 -3.589698e+00 -1.480045e+00 -3.611198e+00 -2.109402e+00 1.348430e+00 1.836484e-01 4.704009e-01 -2.120566e+00 -4.730740e+00 -5.468506e+00 
-2.030084e+01 -2.910972e+00 -6.624693e+00 -1.297639e+00 -3.059733e+00 5.343181e-01 -6.295286e-01 -1.375773e+00 2.775000e+00 1.330866e+00 8.587422e-01 -2.337124e+00 
-1.997764e+01 -1.412574e+00 -1.895848e+00 2.962804e+00 -2.689992e+00 1.912008e+00 -5.269110e+00 -5.311247e+00 -6.813668e+00 -2.269577e+00 -1.479614e+00 3.316210e+00 
-1.976542e+01 -2.812415e+00 -5.565616e+00 4.714982e-01 -4.470549e+00 -1.790216e+00 -1.182850e+00 4.417928e+00 4.291231e+00 3.145441e+00 2.765678e+00 -1.743981e+00 
-1.958710e+01 -5.652265e-01 -2.231735e+00 3.942210e-01 -4.635149e+00 -2.529330e-01 -1.291384e+00 -9.446169e-01 -1.546168e+00 -8.630074e-01 6.725475e-01 -4.027539e-01 
-1.886685e+01 -5.321921e-02 -6.833721e+00 7.962977e-01 -4.509689e+00 -3.094594e+00 6.263912e+00 -3.469290e+00 -4.666307e+00 -1.744815e+00 2.301491e+00 2.676188e+00 
-1.880277e+01 -1.326285e+00 -4.885193e+00 9.844950e-02 2.238999e-01 -1.299030e+00 -2.257034e+00 -8.363585e-01 2.672468e+00 -9.081622e-01 -1.329306e+00 2.001601e+00 
-1.943571e+01 -1.095228e+00 -4.856361e+00 -1.730313e+00 -1.612921e+00 -2.010150e+00 -3.714637e+00 2.750561e+00 9.761256e+00 -1.579355e+00 -5.661193e+00 2.814045e+00 
-1.906793e+01 -2.499158e+00 -5.714579e+00 4.154036e-01 -7.497272e-01 1.959581e-01 -4.124603e-01 3.869440e+00 2.336615e+00 1.646627e+00 -4.222566e-01 -2.482109e-01 
-1.994745e+01 -6.335214e-01 -2.378295e+00 2.731757e+00 1.040265e+00 -2.459041e+00 9.178438e-01 2.701438e+00 1.218670e-01 6.935400e-01 5.739891e-01 -1.691517e-01 
-1.908604e+01 7.241976e-01 1.107913e+00 4.621714e+00 -3.316594e+00 -3.305505e+00 2.061002e+00 2.646996e+00 -2.127300e+00 5.471553e+00 -5.284123e+00 3.953871e-01 
-1.762326e+01 2.964343e-01 -6.162428e+00 -3.251143e+00 -5.585012e+00 5.216658e+00 -2.332095e+00 2.615569e-01 -2.450275e-02 4.918731e+00 1.639408e+00 1.834345e+00 
-2.049263e+01 -1.819890e+00 -4.254745e+00 -2.489355e+00 -4.562110e+00 1.825162e+00 1.759237e+00 6.541170e+00 2.646137e-01 -1.599997e+00 -2.316450e+00 -1.708225e+00 
-1.996556e+01 7.581406e-01 -2.173111e+00 -1.552222e+00 -8.577139e-01 1.224573e+00 -4.317661e+00 2.058632e-01 -2.183456e+00 -3.838703e+00 1.948085e+00 4.090117e+00 
-1.915476e+01 -1.539349e+00 -3.312435e+00 -2.138666e+00 -6.807813e+00 -4.902565e+00 -2.812384e+00 3.584088e+00 -2.608074e+00 2.200417e+00 2.064847e+00 1.161348e+00 
-1.930569e+01 -1.721937e+01 -1.023824e+01 4.985740e+00 2.052683e+00 -4.922302e+00 -9.465092e-01 2.356951e+00 1.599694e+00 3.195756e+00 3.343505e+00 -6.112899e+00 
-1.987547e+01 -1.599333e+01 -1.030936e+01 6.421056e+00 2.331212e+00 -3.908914e+00 -1.851299e+00 5.194198e+00 4.102472e+00 7.359665e+00 4.516844e+00 -5.681847e+00 
-1.961821e+01 -2.625933e+00 -6.213364e+00 -1.567129e+00 -3.148149e+00 -3.451564e+00 -2.906717e+00 2.421093e+00 -4.023831e-01 3.287678e+00 2.839011e+00 -5.930524e-01 
-2.062544e+01 -2.414096e+00 -1.342764e+00 7.762919e-01 -1.862444e+00 2.743448e-01 -5.194049e+00 7.133636e-01 -2.955158e+00 -1.119608e-02 -5.038732e-02 -1.878240e-01 
-1.902845e+01 -2.025183e+00 -4.434461e+00 -9.445962e-01 -1.319366e+00 -3.016771e+00 -1.833040e+00 -7.615789e-01 -3.059501e+00 6.474177e-01 5.362821e-01 -3.602447e-01 
-1.991541e+01 -1.056377e+00 -4.549306e+00 -4.177777e-01 1.198575e+00 9.206126e-01 2.123718e-01 3.555303e+00 -3.886635e+00 -8.939707e-01 2.149103e+00 -1.482966e+00 
-2.071553e+01 -2.607939e+00 -1.946303e+00 3.984275e+00 -2.518052e+00 -1.952628e+00 -3.649720e+00 8.022231e-01 1.172179e+00 4.040149e+00 -1.366753e+00 -2.966817e+00 
-2.013274e+01 -5.733556e+00 -3.722803e+00 4.173349e+00 -2.597033e+00 -1.350709e-01 -1.089024e+00 -2.274380e+00 1.479772e+00 -3.482437e-01 -3.829932e+00 -3.591743e+00 
-2.046152e+01 -1.994103e+00 -5.972620e+00 1.058726e+00 2.721921e+00 5.078133e-01 2.319152e+00 -7.640820e-01 2.601095e+00 2.139781e+00 -8.752611e-01 -2.449157e+00 
-2.005844e+01 -2.365840e+00 -2.743013e+00 -9.908840e-01 -1.984409e+00 1.128704e+00 1.945875e+00 2.136054e+00 6.829514e+00 1.675010e+00 -8.757812e-01 -5.093869e+00 
-1.920585e+01 1.868353e-01 -9.174993e-01 3.934365e-01 -4.461812e+00 -1.825180e+00 -7.456529e+00 4.039337e+00 1.233045e+00 4.168840e+00 -5.591761e+00 -3.797932e+00 
-1.994792e+01 -1.472781e-01 -5.013012e+00 -2.491317e+00 8.354747e-01 8.303832e-01 -1.345651e+00 -6.192646e+00 -1.806301e+00 2.070436e+00 1.313567e+00 -3.761360e-01 
-1.941156e+01 -8.895251e-01 -4.051002e+00 -2.918591e-01 -4.820369e+00 -2.751158e+00 -3.754704e+00 -2.290963e+00 -1.592543e+00 5.526062e+00 -1.609638e+00 -9.891433e-01 
-1.900709e+01 -4.625797e-01 -6.748343e-01 2.720774e+00 -2.735773e+00 -1.129850e+00 -5.475527e+00 -1.211022e-01 -1.058511e+00 1.331511e+00 -5.465377e+00 -4.833251e+00 
-1.726429e+01 -7.181744e-01 -4.480591e+00 9.844950e-02 -3.395924e+00 -6.487782e+00 -5.817359e+00 -4.625090e+00 -1.563921e+00 -6.178819e-01 -4.941899e+00 7.756092e-02 
-1.906468e+01 -7.393082e+00 -5.292198e+00 7.361327e+00 3.259058e+00 -1.738334e+00 -1.643359e+00 -1.971333e-01 1.263479e+00 1.393115e+00 -3.425557e+00 -1.180236e+00 
-2.023026e+01 -1.148800e+00 -3.482541e+00 1.315663e+00 -3.139365e-01 1.756565e-01 -1.338551e+00 1.660155e+00 -2.332000e+00 -5.883566e+00 9.398773e-01 5.218797e+00 
-1.854132e+01 4.992743e-01 -9.343983e+00 -2.216727e+00 -3.747842e+00 -6.374995e+00 -4.374464e+00 3.958299e+00 4.831784e+00 6.559137e+00 1.926761e+00 -1.361000e+00 
-1.884688e+01 -2.272190e+00 -5.978868e+00 -9.787236e-01 -4.136454e+00 -7.119749e-01 -2.190087e+00 2.709260e+00 1.096095e+00 3.756965e+00 3.215041e+00 -1.431319e+00 
-1.993259e+01 -1.194194e+00 -3.778064e+00 2.092357e+00 1.596442e-02 -3.724869e-01 4.390763e-01 -6.542591e-01 -3.419266e+00 2.823096e-01 1.730685e+00 -7.265394e-01 
-1.903124e+01 3.347851e-02 -2.426347e+00 2.490119e+00 -6.488745e+00 4.660822e-01 -3.952166e-01 -2.152355e+00 -3.397049e-01 3.353153e+00 -1.676991e+00 -8.588346e-01 
-2.009280e+01 -1.209325e+00 -2.927054e+00 1.154832e+00 -8.730906e-01 -3.983917e+00 -2.277320e+00 2.528726e+00 4.019505e+00 -2.604689e+00 -3.920429e+00 2.282083e+00 
-1.882181e+01 -3.382584e-01 -2.101032e+00 -2.166909e+00 -5.440681e+00 -1.200341e+00 -3.287601e+00 4.529003e+00 1.753310e+00 -1.612576e+00 2.902463e+00 -3.630279e+00 
-1.935955e+01 7.920836e-01 -1.283659e+00 1.196321e-01 -1.436788e+00 -2.717322e+00 -1.288374e+01 1.088687e-01 1.042475e+00 4.886477e+00 5.232498e+00 -3.345825e+00 
-1.831425e+01 -1.390491e+00 -2.495543e+00 -9.187064e-01 -7.218092e+00 -1.746229e+00 -1.296963e+00 2.649812e+00 -5.989794e+00 -5.047236e+00 -2.446435e-01 5.753562e-01 
-2.026276e+01 -3.126899e+00 -4.179302e+00 -1.217616e+00 -2.144118e+00 -1.419147e+00 -1.968962e+00 -3.596322e+00 3.099014e-01 -7.136744e-01 1.915319e+00 2.125951e+00 
-1.957549e+01 -2.023957e+00 -4.677125e+00 -1.410613e+00 -1.967984e+00 3.041566e+00 -5.590321e-01 -7.916158e-01 -1.050178e+00 -4.707609e+00 6.686468e-01 -2.450747e+00 
-1.879162e+01 1.789925e+00 -3.774700e+00 -1.665981e+00 -6.292692e+00 -2.156772e+00 -3.771440e+00 -4.214271e+00 -9.896736e-01 -2.951090e+00 3.339084e+00 -3.737523e-01 
-1.923046e+01 3.675919e-01 -4.814075e+00 -6.103822e-01 -4.790315e+00 -5.016276e-01 -5.793189e-01 -1.961808e+00 -6.588924e-01 -1.000407e+00 2.290049e+00 -6.915785e-01 
-1.885431e+01 -1.373315e+00 -4.046196e+00 -1.214478e+00 -4.210891e+00 -3.461715e+00 -5.261502e+00 -1.701174e+00 5.014022e+00 5.324478e+00 -6.911468e-01 -4.280631e+00 
-1.763115e+01 -1.359819e+00 -4.954389e+00 5.523058e-01 -6.723590e+00 -1.519889e-01 1.286048e+00 5.334057e+00 4.258624e+00 4.880027e+00 -3.099716e+00 -6.591228e+00 
-1.891375e+01 -6.457900e-01 -5.956283e+00 -3.671657e+00 -1.815964e+00 -2.327644e+00 2.596066e+00 3.737402e+00 -2.335623e+00 -5.993228e+00 3.738259e+00 5.472661e+00 
-1.922303e+01 -2.500156e-02 -3.343669e+00 -2.071980e+00 -1.411975e+00 4.194810e+00 -2.775867e+00 -4.592237e+00 1.624331e+00 -1.992198e+00 2.788341e-01 4.176350e-01 
-1.921420e+01 -7.598875e-01 -6.136960e+00 -2.162987e+00 -2.034384e+00 -1.580996e+00 -1.037800e+00 -2.722433e+00 -2.032015e+00 -1.025242e+00 1.973310e+00 -2.013338e+00 
-1.870200e+01 -1.069055e+00 -4.532007e+00 -3.841510e+00 -1.476628e+00 -2.552654e+00 -3.594945e+00 -4.975035e-01 3.783763e-01 -4.263157e+00 -6.239021e+00 2.166076e+00 
-2.074014e+01 -9.860376e-01 -2.963574e+00 -2.020593e+00 -8.601602e-01 1.404467e+00 3.695608e+00 4.142276e+00 -7.606991e-01 -1.541296e+00 -1.198501e+00 -1.445201e-01 
-2.012438e+01 -1.336918e+00 -3.224980e+00 5.715270e-01 -3.279201e+00 3.731821e+00 -9.135432e-01 -6.239092e-01 -2.917841e+00 -1.208441e+00 4.667672e+00 1.438254e+00 
-2.046384e+01 -2.058717e+00 -4.178822e+00 -1.826027e+00 -3.113901e+00 2.027253e-01 2.503254e+00 1.766536e+00 -1.269370e+00 -3.245241e+00 1.217648e-01 2.294002e+00 
-1.905446e+01 -9.230591e-01 -4.002469e+00 -7.182565e-01 -2.323746e+00 1.573084e+00 -3.585816e+00 2.471780e+00 5.173797e+00 1.890462e+00 -4.893492e-01 -4.488013e+00 
-1.910275e+01 -9.026116e-01 -4.849634e+00 2.554451e+00 -3.135219e+00 -8.439353e-01 -1.539390e+00 -8.185240e-01 3.765648e-01 -3.053978e+00 -3.922509e+00 -2.482132e+00 
-2.009466e+01 -1.648539e+00 -2.899184e+00 -6.582391e-01 -4.105700e+00 -3.905327e-01 2.412978e+00 1.823968e-01 6.185705e+00 2.695829e+00 -1.524602e+00 8.415357e-01 
-1.974824e+01 -2.064852e+00 -5.355627e+00 -2.093947e+00 -7.430873e-01 -9.894301e-01 1.761266e+00 3.898538e+00 3.909003e+00 1.890140e+00 -1.157154e+00 1.199885e+00 
-1.896344e+01 -1.965068e+00 -7.407468e+00 -1.846033e+00 -2.160892e+00 -3.228607e-01 -4.237528e+00 -1.518762e+00 -8.545351e-01 8.867188e+00 3.348706e+00 2.497808e+00 
-1.970644e+01 -2.928557e+00 -5.418575e+00 -9.022310e-01 -6.004378e+00 1.336232e+00 1.108539e+00 3.422014e+00 2.087714e+00 3.474748e+00 3.511237e+00 -7.714323e-01 
-1.874704e+01 -1.657127e+00 -3.464281e+00 -1.266258e+00 -4.783675e+00 3.203979e+00 4.244365e+00 2.224601e+00 1.378690e+00 5.903292e-01 -1.278596e+00 -1.185004e+00 
-1.841594e+01 -2.447222e+00 -5.098065e+00 -1.823673e+00 -5.267693e+00 -2.134576e-01 1.529490e+00 2.337101e-01 1.349098e-01 1.690491e+00 1.068341e+00 -2.159538e+00 
-1.861423e+01 -1.105860e+00 -5.601655e+00 2.110009e+00 -6.071127e+00 -8.746335e+00 1.318507e+00 4.680613e-01 -7.188650e+00 -6.898069e-01 4.835924e+00 -3.632663e+00 
-1.981371e+01 -7.136759e-01 -3.214408e+00 7.060756e-01 -1.020922e+01 -4.256297e+00 1.852049e+00 4.953588e+00 1.868159e+00 -1.294880e+00 -3.284090e+00 -7.988449e-01 
