-1.965641e+00 5.383379e+00 1.680463e+01 -5.925827e+00 -2.891158e+00 1.534249e+00 -1.317188e+01 -7.849037e+00 -4.355830e+00 -5.200045e+00 2.277191e+00 -2.162181e-01 
-3.238075e+00 4.216184e+00 1.904519e+01 -3.777135e+00 -5.103452e+00 4.444715e+00 -1.558116e+01 -5.601593e+00 -6.497147e+00 -7.264764e+00 4.366951e+00 -1.530198e+00 
-3.447490e+00 5.028073e+00 1.815784e+01 -2.273961e-01 -7.742892e+00 3.923199e+00 -1.399777e+01 -9.077529e+00 -1.945058e+00 -1.157789e+01 4.848832e+00 -2.972934e+00 
-5.522750e+00 8.210464e+00 1.757142e+01 -2.342489e+00 1.179482e+00 -2.680223e+00 -1.222481e+01 -8.271178e+00 -2.653940e+00 -7.971136e+00 4.279035e+00 -7.210716e+00 
-6.813650e+00 6.837390e+00 1.805271e+01 -2.634499e+00 2.916475e+00 -4.710167e-01 -1.453300e+01 -7.091936e+00 1.609730e+00 -6.469307e+00 -7.705895e-01 -8.386637e+00 
-9.601507e+00 9.114499e+00 1.823457e+01 3.201332e+00 7.052126e+00 -6.019308e+00 -1.325290e+01 -1.176945e+01 -2.160120e+00 -4.147975e+00 1.015843e+00 -6.755977e+00 
-1.130914e+01 1.299256e+01 1.360846e+01 -1.180458e+00 3.512648e+00 -2.532453e+00 -9.753450e+00 -4.974499e+00 -4.313247e+00 -3.893729e+00 4.290213e+00 -1.210940e+01 
-1.393500e+01 1.514224e+01 8.620630e+00 -4.162293e+00 1.127687e+01 -2.099944e+00 -8.178231e+00 -6.947857e+00 -8.149976e-01 -4.654498e+00 -3.100117e-02 -5.947345e+00 
-1.700404e+01 1.284521e+01 9.941450e+00 -1.389700e+00 1.096915e+01 -5.114108e+00 -1.306442e+00 -2.268206e+00 2.052058e-01 -9.883702e+00 1.825221e+00 -2.684908e+00 
-1.760962e+01 1.059549e+01 7.045711e+00 -1.561246e+00 1.025740e+01 -2.857374e+00 -7.578285e-01 -2.624273e+00 -1.328141e+00 -9.590037e+00 -1.476643e+00 -6.572146e+00 
-1.858325e+01 8.708139e+00 6.731823e+00 4.795469e-01 1.078375e+01 -3.952687e+00 -3.431389e+00 -5.731600e+00 1.711715e+00 -8.262042e+00 8.412176e-01 -6.754488e+00 
-1.752862e+01 9.436599e+00 9.360509e+00 -9.900641e-01 1.453993e+01 9.457111e-02 -6.055886e+00 -8.060719e+00 -4.878277e+00 -1.058653e+01 3.255152e+00 -4.026053e+00 
-1.472860e+01 8.176842e+00 1.019505e+01 -3.576943e-01 9.340507e+00 -4.734313e+00 -3.787467e+00 -1.236687e+01 -2.921605e+00 -6.623432e+00 7.840117e+00 -2.005404e+00 
-1.341755e+01 8.994127e+00 1.613451e+01 -4.672322e-01 2.263959e+00 -4.249092e+00 -5.005493e+00 -7.622365e+00 -6.696465e+00 -1.024359e+01 7.957943e+00 6.876782e-01 
-1.016890e+01 6.208135e+00 1.861372e+01 -2.434271e+00 2.784804e-01 -6.893398e+00 -3.476735e+00 -7.687216e+00 -5.596821e+00 -1.060821e+01 1.618571e+00 4.621693e-01 
-9.305222e+00 3.193436e+00 2.213325e+01 -1.069554e+00 -3.504186e+00 -6.213742e+00 -8.432838e+00 -1.155654e+01 -4.896885e+00 -1.258818e+01 6.958532e+00 4.770544e-01 
-7.642495e+00 1.680067e+00 2.251988e+01 -1.118177e+00 -5.398650e+00 -3.923738e+00 -1.102017e+01 -8.347041e+00 -3.250103e+00 -1.388346e+01 7.164577e+00 -2.177327e+00 
-6.961793e+00 1.030058e+00 2.244615e+01 -3.734522e+00 -4.640672e+00 -2.101240e+00 -8.109097e+00 -8.187056e+00 -7.446498e+00 -1.552916e+01 6.808681e+00 1.621717e+00 
-6.509810e+00 9.507782e-01 2.405594e+01 -2.688585e+00 -2.835297e+00 -3.859791e+00 -9.189598e+00 -9.678622e+00 -9.146956e+00 -1.280892e+01 7.597212e+00 2.386065e+00 
-6.862751e+00 2.252458e+00 2.414014e+01 -1.520271e+00 -2.409597e+00 -2.105993e+00 -9.218590e+00 -1.097166e+01 -9.748844e+00 -1.262681e+01 6.706564e+00 7.036797e-01 
-6.950042e+00 1.769724e+00 1.979653e+01 -4.838369e+00 -3.837909e+00 -5.292988e+00 -7.062420e+00 -3.791585e+00 -1.350044e+01 -7.890329e+00 1.680505e+00 3.535193e+00 
-7.169528e+00 2.522257e+00 1.937154e+01 -6.684944e+00 -4.091210e+00 -6.105723e+00 -5.249321e+00 -1.513857e+00 -7.904892e+00 -6.161846e+00 7.596454e-01 -1.233613e+00 
-5.792597e+00 3.271885e+00 2.049356e+01 -6.828627e+00 -7.507408e+00 -6.237506e+00 -5.473078e+00 -1.643865e+00 -6.581598e+00 -8.584876e+00 1.898334e+00 -3.454094e+00 
-6.043559e+00 4.851251e+00 2.039740e+01 -7.984375e+00 -2.089840e+00 -6.579279e+00 -2.982017e+00 -2.244040e+00 -1.315799e+01 -5.388857e+00 4.438251e+00 -4.560428e+00 
-6.611370e+00 2.854318e+00 1.963560e+01 2.916116e-01 -3.452659e+00 -5.822713e+00 -8.181577e+00 -8.324099e+00 -1.145682e+01 -7.956946e+00 4.262418e+00 -8.763713e-01 
-4.913811e+00 3.047744e+00 2.064802e+01 -1.246836e+00 -8.802810e+00 -2.770094e+00 -5.069423e+00 -6.515927e+00 -1.070464e+01 -9.746922e+00 2.304382e+00 5.540847e-01 
-5.591156e+00 6.243417e+00 2.240230e+01 -4.136616e+00 -8.845668e+00 -4.111259e+00 -3.759219e+00 -3.592139e+00 -1.079410e+01 -1.067955e+01 3.713769e+00 -2.249520e+00 
-5.049364e+00 3.804013e+00 1.962066e+01 6.478147e-01 -7.963929e+00 -1.456583e+00 -1.039759e+01 -4.911178e+00 -1.094403e+01 -9.673209e+00 5.271194e+00 -7.636168e-01 
-5.560520e+00 5.251384e+00 1.991860e+01 3.124300e+00 -7.019586e+00 -1.729655e+00 -9.440116e+00 -6.128046e+00 -8.826690e+00 -1.318970e+01 2.120391e+00 2.261775e+00 
-6.361667e+00 3.131174e+00 2.432200e+01 1.316788e+00 -8.020271e+00 -1.569787e+00 -9.709591e+00 -8.163502e+00 -7.138755e+00 -9.333032e+00 4.129788e+00 -2.969697e-01 
-5.712440e+00 4.473531e+00 2.107401e+01 -2.331289e+00 -7.274814e+00 -3.534920e-01 -9.831133e+00 -2.071207e+00 -1.026378e+01 -1.032873e+01 4.257886e+00 -1.185609e+00 
-5.307460e+00 4.327009e+00 2.109942e+01 -8.286254e-01 -9.990822e+00 -1.499358e+00 -7.705814e+00 -2.214061e+00 -8.506422e+00 -6.700691e+00 8.995267e-01 -2.216400e+00 
-5.856386e+00 5.013960e+00 1.998188e+01 1.298639e-02 -3.753635e+00 -1.624228e+00 -7.180618e+00 -5.330872e+00 -9.971779e+00 -8.253764e+00 1.782924e+00 -1.302568e-01 
-5.158058e+00 6.037539e+00 2.002024e+01 3.340372e+00 -4.211119e+00 -6.108748e+00 -7.334126e+00 -6.525410e+00 -9.441817e+00 -4.876816e+00 8.859313e-01 8.380175e-01 
-6.336906e+00 6.578798e+00 2.070033e+01 1.087332e+00 -1.350161e+00 1.720474e+00 -5.651117e+00 -7.978738e+00 -1.625761e+01 -7.660916e+00 5.523464e+00 3.050684e+00 
-7.061674e+00 6.587100e+00 1.615992e+01 -3.238222e-01 -4.060390e+00 3.823821e+00 -2.649726e+00 -8.804667e+00 -5.854466e+00 -3.075409e+00 -1.814412e+00 -2.395021e+00 
-1.008580e+01 6.314810e+00 1.263491e+01 2.960403e+00 -3.523653e-01 8.487220e+00 -4.342399e+00 -5.320777e+00 -3.817280e+00 -2.306362e+00 -4.867027e+00 -1.378743e+00 
-1.398578e+01 4.970793e+00 6.046252e+00 3.690838e+00 3.423078e+00 7.037172e+00 7.316376e+00 2.804526e+00 3.132699e+00 3.698195e+00 -3.467912e+00 -2.641742e+00 
-1.736118e+01 3.643378e+00 -1.264844e+00 2.312428e-01 -2.464013e+00 2.241438e-02 -4.632317e+00 -3.165103e+00 -3.435106e+00 -7.916345e+00 1.115992e-01 -4.050614e+00 
-1.695955e+01 4.319538e+00 -2.275196e-01 -3.227296e-01 -5.737669e+00 -4.177799e+00 -4.775417e+00 -1.143719e+00 -3.541027e+00 -2.730501e+00 -9.905325e-01 -3.039173e+00 
-1.830501e+01 -7.767696e-01 -6.620867e+00 1.193592e+00 1.874376e+00 -5.367305e+00 -4.116040e+00 2.209246e+00 -2.411324e+00 7.587884e-01 8.878594e-03 -3.891344e+00 
-1.866718e+01 6.988268e-01 -3.968764e+00 7.906783e-01 -4.066650e+00 -3.219022e+00 -2.231205e+00 2.416951e+00 3.080455e+00 1.094236e+00 -2.349466e+00 -2.950979e+00 
-2.004789e+01 -3.978049e-01 -4.039513e+00 -7.928413e-01 -3.117011e+00 -2.868608e+00 -3.246288e+00 3.508095e+00 -1.531752e+00 1.093054e+00 -1.470600e+00 -4.209512e+00 
-1.981204e+01 -1.538020e+00 -8.329314e+00 -5.073870e-01 -8.223695e-01 -4.094408e+00 -3.309475e+00 4.600769e+00 -4.118224e+00 -3.280778e+00 -1.008055e+00 -4.024937e+00 
-1.945070e+01 4.742705e-01 -5.256701e+00 -5.726727e-01 4.391017e+00 -9.692007e-01 -3.662580e+00 3.277053e-02 -5.807589e+00 5.782536e-01 -1.162741e+00 -3.239377e+00 
-2.026109e+01 -1.695749e+00 -4.570133e+00 1.205611e+00 3.403334e+00 4.573041e+00 1.036687e+00 -2.047040e+00 -1.041868e+00 1.746212e+00 -4.850867e-01 -6.475132e-01 
-1.986660e+01 -2.335381e+00 -7.346796e+00 2.015810e+00 -1.185948e+00 3.355019e+00 3.681627e+00 -1.144331e+00 -4.223787e+00 1.610613e+00 1.114938e+00 -5.503881e-01 
-2.245427e+01 -3.194174e+00 -1.476594e+00 2.792409e+00 -1.832204e+00 1.480672e+00 -4.224574e+00 -1.200616e+00 -3.490892e-01 5.933595e+00 1.976583e+00 -1.511964e+00 
-2.158598e+01 -2.865849e+00 -2.617552e+00 3.242853e+00 2.096171e-01 3.327366e+00 -1.618661e+00 4.787720e-01 1.505598e+00 7.319841e-01 4.513782e+00 -2.571037e+00 
-2.041972e+01 -8.905005e-01 -2.069992e+00 1.981118e+00 -2.697571e+00 -9.091420e-01 -1.183413e+00 4.708445e+00 4.317189e-01 -3.201547e+00 -3.015035e+00 -5.704829e-01 
-2.003950e+01 -1.312218e+00 -6.164983e+00 -3.408913e+00 -3.504391e-01 4.963518e-02 2.569229e-02 2.525240e+00 1.023587e+00 -3.356855e+00 -5.083499e-01 -3.438465e+00 
-2.018303e+01 6.394709e-01 -5.072354e+00 -4.315810e+00 -2.440140e-01 -8.145173e-01 -3.664066e+00 -1.018912e+00 -2.229183e+00 -5.548501e+00 -5.146488e+00 2.634535e-01 
-1.884093e+01 -1.018759e+00 -5.052923e+00 -2.710438e+00 4.060943e-01 4.795511e-01 -3.238111e+00 -3.618140e+00 -1.864544e+00 5.045418e-01 -1.334949e+00 -9.496803e-01 
-1.954597e+01 -1.604847e+00 -4.831208e+00 -1.886035e+00 -1.253849e+00 -1.259988e+00 -1.200139e+00 1.361646e-01 -4.900784e-01 7.618719e+00 -2.965642e-01 -3.810703e-01 
-2.008105e+01 -6.310778e-01 -4.626434e+00 -4.391203e+00 -6.834666e+00 -1.483371e+00 4.903038e-01 6.256039e-01 1.534941e+00 2.406859e+00 2.849708e+00 -6.184873e-01 
-1.828403e+01 -4.447085e-01 -3.601565e+00 -5.322958e+00 -2.988915e+00 -3.006008e+00 -3.063416e+00 -3.022860e+00 -5.562789e-01 -1.602749e+00 3.822834e+00 8.261094e-01 
-1.911875e+01 -1.676479e-02 -1.786926e-01 -1.892864e+00 -4.041127e+00 -9.264251e-01 -5.595735e+00 -2.264229e+00 3.600397e+00 -9.618995e-02 -5.343322e-01 -2.695328e+00 
-2.114365e+01 -1.867590e+00 -3.910969e+00 4.391190e-01 -4.539748e-01 5.839889e+00 1.738064e+00 -1.558519e+00 2.835729e-01 2.420655e+00 2.198640e+00 -1.899348e+00 
-2.117932e+01 -2.306326e+00 -6.527698e+00 -1.625166e+00 -1.076634e+00 3.322130e-01 8.508423e-01 -5.719929e-01 3.352056e+00 4.449110e+00 -6.140917e-01 -2.841573e+00 
-2.024304e+01 -2.699818e+00 -3.968266e+00 3.538567e-02 -1.490777e+00 7.336119e-01 4.999637e+00 3.986522e+00 6.593055e-01 -1.246016e+00 -3.706888e+00 -2.218000e-01 
-1.956444e+01 -2.311307e+00 -4.555685e+00 -1.061122e-01 -2.942685e+00 1.827147e-01 7.549864e-02 1.951984e+00 7.193116e+00 3.575605e+00 2.650913e+00 -1.282734e+00 
-1.840363e+01 -5.862495e-01 -5.143601e+00 -4.918168e-01 1.100988e+00 -4.113420e+00 -3.547356e+00 -2.749080e+00 -2.195546e+00 3.533033e+00 4.605928e+00 -5.838795e-01 
-1.640853e+01 -1.944175e-01 -2.133765e+00 3.666254e+00 2.194133e+00 -2.751947e+00 -1.777744e+00 -1.898985e+00 -1.424758e+00 1.480139e+00 -1.155792e+00 -8.462290e-01 
-9.096227e+00 -7.749638e+00 2.955204e+00 -8.939622e+00 -5.645691e+00 -1.509896e+01 1.582327e+00 -2.195096e+00 -5.873431e+00 4.332038e+00 1.198248e+01 9.236550e+00 
-7.073844e+00 -7.619719e+00 6.020412e-01 -8.182417e+00 -7.247846e+00 -1.666048e+01 1.684913e+00 -1.221418e+00 -3.629413e+00 5.352572e+00 1.295016e+01 1.227757e+01 
1.326658e+00 -7.750053e+00 9.803439e+00 -1.007000e+00 -9.106675e+00 -1.011712e+01 -7.487261e+00 1.834825e+00 -8.302453e+00 4.034826e+00 -5.518551e-01 -2.123741e+00 
8.331278e-01 -9.846189e+00 1.106447e+01 -6.118133e+00 -9.920033e+00 -1.637358e+01 -6.966153e+00 7.072790e-01 -6.356516e+00 6.069588e+00 -1.561840e+00 1.944723e+00 
6.069266e-01 -1.108395e+01 1.017562e+01 -5.731062e+00 -1.278003e+01 -1.462195e+01 -8.135116e+00 3.531344e+00 -5.628669e+00 6.858738e+00 -8.748208e-01 -6.687245e-01 
4.470329e-01 -1.205938e+01 1.056474e+01 -7.272242e+00 -1.387943e+01 -1.485786e+01 -7.787214e+00 3.448751e+00 -5.919235e+00 8.004228e+00 -8.231583e-01 -2.534308e-01 
-5.369624e-03 -1.024881e+01 8.938005e+00 -8.574677e+00 -1.362806e+01 -1.703552e+01 -5.842908e+00 2.889566e+00 -5.561752e+00 6.444059e+00 -7.198335e-01 3.708232e+00 
-3.474641e-02 -8.026909e+00 8.780563e+00 -7.888222e+00 -1.701873e+01 -1.807294e+01 -3.917930e+00 1.056310e+00 -6.316438e+00 7.105889e+00 -1.898401e+00 3.986211e+00 
-2.303119e-01 -7.875406e+00 5.691010e+00 -4.187697e+00 -1.568433e+01 -1.634593e+01 -3.221756e+00 2.215058e+00 -3.572159e+00 5.602877e+00 1.859964e+00 4.092268e+00 
-6.569403e+00 -1.188255e+01 7.683949e+00 -5.197577e+00 -1.338150e+01 -1.635846e+01 -4.251667e-01 1.008896e+00 -6.521838e+00 -1.643832e-01 -3.083314e+00 1.569619e+00 
-8.856176e+00 -7.005821e+00 4.962591e+00 1.457431e-01 -1.369837e+01 -1.535302e+01 3.119633e+00 5.980681e+00 -1.602247e+00 1.648455e+00 -1.013191e+00 3.385119e-02 
-1.216064e+01 -2.052714e+00 -1.813401e+00 -2.179957e+00 -1.575800e+01 -1.982847e+01 -9.686174e+00 1.099748e+00 1.225409e+00 6.752703e+00 3.399263e+00 -8.019459e-01 
-1.397655e+01 1.602624e-02 -4.494900e+00 -3.033315e+00 -1.198930e+01 -1.038717e+01 -3.097984e+00 -5.163545e+00 -5.903132e+00 -3.700186e+00 9.859329e-01 -7.133797e-01 
-1.674049e+01 -5.073850e-01 -2.455625e+00 -1.848612e+00 -8.456085e+00 -1.240324e+01 -5.586071e+00 -2.214320e-01 1.833738e+00 2.337877e+00 1.644251e+00 -1.965215e+00 
-1.594605e+01 -1.070229e+00 -4.355394e+00 -3.608594e+00 -5.167982e+00 -7.500034e+00 -6.484444e+00 -2.355387e+00 -2.183380e+00 -2.289412e+00 -5.308122e+00 1.280849e+00 
-1.753408e+01 -3.102238e-01 -4.124712e+00 -3.998396e+00 -7.035478e+00 -1.955199e+00 -3.674102e+00 -3.960442e+00 -2.489333e+00 -3.272106e+00 2.283536e+00 3.458907e+00 
-1.792563e+01 -3.289022e-01 -2.306155e+00 1.515104e+00 -5.155461e+00 -3.489069e+00 -5.902379e+00 -4.374018e+00 -2.042033e+00 -9.796982e+00 -3.041017e+00 5.692041e+00 
-2.531851e+01 -5.280348e+00 8.035205e+00 -9.095325e+00 -2.733688e+00 -2.739417e+00 -1.758044e+00 -2.582365e+00 -9.471876e+00 6.845730e+00 -5.872031e-01 -1.726792e-01 
-2.617589e+01 -5.956507e+00 1.215461e+01 -1.131531e+01 -3.786381e+00 -5.486990e+00 1.935803e+00 -5.279433e-01 -7.391033e+00 1.030309e+01 1.637000e+00 -2.061707e-01 
-2.180756e+01 -2.343683e+00 -3.859582e-01 -3.824939e+00 -3.154091e+00 -9.177836e-01 -1.733141e+00 1.583681e+00 -7.501964e+00 1.920440e+00 -2.887238e+00 2.589880e-01 
-1.967733e+01 -1.533249e-01 -4.587073e+00 -1.184555e+00 -1.818925e-01 -1.030988e+00 -1.950207e+00 -5.179758e+00 -2.525476e+00 -1.721004e+00 2.119029e-01 4.267167e+00 
-2.078567e+01 -2.841774e+00 -4.662307e+00 3.258696e+00 -1.604426e+00 -2.039454e+00 -8.436887e-01 5.357170e-02 -8.808402e-01 -3.803856e+00 4.448369e-01 4.143993e+00 
-1.524395e+01 -5.848173e+00 -5.432079e+00 2.745425e+00 -2.013753e+00 -8.576768e+00 4.542499e-01 3.117768e+00 -2.461422e+00 -3.836573e+00 -7.400755e-01 6.463721e-01 
-1.305748e+01 -9.028488e+00 -4.315037e+00 2.056237e+00 -3.845613e+00 -1.062611e+01 -1.455861e+00 7.679953e+00 -5.442949e+00 -5.337219e+00 -1.793868e+00 -2.681931e+00 
-1.953380e+01 -4.277109e+00 -4.722095e+00 -2.205908e+00 -4.978728e+00 -4.755485e+00 -1.713030e-01 6.720346e+00 1.512397e+00 4.714305e-01 -6.962682e-01 1.417791e+00 
-1.999837e+01 -2.082185e+00 -4.446571e+00 1.026417e+00 1.129881e+00 1.930463e+00 3.100345e-01 -2.682088e+00 -2.086763e+00 -3.242936e+00 -6.291218e+00 -3.228214e+00 
-1.589695e+01 4.840220e-02 -1.588697e+00 6.586082e+00 -9.278315e-01 -2.166916e+00 3.261247e+00 5.070324e+00 -2.837870e+00 -4.917811e+00 -6.848931e+00 -8.814955e+00 
-1.897228e+01 -2.745272e-01 -5.903409e+00 -1.958423e+00 -2.955206e+00 -4.372665e+00 1.266762e+00 -3.180704e+00 -4.262075e+00 -1.370577e+00 5.116812e+00 3.049196e+00 
-2.046420e+01 -3.438450e-01 -4.099800e+00 -6.609040e-01 -1.636690e+00 -2.980516e+00 1.009925e+00 5.293019e+00 1.129150e+00 -8.376442e-01 -7.609217e-01 -4.935160e+00 
-2.095312e+01 -1.723974e+00 -5.321970e+00 4.369646e+00 5.110951e+00 1.879910e+00 -3.262642e+00 -4.115533e+00 -8.593019e+00 -6.491381e+00 -3.009481e-02 1.133486e+00 
-1.890598e+01 6.386408e-01 -2.491000e+00 -2.691043e+00 1.129400e+00 3.014110e+00 -1.931251e+00 2.855000e+00 7.605743e-01 4.209842e+00 -8.249711e-01 -6.646311e-01 
-1.795585e+01 6.793182e-01 -4.917901e+00 1.591316e+00 -3.861505e+00 -2.808981e+00 -1.406054e+00 6.076428e+00 5.405024e-01 1.139173e+00 -3.264888e+00 -3.386479e-01 
-1.786646e+01 3.049194e-01 -5.198407e+00 -1.856807e+00 -1.796569e+00 -4.370937e+00 -4.966465e+00 1.268299e+00 -2.825308e-01 3.872029e+00 -2.843431e+00 9.656571e-01 
-1.755422e+01 -2.235348e+00 -4.858113e+00 1.342739e+00 1.238714e+00 -4.087977e-01 -8.664401e+00 -7.194364e-01 3.291580e+00 -2.301632e+00 -4.717478e+00 -5.097035e+00 
-1.875657e+01 -1.625186e+00 -7.493774e+00 -5.920672e-01 4.973864e-02 -8.179740e-01 -4.125293e-01 -9.201065e-01 -1.952931e+00 2.067863e+00 6.765625e-01 4.882182e-01 
-1.987457e+01 -8.315597e-01 -4.730565e+00 1.060016e+00 -2.210712e+00 -2.874657e+00 -2.445257e-01 1.833601e+00 -1.326352e+00 1.235353e+00 -3.863991e+00 -2.010986e+00 
-1.992787e+01 -1.327576e+00 -5.416634e+00 -3.066914e+00 -6.822146e+00 -9.259930e-01 2.442044e+00 7.877306e-01 1.477329e+00 5.363610e+00 -5.128817e-01 8.443437e-01 
-2.011756e+01 -3.632910e+00 -5.086802e+00 8.054291e-01 -4.020902e+00 9.721180e-01 4.597097e+00 1.768139e+00 2.325053e+00 1.952762e+00 -2.594787e+00 5.150113e-01 
-2.047428e+01 -2.397228e+00 -8.052794e+00 -1.544583e+00 1.317209e+00 -6.494642e-01 3.225193e+00 1.858379e+00 1.344212e+00 6.598490e-01 1.587151e+00 5.365947e-01 
-1.953884e+01 -3.028559e+00 -3.490888e-01 3.844866e-01 6.069055e-01 -3.279512e+00 -1.537632e+00 -8.093709e-01 -4.310742e+00 -4.503921e+00 2.541996e-01 2.708960e-01 
-1.970670e+01 -1.764236e+00 -3.783421e+00 -6.682794e-01 -4.721574e+00 -8.292080e-01 1.301370e-01 2.494038e+00 4.284230e+00 -8.676020e-01 -4.004932e-01 3.651669e+00 
-1.993248e+01 -2.048148e+00 -5.505320e+00 -1.207228e+00 -2.907531e+00 -3.315807e+00 -1.874383e+00 7.335864e-01 -2.900492e+00 2.224747e+00 -3.488308e-01 3.282147e+00 
-2.008398e+01 -1.794537e+00 -5.277128e+00 -2.109755e+00 9.300333e-01 -7.773588e-01 -1.238423e+00 2.168561e+00 -5.642267e+00 7.552408e-01 1.011009e+00 2.586159e-01 
-2.125990e+01 -1.636808e+00 -2.870655e+00 -5.095723e-01 -8.936406e-01 2.183228e+00 3.442299e-01 7.051377e-01 -3.669438e-02 -7.300329e-01 6.732392e-01 -8.893957e-01 
-2.047176e+01 -1.383611e+00 -1.858242e+00 4.239621e+00 -4.584329e+00 1.209328e+00 2.852017e+00 3.046187e+00 -9.173400e-01 -8.132050e-01 -3.293891e+00 2.153486e+00 
-2.031061e+01 -8.444270e-01 -2.021663e+00 -8.963696e-01 1.396667e+00 2.206560e+00 4.758039e+00 -1.283821e+00 -2.485039e+00 -3.206277e+00 7.504275e-02 3.566452e+00 
-2.033914e+01 -1.146603e+00 -3.754523e+00 -2.707160e+00 1.878228e+00 -4.230562e-01 3.186909e+00 -1.063879e+00 -1.152441e+00 2.938609e+00 3.575399e+00 4.296193e+00 
-1.844182e+01 3.553483e-02 -6.478372e+00 1.476552e-01 -7.727686e-01 -1.563738e+00 -9.117078e-01 -1.328176e+00 2.285333e+00 1.121041e+00 -5.760247e-01 1.621717e+00 
-1.929459e+01 -1.130830e+00 -6.191887e+00 1.357216e+00 -2.952798e+00 -3.203035e+00 1.727285e+00 2.091168e+00 2.127579e-02 1.145874e+00 1.003758e+00 3.050205e-02 
-2.030641e+01 -1.924871e+00 -6.281071e+00 2.649272e+00 5.293740e-01 -3.876210e+00 1.891200e+00 5.081336e+00 3.601508e-01 -1.808512e+00 3.265122e+00 8.369011e-01 
-1.949435e+01 -2.175162e+00 -5.638349e+00 -2.895915e+00 -5.893213e+00 -1.382266e+00 -1.586656e-01 1.074358e+00 -2.675015e-01 1.361491e+00 2.203776e+00 3.832523e+00 
-1.931893e+01 -1.516021e+00 -4.253754e+00 -1.050979e+00 -2.159184e+00 -5.458041e+00 -7.838467e-01 -1.895008e+00 -1.715324e+00 2.468351e+00 -2.044177e-01 3.365876e+00 
-1.881449e+01 -2.409680e+00 -4.568141e+00 -1.791248e+00 -2.631115e+00 6.087419e-01 2.042106e+00 3.341686e+00 1.762170e+00 2.900768e+00 2.640152e-02 -3.293447e-01 
-2.111133e+01 -8.103908e-01 -3.780431e+00 -1.653301e+00 -2.987471e+00 -6.671793e-01 1.835447e+00 1.168881e+00 5.087224e+00 2.396216e+00 -4.898145e+00 -5.073219e+00 
-2.086037e+01 -1.212185e+00 -3.691746e+00 -5.530408e-02 -6.441917e-01 1.570976e+00 9.965844e-02 1.290323e+00 2.411293e+00 2.761622e+00 -1.981484e+00 -8.318538e+00 
-2.030431e+01 -1.217166e+00 -4.675759e+00 2.186809e+00 -2.296911e+00 -2.042910e+00 -9.752667e-01 1.724701e+00 2.422386e+00 -4.951010e-01 1.094844e-01 -2.518567e+00 
-1.940328e+01 -7.904671e-01 -4.717113e+00 6.488716e-02 -3.990082e+00 -6.050849e+00 2.473266e+00 -2.217732e+00 2.073491e+00 1.854217e+00 3.562407e+00 -1.065412e+00 
-1.971720e+01 1.104356e+00 -2.738124e+00 -3.161155e+00 -5.624502e+00 -2.821079e+00 -2.167646e+00 -5.058315e+00 2.699712e+00 3.095099e+00 6.510187e+00 1.146883e+00 
-1.885604e+01 -1.815501e-01 -5.136626e+00 6.923401e-01 -3.555713e+00 -2.446469e+00 -3.508289e-01 -3.535242e+00 -7.121221e+00 9.196143e-01 2.537920e+00 5.112901e-01 
-1.900963e+01 -3.079198e+00 -3.848689e+00 1.478773e+00 -3.591072e-01 9.466255e-01 -1.743920e+00 -2.513231e+00 -1.057613e+00 2.516047e+00 -3.838767e-01 -2.322196e-01 
-2.022331e+01 2.954352e+00 -7.770724e-01 8.024243e-01 -1.983896e+00 2.019039e+00 2.550577e+00 1.184482e+00 4.703261e+00 4.485769e+00 1.951809e+00 -1.781384e+00 
-1.950065e+01 -3.438450e-01 -5.433076e+00 2.044729e-01 -2.236716e+00 -2.241233e+00 4.631665e+00 2.599574e+00 -6.270992e+00 1.245513e-01 1.405879e+00 5.016147e-01 
-1.737922e+01 6.373956e-01 -6.543143e+00 -3.591112e+00 -4.424932e+00 -1.595279e+00 1.337755e+00 -1.351683e-01 -7.133030e+00 3.801865e+00 2.438825e+00 3.362154e+00 
-1.948344e+01 1.976193e-02 -6.435026e+00 -3.099147e+00 4.239120e-01 -2.093463e+00 1.739179e+00 -2.703195e+00 -7.239666e+00 5.402634e+00 3.253037e+00 2.531195e+00 
-1.821730e+01 -2.641293e+00 -7.544096e+00 -1.058901e+00 -1.729632e+00 -2.181607e+00 -7.968559e-01 3.151417e+00 5.670862e+00 2.483724e+00 5.955945e-01 3.630830e+00 
-1.974867e+01 -1.747218e+00 -5.097266e+00 -7.739931e-01 -4.686902e+00 -2.676766e+00 -1.408656e+00 8.804181e-01 4.453542e-02 -4.181481e+00 4.463475e-01 1.424117e+00 
-1.865082e+01 -2.932261e+00 -6.423566e+00 1.009754e+00 -4.796698e+00 2.809738e+00 1.078688e+00 4.174345e+00 -8.192917e-01 -2.563368e+00 -5.032589e+00 2.054017e-01 
-2.038992e+01 -1.925286e+00 -3.577152e+00 -1.738528e+00 -4.929813e-01 -3.340435e+00 -6.584800e+00 -3.208493e-01 6.497117e+00 2.038694e+00 -2.074235e+00 4.510166e+00 
-1.978854e+01 2.007148e+00 1.571176e-01 -3.122912e+00 2.707754e-01 -5.020348e+00 -4.272893e+00 -3.369750e+00 3.012107e+00 6.654158e+00 -2.712613e+00 6.059330e+00 
-1.732215e+01 3.439991e+00 -7.842041e+00 -1.431221e+00 -1.013068e+00 -7.345350e+00 8.777114e+00 5.118656e+00 3.146297e+00 -4.264653e+00 -6.821438e+00 -1.534292e+00 
-1.839692e+01 -3.864938e+00 -1.748630e+00 -1.319224e+00 -1.104083e+00 1.447834e+00 5.476514e+00 1.709712e+00 4.441680e+00 -9.393429e-01 -4.264903e+00 -1.930979e+00 
-1.918883e+01 -1.041588e+00 -4.473476e+00 -2.163021e+00 -3.979006e+00 1.214513e+00 -4.720778e+00 -3.057732e+00 1.831949e+00 5.841663e-01 2.762697e+00 -1.566778e-01 
-1.983470e+01 -8.004289e-01 -4.319521e+00 -2.402038e+00 -1.420469e+00 -7.989626e-01 -1.769195e+00 -4.015198e+00 2.172255e+00 4.510602e+00 7.719268e+00 1.102972e+00 
-2.145462e+01 -3.237342e+00 -4.546716e+00 -1.150410e+00 2.733000e+00 -4.455242e-01 -5.467502e+00 -1.490215e-03 6.227305e+00 2.265742e+00 2.433991e+00 -9.221429e-01 
-1.857150e+01 5.099671e-01 -4.310553e+00 -1.697280e+00 -1.709406e+00 -2.613251e+00 -2.021944e+00 -5.169357e+00 -2.160120e+00 2.510834e-01 -1.209267e+00 -2.575131e+00 
-1.948973e+01 1.015945e+00 -1.589693e+00 4.002243e+00 -2.772213e+00 2.310690e+00 -1.236192e+00 -7.095912e+00 -3.319166e+00 1.654578e-02 -3.802358e+00 -3.976933e+00 
-1.953380e+01 -4.131627e-01 -5.853586e+00 -4.573984e-01 -2.877675e+00 -1.264309e+00 1.667443e+00 7.718238e-01 -1.530679e+00 5.738870e+00 -2.056410e+00 -1.076948e+00 
-1.750093e+01 1.108507e+00 -1.228971e+00 2.983349e+00 4.395990e-02 1.726523e+00 -1.036555e-01 1.851085e-01 -3.161679e-01 1.746123e-01 -8.437024e-01 -7.357073e-01 
-1.989346e+01 3.597095e-01 -3.796873e+00 -1.052072e+00 -1.886139e+00 2.355626e+00 -8.212055e+00 1.615542e-01 6.795913e+00 -3.066343e+00 2.723422e+00 -4.997788e-01 
-2.006846e+01 -2.499752e+00 -3.761498e+00 -2.085479e-01 -2.352772e+00 1.105197e+00 -4.868671e-01 -1.775707e+00 6.088499e-01 1.483687e+00 -6.730050e-01 -1.082530e+00 
-2.015533e+01 -3.817204e+00 -5.962699e+00 1.443808e+00 -1.576013e+00 2.285148e-01 -3.048177e+00 -5.074004e-02 -9.470407e-01 1.340205e+00 7.974103e-01 7.494513e-01 
-1.996144e+01 -1.170262e+00 -6.287549e+00 -3.304292e+00 -5.277778e+00 1.481104e+00 5.356498e-01 -1.686385e+00 -4.788459e+00 -3.000121e+00 -4.503430e-01 5.967415e+00 
-2.070677e+01 -1.827953e-01 -7.286011e+00 -3.139029e+00 1.585716e-01 7.180572e-01 1.478997e+00 9.954364e-01 -2.893298e-01 -3.258703e+00 -3.100535e+00 2.321949e-01 
-2.032068e+01 -1.625601e+00 -7.122590e+00 -1.277704e+00 -1.183541e+00 6.427556e-03 3.662671e+00 2.990513e+00 2.909049e+00 3.389552e+00 2.157250e+00 -4.030258e-01 
-1.971845e+01 -2.051469e+00 -6.252672e+00 -7.152632e-01 -5.319878e-01 -2.829289e+00 5.047997e-01 -2.026545e+00 1.671636e+00 1.295663e+00 4.203505e+00 1.510712e-01 
-1.907846e+01 2.845806e-01 -3.465547e+00 -1.119816e+00 -2.046499e+00 3.312675e+00 -4.771328e+00 -2.756421e+00 -3.499160e+00 2.145911e+00 -4.929418e-01 -3.255007e+00 
-1.990730e+01 5.863411e-01 -2.353487e+00 4.068859e-01 -1.093489e+00 -2.144880e+00 -1.020319e+01 -4.848162e+00 -3.615816e+00 5.274919e+00 1.565398e+00 -1.093693e+00 
-1.841496e+01 2.335262e-01 -3.154150e+00 -1.219793e+00 -2.893566e+00 4.497378e-01 -2.245700e+00 3.148099e-01 1.089467e-01 1.945273e+00 1.328234e+00 1.293873e+00 
-1.978224e+01 -9.639690e-01 -2.596127e+00 -3.839179e-01 -1.220621e+00 1.480240e+00 1.615407e+00 -9.291047e+00 -1.688486e+00 -2.136470e+00 -3.231352e+00 -1.243028e-01 
-1.920814e+01 -1.045324e+00 -5.096767e+00 -4.006318e+00 -5.578754e+00 3.733085e+00 -1.540234e+00 2.547571e+00 3.772518e+00 3.914995e+00 5.910627e-01 -1.941026e+00 
-1.929081e+01 -1.989833e-01 -6.128113e+00 -3.403450e+00 -1.791271e+00 -3.904295e+00 -3.348130e+00 1.429814e+00 2.299289e+00 4.345440e+00 -8.968755e-01 -1.830505e+00 
-1.892948e+01 -1.146188e+00 -6.692115e+00 1.443262e+00 1.130363e+00 2.107996e-01 -5.318415e-01 -5.774990e-01 1.667700e+00 -1.655658e-01 -1.043706e+00 3.801264e+00 
-2.075965e+01 -1.063587e+00 -1.438230e+00 2.147474e+00 -1.214842e+00 3.481999e-01 -3.160056e+00 2.144701e+00 2.490733e+00 4.838955e+00 -7.903817e-02 -2.184397e+00 
-2.044070e+01 -2.122447e+00 -4.410698e+00 -4.008539e-01 -2.416061e-01 5.759041e-01 -4.976062e-02 4.133354e+00 1.570368e+00 1.353213e+00 1.673255e+00 -1.507499e+00 
-2.057164e+01 -2.629255e+00 -3.922428e+00 3.730138e-01 -1.305376e+00 2.602342e+00 4.452139e+00 4.194228e+00 -5.629742e+00 -8.739395e+00 -3.470933e+00 -3.639414e+00 
-1.784254e+01 -1.811970e+00 -4.815265e+00 -1.189746e+00 -1.743597e+00 -1.272518e+00 -5.591646e+00 3.742414e+00 -3.277298e+00 -2.871223e+00 -1.823778e+00 -9.068857e-01 
-1.897900e+01 -1.933172e+00 -6.829130e+00 -1.209413e+00 -3.496000e+00 1.071928e+00 8.367181e-01 2.445094e+00 -2.612788e+00 1.425743e+00 3.502286e+00 -7.424056e-01 
-1.978770e+01 4.298574e-01 -5.678139e-01 4.051959e+00 2.447916e+00 -3.461969e-02 6.571922e-01 3.368823e-02 -3.293401e+00 4.372244e+00 6.510187e+00 6.119615e+00 
-1.948302e+01 -2.000830e+00 -2.438187e+00 3.577203e+00 -4.221918e-01 2.786838e+00 3.258273e+00 -2.496713e+00 -4.775577e+00 -5.703808e+00 -1.703534e+00 2.587014e+00 
-1.904405e+01 -1.227127e+00 -2.832789e+00 1.279876e-01 -8.132198e-01 2.622217e+00 -3.515391e+00 3.371406e-01 -1.959729e+00 -2.354452e+00 -1.789638e+00 -2.240216e+00 
-1.781022e+01 1.240086e+00 -3.375366e+00 -3.861032e-01 2.842591e-01 2.318036e+00 -3.923505e+00 -8.109004e-01 -2.942360e+00 -7.981778e-04 6.013348e-01 -2.413255e+00 
-1.962948e+01 1.381212e+00 -3.133224e+00 -1.905156e+00 -2.140404e+00 -2.686704e+00 -1.722734e+00 2.320899e+00 -4.668940e+00 -3.886722e-01 2.358461e+00 -2.978516e+00 
-2.086163e+01 -1.677070e+00 -4.923382e+00 4.443091e-01 4.003360e+00 -9.113024e-01 -3.799361e+00 -3.178869e+00 -7.606095e+00 2.172321e+00 -2.032093e-01 -1.044573e+00 
-2.045287e+01 -1.206789e+00 -2.755064e+00 2.356989e+00 3.272831e+00 7.755233e-01 -7.816166e-01 2.396762e+00 -1.763275e+00 -5.907205e+00 -7.648493e-01 4.235537e+00 
-1.916365e+01 -9.573278e-01 -8.219205e+00 -1.539120e+00 -4.588181e+00 -3.983797e+00 -2.460165e+00 1.169187e+00 3.272973e+00 2.348520e+00 -6.524609e-01 8.599730e-01 
-1.983638e+01 -7.975234e-01 -6.216799e+00 -1.496233e+00 -3.778881e-01 -9.324741e-01 -4.867224e+00 3.842491e-01 3.341678e+00 3.641433e+00 2.721005e+00 -2.105879e+00 
-1.924926e+01 -7.896370e-01 -1.786994e+00 1.744013e+00 -2.194820e+00 3.352426e+00 8.192487e-01 2.060884e+00 7.018885e-01 -2.246929e-01 -7.878104e-01 2.938567e-02 
-1.958080e+01 -7.755244e-01 -1.481576e+00 2.995641e+00 -2.396799e-01 -8.063079e-01 -2.034581e+00 2.560419e+00 1.779704e+00 1.470197e-01 2.106494e+00 4.424466e-01 
