-1.299678e+01 -1.446888e+00 -2.849578e+00 
-1.198695e+01 5.974057e-01 -3.621239e-01 
-1.334875e+01 9.040230e-02 6.332762e-01 
-1.225842e+01 -6.094734e-02 -5.334296e-02 
-1.271549e+01 -4.953172e-01 -2.300550e-01 
-1.117122e+01 3.116858e+00 3.276748e+00 
-1.105491e+01 5.152207e+00 6.265506e+00 
-1.015049e+01 7.160720e+00 5.718397e+00 
-9.591788e+00 1.027716e+01 7.589451e+00 
-1.166541e+01 9.348312e+00 9.201715e+00 
-1.271117e+01 8.163814e+00 8.474638e+00 
-1.168235e+01 8.889791e+00 6.611025e+00 
-1.336601e+01 5.512512e+00 5.729092e+00 
-1.199169e+01 6.098053e+00 4.110550e+00 
-1.380635e+01 6.099842e+00 7.174178e+00 
-1.482978e+01 6.004309e+00 6.426407e+00 
-1.582537e+01 3.434764e+00 5.845815e+00 
-1.447015e+01 6.625451e+00 3.417885e+00 
-1.525954e+01 4.800131e+00 3.133751e+00 
-1.565413e+01 5.128056e+00 4.425609e+00 
-1.666289e+01 4.702094e+00 4.609529e+00 
-1.392040e+01 7.365919e+00 7.625723e+00 
-1.239340e+01 9.608434e+00 7.842428e+00 
-1.340475e+01 4.755406e+00 6.333633e+00 
-1.169486e+01 5.279924e-01 -6.035974e+00 
-1.172475e+01 3.220084e+00 -1.026654e+00 
-1.280537e+01 5.266882e+00 3.913841e+00 
-1.170997e+01 6.899168e+00 5.844653e+00 
-1.120424e+01 9.254390e+00 7.592706e+00 
-1.122312e+01 9.912744e+00 8.400466e+00 
-1.099416e+01 1.008985e+01 6.475235e+00 
-1.100840e+01 5.431649e+00 1.691688e+00 
