-1.363924e+00 4.094704e-01 1.827064e+01 -7.963089e-01 -1.240743e+01 4.382581e+00 -1.032197e+01 -9.612818e+00 -3.698068e+00 -6.292541e+00 1.937427e+00 7.609214e-01 
-2.850955e+00 4.195451e+00 1.740919e+01 -3.091475e+00 -7.369034e+00 2.489504e+00 -1.069959e+01 -9.478801e+00 -4.873912e+00 -6.654162e+00 5.120134e+00 -2.983948e+00 
-2.975322e+00 4.248621e+00 1.988756e+01 -4.523317e+00 -5.343657e+00 3.077067e+00 -1.515780e+01 -5.978257e+00 -5.231231e+00 -7.742103e+00 4.405462e+00 -2.756491e+00 
-3.826058e+00 5.605769e+00 1.868877e+01 -2.644574e+00 -4.697517e+00 4.461687e+00 -1.583433e+01 -7.019045e+00 -5.680259e+00 -6.538751e+00 3.733416e+00 -3.067931e+00 
-5.465139e+00 6.116551e+00 1.858490e+01 -2.853226e+00 1.001988e+00 1.432218e+00 -1.391715e+01 -6.140746e+00 -6.551296e+00 -4.611003e+00 3.025026e-01 -2.644804e+00 
-7.301719e+00 8.663055e+00 1.577077e+01 -2.173936e+00 5.799086e+00 -3.474507e+00 -8.549651e+00 -6.482402e+00 -5.362282e-01 -7.762877e+00 3.047881e+00 -4.466790e+00 
-1.002870e+01 1.271402e+01 1.609657e+01 -2.830661e+00 1.000648e+01 -5.139542e+00 -8.522394e+00 -5.031511e+00 -6.055844e+00 -6.534134e+00 2.773505e+00 -5.858357e+00 
-1.308623e+01 1.415440e+01 1.636833e+01 -1.695679e+00 9.737543e+00 -6.089354e+00 -6.597862e+00 -6.327967e+00 -9.090205e+00 -7.203518e+00 6.119704e+00 -2.474695e-01 
-1.580742e+01 1.515941e+01 1.404998e+01 -3.599331e+00 1.026620e+01 -1.376301e+00 -1.483030e+00 -5.705910e+00 -7.452015e+00 -6.348708e+00 1.420510e+00 -1.267817e+00 
-1.591857e+01 1.375824e+01 1.125474e+01 -2.753003e+00 5.912535e+00 -2.415584e+00 1.047283e+00 -3.898113e-01 -6.092903e-01 -9.432874e+00 3.811385e+00 -4.147184e+00 
-1.642430e+01 1.132418e+01 1.152073e+01 3.524465e-01 1.374280e+01 -5.447235e+00 -6.064053e+00 -6.902284e+00 1.246564e+00 -5.750879e+00 1.632295e+00 -3.391620e+00 
-1.532565e+01 1.113852e+01 1.053389e+01 -2.931423e-01 1.389484e+01 -5.077348e+00 -6.072015e+00 -6.486716e+00 -8.808231e+00 -4.900300e+00 6.841931e+00 -4.134353e+00 
-1.515129e+01 1.299948e+01 1.343878e+01 5.877656e-01 7.685100e+00 -4.989514e+00 -1.425147e+00 -8.578645e+00 -1.045403e+01 -1.113249e+01 6.069254e+00 3.796884e+00 
-1.297715e+01 9.349038e+00 1.547383e+01 -3.321179e-01 7.962675e+00 -7.293394e+00 -4.106751e+00 -6.171518e+00 -5.451940e+00 -6.243299e+00 4.708513e-01 -3.747385e+00 
-1.190908e+01 9.324197e+00 1.640505e+01 -2.278848e+00 8.297262e+00 -6.613086e+00 -7.200580e+00 -6.713912e+00 -7.848910e+00 -7.236218e+00 6.649302e+00 2.042359e-01 
-1.140624e+01 8.370183e+00 1.878845e+01 -2.283830e+00 4.996306e+00 -5.650727e+00 -2.594137e+00 -1.155060e+01 -9.146905e+00 -8.704246e+00 4.464276e+00 3.465905e+00 
-1.078151e+01 9.184733e+00 1.635259e+01 -1.004081e+00 6.566737e+00 -8.028257e+00 -7.050513e+00 -9.410068e+00 -8.100061e+00 -5.451964e+00 8.071362e+00 -2.172977e+00 
-1.051460e+01 7.506821e+00 1.779323e+01 -1.387097e+00 5.169071e+00 -6.920780e+00 -7.108702e+00 -7.291105e+00 -7.546007e+00 -9.595604e+00 5.678329e+00 -9.018447e-01 
-1.061707e+01 8.668721e+00 1.778536e+01 -2.548454e+00 5.266395e+00 -7.554169e+00 -4.455580e+00 -6.558326e+00 -8.603505e+00 -7.138504e+00 5.330030e+00 -6.729400e+00 
-1.055840e+01 8.800775e+00 1.579018e+01 -2.005433e+00 4.341528e+00 -4.296113e+00 -1.852684e+00 -8.149848e+00 -9.983314e+00 -7.942149e+00 3.521092e+00 -2.169770e+00 
-1.079350e+01 8.670900e+00 1.762744e+01 -4.632917e+00 3.258870e+00 -6.476152e+00 -6.670139e+00 -7.134081e+00 -5.688250e+00 -7.783266e+00 5.177060e+00 -2.089576e+00 
-1.001548e+01 7.834123e+00 1.694437e+01 -2.830075e+00 4.002334e+00 -6.110630e+00 -5.557500e+00 -5.481014e+00 -1.187722e+01 -8.768106e+00 5.379941e+00 -1.485358e+00 
-9.942347e+00 7.557376e+00 1.921918e+01 -4.045352e+00 8.148265e-01 -6.594538e+00 -7.877413e+00 -5.868111e+00 -7.839777e+00 -1.034385e+01 4.762663e+00 3.427512e-01 
-8.998646e+00 6.301775e+00 1.971338e+01 -4.581927e+00 3.093592e+00 -7.804034e+00 -6.004639e+00 -6.996325e+00 -7.420431e+00 -1.015996e+01 5.972669e+00 -2.414431e+00 
-7.819846e+00 5.837626e+00 2.161937e+01 -8.405594e-01 -2.648528e+00 -6.952968e+00 -8.398359e+00 -4.946385e+00 -7.919309e+00 -8.631152e+00 3.088079e+00 -1.647494e+00 
-9.114336e+00 6.659585e+00 2.475457e+01 6.979523e-01 -2.868515e+00 -1.173040e+01 -1.054187e+01 -3.298208e+00 -7.115625e+00 -1.027422e+01 3.361916e+00 -1.954269e+00 
-6.925313e+00 4.526239e+00 2.069706e+01 -3.113747e+00 -3.116721e+00 -4.286839e+00 -7.017131e+00 -7.500183e+00 -1.034216e+01 -1.067624e+01 5.433360e+00 -1.173335e+00 
-7.076537e+00 5.341661e+00 2.131141e+01 -1.144745e+00 -3.248022e+00 -6.669279e+00 -6.903203e+00 -9.442277e+00 -1.002289e+01 -7.612458e+00 6.778800e+00 2.304809e-01 
-6.726574e+00 6.679196e+00 2.230926e+01 -4.560827e+00 -2.868515e+00 -5.873313e+00 -6.696784e+00 -2.731080e+00 -1.292825e+01 -1.386619e+01 6.887795e+00 1.925033e+00 
-6.396444e+00 5.418801e+00 2.071333e+01 -3.920806e+00 -5.105817e+00 -1.347386e+00 -7.143616e+00 -2.553925e+00 -1.747827e+01 -8.855819e+00 3.041406e+00 3.625807e-01 
-6.595596e+00 5.469792e+00 1.902664e+01 -3.988208e+00 -2.044428e+00 -9.453121e-01 -7.256013e+00 -7.280177e+00 -1.351046e+01 -7.332009e+00 6.521152e+00 -2.679506e+00 
-7.129011e+00 6.188462e+00 1.974066e+01 -1.961768e+00 -1.791040e+00 -3.451593e+00 -6.700153e+00 -7.399814e+00 -1.077102e+01 -8.591144e+00 5.750632e+00 -3.057433e+00 
-7.906200e+00 5.679422e+00 1.989857e+01 -1.726449e+00 7.136270e-02 -4.074072e+00 -5.640496e+00 -5.446791e+00 -1.052329e+01 -1.071201e+01 2.631326e+00 1.094816e+00 
-8.454902e+00 6.837835e+00 1.911058e+01 -2.835643e+00 2.105378e+00 -2.789289e+00 -6.639207e+00 -6.618433e+00 -8.572682e+00 -4.766423e+00 1.959550e+00 -2.193973e+00 
-9.941934e+00 1.152204e+01 1.951612e+01 -6.415786e-01 1.381495e+00 -7.577628e+00 -5.254916e+00 -7.172618e+00 -7.121714e+00 -4.683327e+00 2.875485e+00 2.956093e-02 
-9.751871e+00 8.461270e+00 1.812742e+01 1.852276e+00 -5.603800e-01 -5.547071e+00 -9.976206e+00 -8.922315e+00 -6.799023e+00 6.894395e-01 8.524879e+00 -5.457876e-01 
-8.327642e+00 6.178002e+00 1.234335e+01 -5.111714e-01 2.321334e+00 -1.733094e+00 -8.807828e+00 -2.686791e+00 5.943322e-01 -3.111429e+00 7.544001e-01 -3.591956e+00 
-9.885327e+00 6.527966e+00 9.669300e+00 -2.702012e+00 3.602672e+00 5.713317e-01 -6.739966e+00 -1.696332e+00 5.596044e+00 -2.932158e+00 -1.794572e+00 -5.390322e+00 
-1.394192e+01 4.958138e+00 8.116389e+00 2.486143e+00 9.936222e+00 2.566973e+00 -2.630889e+00 -1.639389e+00 4.618077e+00 1.897023e+00 -5.319642e+00 -1.727687e+00 
-1.490586e+01 7.333364e+00 1.084223e+00 3.613212e+00 -2.183060e-01 -3.503967e+00 -2.247452e+00 2.605150e+00 -9.274150e-01 -6.069413e+00 -8.773757e+00 -4.279575e+00 
-1.769193e+01 9.180739e-01 -2.323261e+00 5.685074e+00 5.065988e+00 2.792833e+00 -3.380917e+00 1.449901e+00 -2.232640e+00 2.695282e+00 -1.876857e+00 -7.309606e-01 
-1.940332e+01 -1.311588e+00 -5.136338e+00 3.818347e+00 -8.297370e-02 5.264199e+00 -8.074221e-01 -4.705960e+00 -6.282260e+00 -7.054638e+00 6.675279e-01 -9.555011e-01 
-1.872240e+01 3.811420e-01 -9.567411e-02 2.182836e+00 -3.948294e+00 -4.289567e+00 -1.309993e+00 -7.226398e+00 -7.550193e+00 -2.630859e-01 1.011779e+00 -3.489309e+00 
-1.927854e+01 -4.072588e-01 -5.536107e+00 -2.073420e+00 -2.648528e+00 7.764606e-01 2.572759e+00 -2.186385e+00 3.820482e+00 -1.084351e-01 -1.412549e+00 -2.215261e+00 
-1.902774e+01 -2.733673e+00 -1.591924e+00 -3.013477e-01 5.516328e+00 6.661911e+00 1.141114e-01 -3.396563e+00 -6.140702e+00 1.638887e+00 -3.447225e-01 1.376804e+00 
-1.975741e+01 -1.604460e+00 -4.256530e+00 -1.666374e+00 -1.614820e+00 -2.587434e+00 2.667393e+00 4.096878e+00 -3.970909e+00 -1.689951e+00 -1.444115e+00 1.480034e+00 
-2.016315e+01 -1.298514e+00 -5.593817e+00 -2.103311e+00 -1.782402e+00 -6.846584e+00 -2.981862e+00 -1.792675e+00 -6.686005e+00 -3.141052e+00 8.706794e-01 -5.179855e-02 
-2.061311e+01 -5.070620e-01 -3.821610e+00 1.812714e+00 1.953331e-02 -1.557971e+00 -3.776910e+00 1.505700e-01 -8.988751e-01 2.517934e+00 -2.916087e+00 -1.551262e+00 
-1.961776e+01 -1.142054e+00 -4.207739e+00 -2.480126e-01 -3.430576e+00 7.146910e+00 2.656981e+00 -5.862646e+00 -4.449618e+00 -4.917996e+00 -2.875618e+00 -1.555345e+00 
-2.029826e+01 -3.129399e+00 -5.920662e+00 1.260901e+00 1.607816e+00 7.286572e+00 4.236052e+00 7.296315e+00 1.764848e+00 2.343664e+00 1.493084e+00 -3.279641e+00 
-1.980782e+01 -5.032114e-02 -5.404949e+00 -2.721940e+00 -1.618275e+00 1.055785e+00 -1.839209e+00 5.566469e-01 3.017031e-01 3.401983e+00 1.109443e+00 2.032054e+00 
-1.952273e+01 -1.338173e+00 -4.986293e+00 8.283595e-01 -1.811196e+00 1.130653e-01 -1.580114e+00 -3.187773e+00 -8.235298e-01 5.689428e+00 4.692325e-01 2.377613e+00 
-2.007721e+01 -7.197428e-01 -2.146985e+00 -1.137126e+00 3.160394e+00 8.361862e+00 -4.004038e-01 -1.149049e+00 -4.705717e+00 -1.212918e+00 6.025086e-01 2.259802e+00 
-2.055485e+01 -2.496587e+00 -2.825334e+00 1.493583e+00 2.086950e+00 6.574623e+00 1.629788e+00 -4.913306e-01 -3.443112e+00 -3.011406e+00 1.166908e+00 -1.198996e+00 
-1.970990e+01 -9.903879e-01 -5.204015e+00 2.355735e+00 -1.473729e+00 -2.699272e+00 -2.474696e+00 -1.337132e+00 -5.940691e-01 4.720821e-01 -1.964809e+00 -1.160504e+00 
-1.950909e+01 1.224456e+00 -2.813792e+00 -1.828137e+00 -3.470888e+00 -4.794078e-01 -2.583112e+00 -3.660858e+00 -1.553010e+00 4.622646e+00 1.624202e+00 -2.276791e+00 
-2.011936e+01 -1.431003e+00 -4.547176e+00 -3.483283e+00 -9.934433e-01 -2.434678e+00 -2.546667e+00 2.187281e+00 -8.239104e-01 2.240948e+00 3.578287e+00 1.436876e+00 
-1.985575e+01 -1.176919e+00 -5.574930e+00 1.016791e+00 -4.199955e+00 -5.356000e-01 -6.600618e+00 -3.755475e+00 -6.667507e-01 3.663196e+00 3.720736e+00 5.481521e+00 
-2.086143e+01 -1.068400e+00 -3.715110e+00 -2.289398e+00 -2.009875e+00 9.750427e-01 1.313422e+00 3.644212e+00 -2.228073e+00 1.382675e+00 -4.456045e+00 1.666181e-01 
-2.070359e+01 -1.125057e+00 -4.879793e+00 -1.155002e+00 -2.287450e+00 -1.286284e+00 1.326591e+00 1.439260e+00 1.575724e+00 -1.253621e-01 -3.061773e+00 2.704316e-01 
-1.985534e+01 -1.295463e+00 -2.106588e+00 2.681900e+00 3.880979e-01 1.886666e+00 5.603309e-01 -1.985641e-01 -2.110108e+00 4.524623e-01 4.030724e+00 -2.410640e+00 
-9.068060e+00 -2.002437e-01 1.403199e+00 -8.655027e+00 -1.656126e+01 -3.308658e+00 -5.157474e-02 2.834431e-02 2.306345e+00 -5.023789e+00 -2.593958e+00 -7.531230e-01 
-8.142952e+00 -1.374782e+00 2.700614e+00 -1.265076e+01 -1.491712e+01 -7.665462e+00 2.855436e+00 -4.436201e+00 5.833876e+00 -7.061947e+00 2.497780e+00 -2.331806e-01 
-8.404907e+00 1.573549e+00 2.220051e+00 -7.703494e+00 -1.117446e+01 -8.558537e+00 1.963916e+00 -2.256269e+00 6.293559e+00 -4.689867e+00 -7.329496e-01 2.946254e+00 
1.315129e+00 -6.436848e+00 7.648418e+00 4.747608e+00 -1.098212e+01 -9.501801e+00 -4.976527e+00 -1.203978e+00 -6.906713e+00 2.728058e-01 -1.331343e+00 -6.895519e-01 
8.366673e-01 -1.131543e+01 1.291520e+01 -3.014403e+00 -1.181484e+01 -1.243362e+01 -8.846110e+00 7.941961e-01 -6.967598e+00 -1.120589e+00 -1.618052e-01 6.635233e-01 
1.259994e-01 -1.251263e+01 1.435584e+01 -6.262275e+00 -1.154476e+01 -1.298354e+01 -1.005277e+01 4.630070e+00 -7.932627e+00 2.060522e+00 2.504332e-01 8.731917e-01 
1.173227e-01 -1.340171e+01 1.500848e+01 -8.138673e+00 -1.243680e+01 -1.248817e+01 -9.794288e+00 4.994734e+00 -7.816185e+00 3.243869e+00 7.376732e-01 5.547524e-01 
5.286674e-02 -1.328709e+01 1.453474e+01 -8.790709e+00 -1.336627e+01 -1.443253e+01 -8.089344e+00 5.230845e+00 -7.246148e+00 4.029049e+00 -4.963442e-01 1.684745e+00 
-5.631831e-01 -1.153639e+01 1.204903e+01 -9.508389e+00 -1.380336e+01 -1.751819e+01 -6.526504e+00 3.498979e+00 -5.761693e+00 4.443759e+00 -9.354842e-02 3.144841e+00 
-8.577798e-01 -7.990115e+00 1.037703e+01 -1.169132e+01 -1.655378e+01 -1.885971e+01 -6.163587e+00 -1.384578e-01 -3.664581e+00 3.543938e+00 -7.302517e-01 2.992621e+00 
-3.932245e+00 -4.266893e+00 9.907483e+00 -4.180449e+00 -1.552698e+01 -1.913849e+01 -2.787999e+00 -2.051786e-01 4.691372e-01 1.869324e+00 -1.040240e+00 2.887349e+00 
-1.466806e+00 -6.480865e+00 4.652770e+00 -9.906009e-01 -2.021293e+01 -1.680297e+01 -1.218893e+01 3.345118e+00 -5.834141e-01 -3.162980e+00 2.400926e+00 3.379588e+00 
-7.970243e+00 -5.676411e-01 -1.147036e+00 -2.212619e+00 -2.384502e+01 -2.739056e+01 -1.068642e+01 3.371864e+00 5.657690e+00 4.512236e+00 8.633873e+00 1.238104e+01 
-1.071706e+01 1.514277e+00 -1.791284e+00 -1.315300e+00 -1.888437e+01 -2.047183e+01 -1.056759e+01 1.151670e+00 6.643648e+00 4.911943e+00 8.130445e+00 6.705121e+00 
-1.300194e+01 2.621264e+00 1.199496e-01 -1.451568e+00 -1.395367e+01 -1.731634e+01 -8.550263e+00 -5.013968e+00 9.737225e-01 7.071667e+00 3.916333e+00 3.163505e+00 
-1.466705e+01 2.116583e+00 -5.179358e+00 -4.167848e+00 -1.041372e+01 -9.671470e+00 -1.717624e+00 -1.567204e+00 -7.264942e-01 3.421218e+00 8.906631e+00 5.361377e+00 
-1.655610e+01 1.027465e+00 -4.976850e+00 -4.721126e+00 -5.514118e+00 -3.629444e+00 -3.953009e+00 8.312952e-01 3.377162e+00 4.567249e+00 3.095364e+00 4.329657e+00 
-1.844185e+01 -9.415759e-01 -5.939549e+00 -3.517863e+00 4.589314e-01 -4.817664e+00 -8.070049e+00 -6.098176e-01 4.809484e+00 3.708206e+00 -9.633499e-01 4.314493e+00 
-1.935828e+01 -1.387929e-01 -2.788085e+00 -2.888978e+00 -4.022583e+00 -3.862396e+00 -3.660532e+00 1.623612e-01 2.941453e+00 4.727670e+00 -4.755704e-01 -1.906153e+00 
-1.885503e+01 -2.241631e+00 -4.753356e+00 -3.169427e+00 -4.545484e+00 -3.653994e+00 3.105956e+00 -6.049286e-01 -3.432985e-01 -4.265848e-01 1.017985e+00 4.250047e+00 
-2.576214e+01 -6.724490e+00 1.301750e+01 -8.114643e+00 -4.273512e-01 -9.029897e+00 -2.702437e-01 3.009789e+00 -8.272442e+00 9.761513e+00 -3.433003e+00 1.165094e+00 
-2.561257e+01 -5.761324e+00 1.282444e+01 -5.708997e+00 4.044374e+00 -4.131355e+00 3.166289e+00 4.830239e-01 -1.099553e+01 1.134495e+01 -8.149656e-01 -8.890138e-01 
-1.997433e+01 -2.844808e+00 -6.028737e+00 -2.542300e+00 -1.171391e+00 -2.470139e+00 -3.213700e+00 4.657685e-01 5.362017e+00 3.100760e+00 3.675951e+00 9.119759e-01 
-2.060030e+01 -2.293494e+00 -6.454738e+00 -3.538036e-01 -1.435721e+00 4.604077e+00 1.015432e+00 1.972739e+00 -5.468831e-01 2.354435e+00 -2.115891e+00 -1.110055e+00 
-1.897485e+01 -4.332266e+00 -4.781162e+00 -1.704763e+00 -3.965571e+00 -5.154145e-01 1.363342e+00 2.371052e+00 -2.957320e-01 1.215714e+00 -4.221598e+00 8.743581e-01 
-1.292343e+01 -3.960946e+00 -7.549120e+00 3.421898e-01 -5.164557e+00 -3.818207e+00 -3.010344e+00 -1.786635e+00 -1.245159e+00 -1.519527e+00 -3.497483e+00 -1.042693e+00 
-1.203799e+01 -3.944821e+00 -9.626661e+00 1.513217e+00 -5.760595e+00 -6.233925e+00 -3.554566e+00 -2.431412e+00 -1.718921e+00 -5.163821e+00 -1.139253e+00 -5.428231e+00 
-2.034661e+01 -2.799918e+00 -2.962788e+00 5.249602e+00 -2.977777e-01 -3.442864e+00 -6.371843e+00 -1.396663e+00 -1.862001e+00 2.012049e+00 2.051278e+00 -1.463196e+00 
-1.989004e+01 -1.366138e-01 -6.181405e+00 -1.755168e+00 -1.997206e+00 -2.669267e+00 2.003424e+00 -1.913175e+00 1.513317e+00 -3.054878e+00 6.977443e-01 1.397217e+00 
-1.850011e+01 -2.453876e+00 -3.656351e+00 -3.201029e-01 -1.941921e+00 -7.287266e-01 3.554436e-01 -5.506322e+00 -5.788478e-01 3.102683e+00 -3.186416e+00 8.419893e-01 
-1.907401e+01 -4.469186e-01 -2.293357e+00 2.567317e+00 -3.203103e+00 -2.079522e+00 2.222399e+00 3.635009e+00 -4.018476e+00 2.751141e-01 -1.350960e-01 4.249173e+00 
-1.929754e+01 -3.000468e-01 -3.509454e+00 -3.877142e+00 -5.584375e+00 -1.005869e+00 9.910472e-02 -1.997151e+00 -2.210949e+00 9.525766e-01 -3.551711e+00 2.808906e+00 
-2.054824e+01 -3.527740e+00 -6.656721e+00 -3.298661e+00 -5.167437e+00 6.182914e+00 3.193546e+00 3.192408e+00 1.124413e+00 1.156085e+00 -1.740344e+00 -7.455412e-01 
-2.033049e+01 -2.755900e+00 -4.839396e+00 -2.807510e+00 -2.320276e+00 1.175807e+00 2.614717e+00 5.020114e-02 4.963980e+00 6.223396e+00 -2.172817e+00 -3.909521e+00 
-1.982559e+01 -1.902998e+00 -4.703516e+00 -1.950046e+00 -1.464515e+00 -1.166135e-01 -1.864322e+00 5.871314e-01 2.344018e+00 1.129155e+00 1.320418e+00 7.676284e-01 
-2.000780e+01 -2.517070e+00 -4.953766e+00 -1.294201e+00 -1.958622e+00 6.902628e-01 -6.539863e-01 -2.461896e+00 -8.360873e-01 9.437284e-01 2.976656e+00 1.039410e+00 
-2.001565e+01 -7.476353e-01 -3.226677e+00 -8.355775e-01 1.513371e+00 -3.525789e+00 -2.910809e+00 2.633118e-02 -2.338047e+00 -8.660774e+00 -5.013161e+00 -3.198573e+00 
-2.063005e+01 -8.788176e-01 -2.887765e+00 -8.042212e-01 -3.808931e+00 4.206913e+00 9.505049e-01 1.764237e+00 -5.510922e+00 -4.754112e+00 -3.471853e+00 1.321106e+00 
-2.062137e+01 -4.421245e-01 7.552789e-01 2.842784e+00 -2.140600e+00 -6.463478e-01 9.792933e-01 -1.073988e+00 -6.604571e+00 -3.820822e+00 5.518343e+00 -4.073114e+00 
-2.212286e+01 -7.319386e+00 5.657964e+00 3.492183e+00 -1.283646e+01 -3.218641e+00 3.267967e+00 -6.463415e-01 -5.675797e-02 2.084374e+00 -1.082867e+00 4.593956e-01 
-2.032430e+01 -3.201310e+00 -3.002806e-01 2.017263e+00 -1.023174e+01 -3.137899e+00 4.856037e-01 2.278447e+00 -1.227655e+00 -3.130973e-01 -2.779303e+00 -3.036438e+00 
-1.982807e+01 -6.853129e-01 -1.830632e+00 -2.338044e+00 -5.590710e+00 3.094652e-01 -2.991968e+00 -2.827998e+00 1.292989e+00 -7.034952e-02 -8.042088e+00 1.254619e+00 
-1.986773e+01 6.509154e-01 -4.112256e+00 -1.267826e+00 -4.071533e+00 -6.905378e-01 -2.391700e+00 -3.024134e+00 1.009112e+00 -4.270925e+00 -5.822259e+00 -1.704650e+00 
-1.762665e+01 -2.773841e-01 -6.387585e+00 -3.372217e+00 -3.584337e+00 1.999050e+00 -2.509916e+00 -2.802115e+00 -4.027989e+00 1.540019e+00 5.453132e-01 -5.338316e-01 
-1.683500e+01 4.152304e+00 -2.699422e+00 1.463399e+00 1.924551e+00 -4.455415e+00 -6.408900e+00 3.616610e-01 2.042869e-01 8.625560e-01 2.650211e+00 -4.284824e+00 
-1.444063e+01 4.942013e+00 2.137159e+00 5.501332e+00 -5.050953e-01 1.354330e-01 -4.367990e+00 -1.339721e+00 2.640305e-01 -6.624079e-01 2.250383e+00 -2.125153e+00 
-1.338909e+01 6.165799e+00 3.728893e+00 2.245548e+00 -8.915122e-01 -5.061401e-01 3.309428e-01 8.796103e-01 -4.799327e+00 -4.960313e+00 -8.272758e+00 -2.649470e+00 
-1.357419e+01 5.746103e+00 1.503929e+00 7.167075e-01 -4.692334e+00 -3.715642e+00 -4.716513e+00 -1.239064e+00 -1.207106e+00 -1.414118e+00 2.062340e+00 2.772454e+00 
-8.623892e+00 1.034794e+01 3.782405e+00 3.235471e+00 -3.624649e+00 -1.722183e+00 -9.223115e+00 -3.252768e+00 -1.779426e+00 -1.444894e+00 -3.082007e+00 -4.134353e+00 
-8.950717e+00 1.034140e+01 5.776531e+00 1.020014e+00 -4.440098e+00 -1.920765e+00 -4.525101e+00 -1.815969e+00 -1.400416e+00 -4.951850e+00 -6.004637e+00 1.284946e+00 
-8.696198e+00 1.140699e+01 6.970447e-01 -2.128466e-01 -1.792768e+00 -4.152086e+00 -1.766932e+00 -2.644228e+00 -3.146297e+00 -4.502516e+00 -2.746659e+00 1.585521e-02 
-8.830069e+00 8.130482e+00 2.725272e+00 4.000917e+00 -6.951364e-01 9.084849e-01 -3.324143e-01 -5.424072e+00 -5.749516e+00 -6.084416e+00 -3.138933e+00 -4.196175e+00 
-8.064861e+00 1.152466e+01 4.321202e+00 3.067260e+00 -1.769732e+00 -1.946406e+00 -1.136038e+00 2.748154e-02 -1.756318e-02 -1.464130e+00 -3.348020e+00 -4.095569e+00 
-1.163927e+01 6.663507e+00 -1.594023e+00 -1.982868e+00 -4.208593e+00 1.048693e+00 2.160957e-01 3.855303e+00 5.792779e+00 -6.520209e-01 1.332289e+00 1.515319e+00 
-8.597448e+00 8.408536e+00 5.017356e-02 -1.086428e+00 -3.869974e+00 -3.818752e+00 -3.949640e+00 -2.819370e+00 -1.832700e+00 -2.568228e+00 1.294788e+00 8.666496e+00 
-7.542603e+00 9.943934e+00 -1.518097e-01 -1.751944e+00 -2.440635e+00 -4.397041e+00 -4.262331e+00 -4.515863e+00 -5.806215e+00 2.639576e-01 -1.370462e+00 1.320231e+00 
-5.396964e+00 1.023114e+01 -1.068342e+00 -9.474980e+00 -1.241894e+01 -9.640373e+00 -9.807763e+00 -7.419370e+00 -7.129705e+00 -3.420731e+00 -2.162025e+00 -3.751759e+00 
-1.143020e+01 8.141377e+00 -4.356356e-01 8.916582e-01 -9.865327e-01 -6.616905e+00 -5.838952e+00 -1.840127e+00 -1.631780e+00 -1.454897e+00 2.119805e+00 3.278108e+00 
-9.341997e+00 1.119431e+01 2.975521e+00 1.912691e-01 -1.820986e+00 -4.786022e+00 -1.542138e+00 2.648576e+00 -1.579647e+00 -4.134740e+00 -2.754213e+00 2.542956e+00 
-8.453663e+00 1.212478e+01 -1.428764e+00 6.117957e-01 4.733284e-01 -4.336484e+00 -3.093034e+00 -2.431412e+00 3.415215e+00 -7.038096e+00 -3.519066e+00 4.635265e+00 
-1.022413e+01 8.074261e+00 -1.283965e+00 6.648377e-01 -3.392568e+00 -5.465111e-01 -1.333269e+00 -8.821652e-01 -1.149265e+00 -1.641863e+00 3.476846e+00 1.086359e+00 
-5.354820e+00 9.079700e+00 -5.722876e+00 -5.583279e+00 -6.692948e+00 -1.040784e+00 2.377366e+00 1.853677e+00 1.715379e+00 -3.173290e-01 4.863066e-02 -2.143524e+00 
-4.520198e+00 9.129384e+00 -6.204488e+00 -4.506320e+00 -6.750536e+00 -4.092075e+00 3.183862e-01 -4.168448e-01 -3.627056e-01 -1.192529e+00 -8.956327e-01 -2.891699e-01 
-1.188759e+01 9.322889e+00 7.778381e-01 4.658228e+00 -3.480102e+00 -4.193549e+00 -6.906571e+00 -4.548936e+00 1.578007e+00 1.068757e+00 -1.790717e-01 -1.058731e+00 
-1.260900e+01 7.077973e+00 3.738714e-01 1.063679e+00 -4.972789e+00 -2.842754e+00 1.817947e-01 4.608788e+00 3.614614e+00 -7.720484e-01 -3.812867e+00 -4.806808e+00 
-1.377913e+01 7.157728e+00 9.908386e-01 -2.561934e+00 -5.093724e+00 -6.796266e-01 -3.272501e+00 4.170789e+00 3.348242e+00 4.202935e+00 1.460247e-01 -3.343504e+00 
-7.055465e+00 9.657164e+00 -5.783355e-01 -4.859738e+00 -8.258196e+00 -5.104080e+00 -1.232510e+00 1.555447e+00 -2.042374e+00 -1.392959e+00 -2.816804e+00 -1.548930e+00 
-3.738464e+00 1.180140e+01 -4.561866e+00 -8.641547e+00 -9.373679e+00 2.821874e-01 3.848941e+00 2.195334e+00 -3.146677e+00 5.901861e-01 7.142015e-01 -1.838499e+00 
-1.226193e+01 7.070128e+00 -2.694733e-02 2.375956e+00 -4.439522e+00 2.150169e+00 2.655449e+00 5.431295e+00 7.459508e+00 2.145926e+00 -9.916778e-01 -3.858489e+00 
-1.138228e+01 9.754787e+00 1.556392e+00 3.870803e+00 -2.478643e+00 -4.563435e+00 -2.938373e+00 -3.024422e+00 -5.072169e+00 3.363897e+00 9.476467e-02 -1.963600e+00 
-9.252337e+00 7.898189e+00 -7.678736e-02 2.439255e+00 -1.514617e+00 -2.864030e+00 -5.049110e+00 -4.330943e+00 -1.022762e+01 -1.230230e+00 -1.844213e+00 -6.458102e-01 
-9.212672e+00 8.855252e+00 3.319155e+00 1.080430e-01 -3.895313e+00 -1.793524e-01 -7.426600e+00 1.511733e+00 -2.455018e-01 3.111531e+00 2.854981e+00 3.512563e+00 
-8.302852e+00 9.913863e+00 1.760998e+00 -7.860522e-01 -5.671334e+00 -7.266662e+00 -7.893338e+00 -5.429536e+00 -6.955802e+00 -5.561220e+00 -3.457284e+00 7.413834e-01 
-1.094224e+01 9.491987e+00 2.325502e+00 7.442542e-01 -3.857881e+00 -1.394850e+00 -5.956556e+00 -3.640152e+00 -5.569904e+00 -3.653091e+00 -8.713055e+00 -2.194556e+00 
-1.072697e+01 9.133307e+00 1.424709e+00 -1.205113e+00 3.167305e+00 9.755883e-01 -9.563981e+00 -8.149848e+00 -3.258554e+00 -1.570308e+00 -6.673715e+00 -4.140769e+00 
-1.118064e+01 8.837384e+00 4.880460e+00 1.841433e+00 1.243439e-01 3.521149e+00 -2.524617e+00 -8.665785e+00 -9.386259e+00 -1.523374e+00 -1.999611e+00 -3.068515e+00 
-1.127526e+01 9.887278e+00 3.187997e+00 2.533031e+00 2.511951e+00 9.237605e-01 -3.932796e+00 -5.622509e+00 -4.867443e+00 1.763531e+00 3.555085e+00 -2.922417e+00 
-1.106289e+01 1.041288e+01 5.689967e+00 4.807390e+00 -1.906216e+00 1.458405e+00 -4.453079e-02 3.547581e+00 2.139292e+00 -5.224989e+00 1.887786e+00 -3.482311e+00 
-9.892352e+00 1.066348e+01 6.481112e+00 3.343899e+00 -2.174002e+00 -1.693268e+00 6.203576e-01 5.677185e+00 1.323664e-01 -6.684938e+00 -3.690652e+00 -4.867171e+00 
-5.701890e+00 1.255668e+01 2.436200e+00 -3.220417e+00 -9.841296e+00 -5.834033e+00 -4.007829e+00 1.058204e+00 1.420467e+00 -3.771965e+00 -3.926179e+00 -2.157522e+00 
-6.353060e+00 9.749994e+00 5.805764e-01 -8.188737e-01 -5.121366e+00 -2.854210e+00 -9.305382e-01 -1.874638e+00 -5.426973e-01 1.827853e-01 -2.646567e+00 -3.255146e+00 
-2.840213e+00 1.219190e+01 -1.586153e+00 -5.662402e+00 -6.720015e+00 -1.107342e+00 2.336327e+00 -4.728522e-03 8.074300e-01 -9.232367e-01 -2.641441e+00 -9.286729e-01 
-6.550147e+00 1.068614e+01 -2.997559e-01 -5.161873e+00 -7.164020e+00 -2.617985e+00 -2.613622e-01 -1.355250e+00 2.291124e+00 -1.936161e+00 -2.222728e+00 -8.432309e-01 
-3.334375e+00 1.193084e+01 7.220811e-02 -4.588374e+00 -8.763821e+00 -1.698178e+00 -2.811888e+00 -1.785485e+00 -1.529036e+00 -3.747729e+00 -3.297569e+00 7.755020e-01 
-8.173941e+00 1.258152e+01 5.048342e+00 -1.432227e+00 -3.278543e+00 -3.200638e+00 -8.725444e+00 -6.114575e+00 -1.496078e-01 -2.275854e+00 3.011999e+00 2.704801e+00 
-1.101289e+01 9.348166e+00 4.041573e+00 1.649192e+00 -1.568750e+00 -2.430314e+00 -3.705552e+00 6.630551e-01 -4.114137e-01 2.227868e+00 4.411667e+00 3.509355e+00 
-7.926859e+00 8.691383e+00 -2.509506e+00 -6.477960e+00 -6.875503e+00 -4.481602e+00 -4.553277e+00 -5.139933e+00 -5.849363e-01 -1.303632e-01 4.206897e+00 3.654286e+00 
-1.091084e+01 7.680714e+00 1.974491e-02 -3.616914e+00 -6.861106e+00 -7.586357e+00 -7.614642e+00 -9.911911e+00 -1.002784e+01 -1.077888e+00 -2.813219e-01 6.655646e-01 
-3.853328e+00 1.246647e+01 8.497126e-01 -2.480759e+00 -1.180909e+01 -6.896230e+00 -2.184669e+00 -6.618714e-01 2.282604e-01 -1.162907e+00 2.575210e+00 6.768400e+00 
-3.704996e+00 1.352508e+01 1.977147e+00 -2.046753e+00 -1.081166e+01 -6.309758e+00 -3.802636e+00 -6.425963e-02 -1.102079e+00 -1.164061e+00 1.771237e+00 4.364650e+00 
-7.292630e+00 1.142006e+01 2.699040e+00 7.260851e-01 -7.523370e+00 -9.590728e+00 -1.123922e+01 -9.485415e+00 -1.184041e-01 -2.488519e-01 -2.282351e+00 1.371846e+00 
-1.085960e+01 6.453005e+00 1.415790e+00 -6.251206e-02 -3.461098e+00 1.825018e+00 1.594874e+00 -3.495782e+00 -5.997770e-01 2.567176e+00 -2.445843e+00 -9.254652e-01 
-1.069929e+01 5.251010e+00 -2.729326e+00 -2.216722e+00 -6.339933e+00 1.256549e+00 1.759029e+00 -4.771530e+00 -4.218255e+00 -1.365261e+00 -2.295031e+00 -2.638972e+00 
-6.675753e+00 9.344680e+00 -6.050917e-01 -3.432292e+00 -9.400170e+00 -3.407949e+00 -8.886843e+00 -3.039376e+00 -3.307410e-01 -1.194837e+00 -5.773427e+00 7.008495e-01 
-8.289630e+00 1.086352e+01 4.627062e+00 3.851755e+00 -3.536539e+00 -5.805119e+00 -7.979397e+00 -3.118751e+00 -1.559098e+00 -6.949614e+00 -3.518796e+00 3.022365e+00 
-7.999992e+00 1.062730e+01 1.301945e+00 7.193450e-01 -2.809200e+00 -8.287941e+00 -5.750137e+00 1.436384e+00 -7.269741e+00 -7.107727e+00 -3.216093e+00 -6.496012e-01 
-1.032206e+01 6.852218e+00 8.397446e-01 -1.887334e+00 -6.533429e+00 -4.310843e+00 -1.188420e+01 -8.088017e+00 -8.087503e+00 1.238411e+00 1.131836e+00 6.089920e-01 
-7.638047e+00 1.307923e+01 4.302315e+00 2.275440e+00 -4.263878e+00 -5.991699e+00 -5.659484e+00 -4.699345e+00 -5.154364e+00 -1.102124e+00 -1.880634e+00 -2.855930e+00 
-7.193880e+00 1.393475e+01 5.333217e+00 5.008715e+00 -3.975361e+00 -9.805131e+00 -7.354016e+00 -1.240790e+00 -4.061476e+00 -4.041642e+00 1.335527e+00 1.189006e+00 
-1.096827e+01 1.054362e+01 4.075675e+00 5.091063e+00 -1.491005e+00 -3.699821e+00 -6.939035e+00 -6.530142e+00 -3.385651e+00 -1.148288e+00 -2.973822e+00 3.308727e+00 
-1.165621e+01 1.045602e+01 6.947509e+00 6.553967e+00 -8.182193e-02 -7.800215e+00 -4.687112e+00 1.402168e-01 4.533218e+00 1.489238e+00 -7.739576e-01 -1.024321e+00 
-1.183016e+01 8.385437e+00 2.771439e+00 5.567268e+00 -1.801982e+00 -7.017343e+00 -5.096887e+00 -1.631049e+00 -9.861648e-02 -2.914846e+00 -9.164065e-01 1.970524e+00 
-1.150953e+01 5.987112e+00 -3.266549e+00 -1.896125e+00 -2.008147e+00 -3.674180e+00 -2.243165e+00 6.929645e-01 -2.952225e+00 -3.033334e+00 -2.453667e+00 -1.644870e+00 
-1.148309e+01 7.215257e+00 2.992834e+00 3.044403e+00 -3.927562e+00 -8.340188e-01 -3.636643e+00 5.301886e-01 -2.534782e+00 -2.243923e+00 1.988687e+00 -1.531141e+00 
-1.082407e+01 6.974247e+00 -6.680475e-01 -5.732980e-01 -4.810966e+00 -1.353387e+00 -4.682212e+00 1.361899e+00 -3.460616e+00 7.406051e-01 5.453594e+00 5.406285e+00 
-1.051873e+01 8.663491e+00 -2.556868e-01 2.105178e+00 -3.747887e+00 -1.778921e+00 -6.934747e+00 -5.057395e+00 1.227537e+00 1.889329e+00 -5.170178e+00 -5.027557e+00 
-9.359351e+00 8.950262e+00 1.052599e-01 1.666482e+00 -1.750728e+00 -4.184274e+00 -7.591979e+00 -6.324803e+00 -3.475076e+00 1.887021e+00 2.414415e+00 -5.069841e+00 
-1.094637e+01 9.824083e+00 1.112029e+00 -7.784328e-01 -4.234508e+00 -4.913136e+00 -4.394635e+00 2.621830e+00 -1.774860e+00 -1.915387e+00 -1.598165e+00 -5.253556e+00 
-1.299367e+01 8.917139e+00 2.914664e+00 -8.045143e-01 -4.373295e+00 -1.787650e+00 -3.745059e+00 -4.982334e+00 2.434585e+00 -1.899999e+00 -3.671767e+00 -4.557562e-03 
-1.518889e+01 7.620571e+00 2.411017e+00 5.460598e+00 -9.099404e-01 2.080338e+00 -2.621088e+00 -4.400252e+00 -5.240512e-01 3.206938e+00 -7.453599e-01 -6.252907e+00 
