-1.672887e+00 -2.004301e+00 1.512868e+01 4.332993e+00 -7.581798e+00 -4.239222e+00 -7.102013e+00 -5.782213e+00 -4.397380e+00 -8.375980e+00 -2.455395e+00 -1.483537e+00 
-2.071427e+00 -2.001843e+00 1.866629e+01 8.456612e-01 -9.865316e+00 2.356801e+00 -7.487630e+00 -1.116488e+01 -4.646639e+00 -5.401641e+00 -6.919668e+00 -8.727803e-03 
-2.542522e+00 -8.241000e-01 2.159472e+01 -3.176612e+00 -8.380884e+00 5.941965e+00 -1.283937e+01 -1.141886e+01 -1.865970e+00 -8.014709e+00 -4.333614e+00 -5.708823e-01 
-3.637599e+00 9.058515e-01 2.402168e+01 -5.775817e+00 -6.896935e+00 6.080347e+00 -1.482072e+01 -1.275033e+01 1.155149e+00 -1.032129e+01 -2.118247e+00 2.789210e+00 
-4.905255e+00 2.876677e+00 2.447367e+01 -4.178861e+00 -8.656083e+00 7.744701e+00 -1.719405e+01 -9.073544e+00 -6.080254e-02 -9.857989e+00 -7.744101e-01 2.972161e+00 
-5.231238e+00 6.393931e+00 2.447007e+01 -8.542513e+00 -5.144534e+00 9.481790e+00 -1.944291e+01 -1.005751e+01 6.289000e-01 -8.552249e+00 4.355190e-01 1.857886e+00 
-4.880379e+00 7.338993e+00 2.354082e+01 -8.466022e+00 -2.164586e+00 8.736513e+00 -2.232693e+01 -4.667672e+00 1.072280e+00 -1.447989e+01 -7.208468e-01 2.458545e+00 
-5.583653e+00 8.107906e+00 2.209413e+01 -4.707408e+00 -1.620455e+00 1.037442e+01 -2.715177e+01 -3.125542e+00 3.101491e-01 -1.234044e+01 2.778286e+00 -2.896508e+00 
-6.439813e+00 1.011724e+01 2.248531e+01 -3.619323e+00 4.461826e-01 4.734788e+00 -2.738279e+01 2.888961e-01 1.947622e+00 -1.011564e+01 -1.711976e-01 -4.605373e+00 
-8.267705e+00 1.113522e+01 1.936567e+01 -8.481995e-01 3.136474e+00 5.578426e-01 -1.565390e+01 -7.837091e+00 -1.877063e+00 -9.538799e+00 7.284359e+00 -4.321612e+00 
-9.093806e+00 1.284837e+01 1.567705e+01 -2.230195e+00 3.913873e+00 -1.321752e-01 -1.230842e+01 -6.051435e+00 2.818069e+00 -6.350476e+00 4.956359e+00 -5.028448e+00 
-1.195977e+01 1.656021e+01 1.493798e+01 -5.711870e+00 5.251789e+00 -8.028290e-01 -8.275655e+00 -3.448682e-01 2.152090e-01 -7.354891e+00 -5.646623e-01 -3.471730e+00 
-1.593480e+01 1.361852e+01 1.421232e+01 6.865313e-01 9.833767e+00 -1.563691e+00 -5.570548e+00 -8.764413e-01 1.779600e+00 -1.020020e+01 3.060119e+00 -3.029054e+00 
-1.687440e+01 1.325352e+01 1.256875e+01 3.511764e+00 9.497842e+00 -1.995365e+00 -3.379017e+00 -9.155416e+00 2.631125e+00 -8.086566e+00 3.374991e+00 -3.531469e+00 
-1.519006e+01 1.517355e+01 1.121998e+01 -2.717423e+00 1.045597e+01 1.872702e+00 -2.947659e+00 -3.234606e+00 -5.184633e+00 -8.579246e+00 5.203901e+00 -4.294776e+00 
-1.481536e+01 1.311178e+01 1.248835e+01 4.437782e-01 1.115674e+01 -4.502760e+00 -5.608762e+00 -5.352233e+00 1.356028e-01 -7.738395e+00 3.791483e+00 -3.893404e+00 
-1.509263e+01 1.339075e+01 1.236414e+01 -1.052584e+00 1.294818e+01 -6.929394e+00 -3.996815e+00 -4.496756e+00 -3.286809e+00 -8.470070e+00 1.138349e+00 -3.718854e+00 
-1.335854e+01 1.126876e+01 1.454062e+01 -2.947633e+00 1.038272e+01 -3.890671e+00 -5.052918e+00 -1.031000e+01 -1.979507e+00 -7.245318e+00 5.764814e+00 -5.657575e+00 
-1.189447e+01 1.244323e+01 1.690779e+01 -6.299445e+00 9.450128e+00 -4.992527e+00 -4.092929e+00 -7.198546e+00 -5.879556e+00 -1.023633e+01 7.396741e+00 -2.190373e+00 
-1.065687e+01 9.880871e+00 1.790043e+01 -9.475635e-01 7.347826e+00 -2.802511e+00 -8.043474e+00 -6.054722e+00 -9.601144e+00 -9.962004e+00 2.080003e-01 2.965018e-01 
-9.462287e+00 9.302445e+00 1.875391e+01 -2.648311e+00 4.654643e+00 -4.417748e+00 -7.291927e+00 -5.875141e+00 -6.311517e+00 -1.226898e+01 3.448077e+00 -3.406390e+00 
-5.048294e+00 8.859613e+00 1.681915e+01 -6.396104e+00 3.845917e+00 -1.539604e+00 -8.375243e+00 -2.997953e+00 -7.077237e+00 -1.029549e+01 2.411603e+00 -6.544095e+00 
-5.304313e+00 8.802672e+00 1.701139e+01 -5.708180e+00 -2.099521e+00 -2.206952e+00 -3.932545e+00 1.245536e-01 -5.166363e+00 -8.858337e+00 4.315352e+00 -5.217699e+00 
-4.771027e+00 8.150100e+00 1.566210e+01 -7.509768e+00 -2.300050e-01 -2.840294e+00 -6.924259e+00 7.801306e-01 -6.080203e+00 -9.842109e+00 6.296442e+00 -5.315009e+00 
-7.207352e+00 7.920696e+00 1.870959e+01 -6.038984e+00 2.071346e+00 -1.318099e+00 -1.000456e+01 -6.434802e+00 -9.403433e+00 -1.164172e+01 4.979887e+00 -2.304950e+00 
-6.760614e+00 7.506540e+00 1.933630e+01 -3.119552e+00 3.709971e-01 -3.534091e+00 -7.347511e+00 -3.230423e+00 -1.397818e+01 -1.260683e+01 -7.633553e-02 -2.486035e+00 
-6.328388e+00 8.368033e+00 1.917137e+01 -4.724871e+00 2.275214e+00 1.847324e-01 -1.184058e+01 -4.942572e+00 -6.831241e+00 -1.033082e+01 2.280448e+00 -3.104428e+00 
-4.567870e+00 7.601169e+00 1.900696e+01 -5.401480e+00 -4.539195e+00 -2.332109e+00 -1.388852e+01 -6.668467e+00 -5.848888e+00 -8.989745e+00 3.716645e+00 -4.574103e+00 
-6.426857e+00 9.501534e+00 2.022019e+01 -1.180479e+00 -2.180972e+00 8.974202e-01 -1.147697e+01 -8.160696e+00 -9.115024e+00 -8.793229e+00 4.348641e+00 -4.822394e+00 
-7.042027e+00 1.047650e+01 2.072527e+01 7.817141e-01 2.067008e+00 -4.343598e+00 -8.785178e+00 -1.078211e+01 -1.371391e+01 -1.032129e+01 1.430694e+00 -3.464496e+00 
-7.437458e+00 1.083986e+01 2.013979e+01 -1.023070e+00 -2.121691e+00 3.066182e+00 -9.855757e+00 -7.510797e+00 -8.691545e+00 -1.087074e+01 -4.815183e+00 -7.206825e+00 
-7.463370e+00 9.016100e+00 1.855033e+01 3.485201e+00 5.372727e-01 -1.061172e+00 -8.139588e+00 -5.852731e+00 -1.308261e+01 -1.218561e+01 4.144150e+00 -7.076289e-01 
-6.694796e+00 9.932897e+00 1.916983e+01 -5.336289e-01 -1.447914e+00 2.716340e-01 -1.030043e+01 -7.123845e+00 -1.254592e+01 -4.492506e+00 3.947167e+00 3.266047e-01 
-8.320567e+00 6.673312e+00 2.262962e+01 9.639634e-01 -8.618523e-01 -6.143848e-01 -1.272414e+01 -5.895759e+00 -8.725476e+00 -8.098079e+00 1.176436e-01 -4.458826e+00 
-6.145962e+00 6.968260e+00 2.076031e+01 2.532389e+00 -3.735288e+00 -1.006859e+00 -1.251860e+01 -6.217870e+00 -6.565996e+00 -8.851589e+00 8.577678e-01 -3.386555e+00 
-5.205844e+00 7.681460e+00 1.945381e+01 1.814706e+00 -6.501729e+00 1.267697e+00 -1.022864e+01 -8.403027e+00 -1.088757e+01 -1.001758e+01 8.094608e-01 -7.678348e-01 
-4.878824e+00 5.912183e+00 2.211372e+01 -2.138933e-01 -7.150445e+00 -7.570168e-01 -1.052509e+01 -4.821557e+00 -1.188852e+01 -9.044532e+00 1.802384e+00 -2.868738e+00 
-4.295785e+00 8.005903e+00 2.151793e+01 -2.912216e+00 -8.065202e+00 3.089797e+00 -9.912499e+00 -5.175939e+00 -1.315275e+01 -9.142195e+00 5.479477e+00 -1.873942e+00 
-5.380497e+00 8.808817e+00 2.046293e+01 -3.725314e-01 -9.016587e+00 1.961493e+00 -5.194195e+00 -5.934304e+00 -1.099132e+01 -9.180306e+00 2.465459e-01 -4.040185e+00 
-6.223182e+00 8.515098e+00 2.049282e+01 1.624340e+00 -6.453051e+00 3.674021e+00 -8.526363e+00 -5.881715e+00 -8.844559e+00 -1.077625e+01 -1.494010e+00 -2.994751e+00 
-5.546857e+00 8.665440e+00 1.793393e+01 3.459623e+00 -6.362443e+00 2.233060e+00 -8.543734e+00 -6.430618e+00 -7.847198e+00 -8.343823e+00 2.412354e+00 1.658134e+00 
-7.182475e+00 8.767852e+00 1.472307e+01 4.633298e+00 -6.305124e-01 1.832085e+00 -5.376002e+00 -5.621157e+00 -8.766911e+00 -7.327101e+00 -2.255159e+00 1.994166e+00 
-9.353453e+00 7.311956e+00 1.268729e+01 1.200814e+00 6.139074e+00 8.045551e+00 -4.382432e+00 -6.657411e+00 -7.395988e+00 -5.308743e+00 6.282885e-02 2.729328e-01 
-1.458940e+01 9.025112e+00 1.030466e+01 5.492910e-01 3.773623e+00 6.711926e-01 2.919968e+00 -1.395465e+00 -7.208159e-01 -5.044339e+00 6.482704e-01 -1.859241e+00 
-1.497498e+01 7.341042e+00 3.774189e+00 1.508006e+00 4.628617e+00 -2.530818e-01 1.871391e+00 -2.776240e+00 1.208002e+00 2.927859e+00 3.919384e+00 -2.943179e+00 
-1.237696e+01 7.273859e+00 2.285236e+00 6.831111e+00 -5.698192e-02 -1.356355e+00 -5.572285e+00 2.004499e-01 -8.477290e-01 -1.898892e+00 -3.075378e+00 -2.148835e+00 
-1.725428e+01 6.070717e+00 1.407532e+00 1.720999e+00 -1.690339e+00 1.441028e+00 -1.643163e+00 -3.472454e+00 -5.668237e-01 -2.722671e+00 5.694272e-01 4.275221e+00 
-1.887694e+01 7.198705e-01 -3.280428e+00 1.779043e+00 -3.053799e+00 -1.257646e+00 4.834734e+00 -8.510429e-01 -2.205601e+00 -1.123944e+00 5.721804e-01 1.921359e+00 
-1.984401e+01 -8.040271e-01 -1.620882e+00 5.033706e+00 -1.641179e+00 -1.351632e+00 3.841742e+00 6.552303e-01 -1.599420e+00 2.385157e+00 -4.575399e+00 -2.646286e-02 
-2.097536e+01 -5.955153e-01 -2.566868e-03 7.499865e-01 -1.279228e+00 2.869709e+00 -2.188132e-01 -1.881918e+00 -7.173482e+00 -5.514390e+00 -9.969229e-01 5.910346e+00 
-1.941541e+01 -4.529572e-01 -4.598272e+00 1.051044e-01 2.060743e+00 1.526512e+00 3.455546e+00 3.108714e+00 -1.539063e+00 -3.778300e+00 -1.426221e-02 1.700605e+00 
-1.897696e+01 -6.848190e-01 -1.773952e+00 2.399330e+00 1.290092e+00 1.151041e+00 -1.288813e+00 -1.310903e+00 1.912987e-02 1.045275e+00 2.069699e+00 3.552751e+00 
-1.811873e+01 -7.597849e-01 -8.045180e+00 1.794538e+00 -1.258022e+00 -2.538028e+00 -2.144581e+00 1.078337e+00 6.857755e+00 1.183035e+00 1.243223e+00 2.507316e+00 
-2.115416e+01 -2.088279e+00 -4.784327e+00 1.549325e+00 -4.977295e+00 1.888760e+00 2.212425e+00 1.254632e+00 7.212301e-01 5.293992e+00 8.014513e-01 1.286631e+00 
-1.992486e+01 -2.437301e+00 -3.347944e+00 8.109822e-01 -3.086090e+00 3.964481e+00 -2.802908e+00 -1.728930e+00 -1.180183e+00 -2.915614e+00 4.397741e-01 2.799244e+00 
-1.973258e+01 -4.861388e-01 -3.101073e+00 -3.378523e-01 -2.567503e+00 6.348261e-01 6.618519e-01 1.781125e+00 4.573972e+00 5.283787e-01 3.716394e+00 -5.893174e-01 
-1.914384e+01 9.187719e-02 -3.469059e+00 2.278337e-01 -2.808482e+00 -1.408779e+00 3.642439e-01 1.124353e+00 2.744988e+00 2.315682e+00 3.314920e+00 -3.027563e-01 
-1.984142e+01 -1.523782e+00 -4.638472e+00 -4.168024e-01 -8.767930e-01 -4.483869e+00 -5.686348e+00 -5.211628e-01 4.771030e+00 1.153725e+01 7.723878e+00 8.397909e-04 
-1.998135e+01 -1.615544e+00 -3.794269e+00 -1.760169e-01 -5.108870e+00 -3.029683e+00 -3.242372e+00 1.683118e+00 2.399484e+00 3.910160e-01 1.951560e+00 3.731268e+00 
-2.026950e+01 -1.758921e+00 -2.885641e+00 3.124884e+00 -1.442130e+00 -9.331815e-01 1.048501e-01 3.370167e+00 -2.855827e+00 -3.689371e+00 -2.688421e+00 4.886147e+00 
-1.866653e+01 5.265157e-01 -3.855084e+00 1.506284e+00 -9.929450e-01 2.207557e+00 2.614254e+00 4.650246e+00 2.975976e+00 -3.672300e+00 -1.519248e-01 7.893638e+00 
-1.828768e+01 2.185188e+00 -2.410970e+00 1.160478e+00 -3.216701e+00 -5.409088e+00 5.512622e-01 5.304329e+00 9.241605e-01 -4.493697e+00 -3.967432e+00 3.870348e+00 
-1.986163e+01 -1.623737e+00 -4.169986e+00 2.647263e-01 -4.264960e+00 4.411269e+00 -4.475198e-01 5.155823e+00 6.039508e+00 -2.869165e+00 -1.641684e+00 -1.073298e+00 
-1.972688e+01 -1.277582e+00 -4.551888e+00 1.121618e+00 -1.358751e+00 3.833656e+00 2.808799e+00 8.929467e-02 -2.345564e+00 1.572097e+00 2.276193e+00 5.949640e-01 
-2.053381e+01 -1.139940e+00 -4.943066e+00 -1.139897e+00 -1.037767e+00 -9.124007e-01 -4.735750e-01 2.067248e-01 -4.345180e+00 3.086263e+00 2.653598e-02 3.200617e+00 
-1.986888e+01 -2.536846e+00 -6.188241e+00 -3.113895e+00 -3.065366e+00 2.361996e+00 -4.399928e-01 -3.740781e+00 -5.218005e-01 -3.691356e+00 -5.313521e+00 3.260356e+00 
-2.055195e+01 -3.521235e+00 -3.750976e+00 1.143507e+00 -5.201439e-01 3.780759e+00 -6.403282e-01 2.863737e-02 1.065429e+00 -7.279064e+00 -3.155723e+00 2.153082e+00 
-2.086446e+01 -2.137028e+00 -3.939092e+00 -5.328766e-02 -2.126029e+00 2.049339e+00 -3.890857e+00 3.282917e+00 7.402601e+00 2.084230e+00 -1.602889e+00 1.048375e+00 
-2.092716e+01 -3.361062e+00 -5.790362e+00 -2.880980e+00 -2.842701e+00 -4.811986e-01 1.101316e+00 5.161799e+00 2.375342e+00 2.754369e+00 -2.905928e+00 -4.673513e+00 
-2.031458e+01 -2.028471e+00 -3.539667e+00 -1.331000e+00 -3.353577e+00 -3.815576e+00 -1.799494e+00 -2.803132e+00 3.152755e-02 1.863894e+00 -1.980084e+00 -1.930647e+00 
-1.124354e+01 -5.239306e+00 5.257047e-01 -1.316489e+00 3.054059e+00 -7.341704e+00 -9.310335e+00 -7.889382e+00 -2.833083e-01 9.654780e-01 1.784863e+00 1.339603e+00 
-1.100410e+01 -8.137580e+00 -1.863114e+00 -6.174256e+00 5.632985e-01 -1.200417e+01 -9.119264e+00 -6.870459e+00 3.335183e+00 2.902848e+00 5.437428e+00 4.418268e+00 
-6.448624e+00 -2.221825e+00 3.654619e+00 1.545390e+00 3.894594e+00 -9.577060e+00 -3.874295e-02 -1.083513e+00 3.017411e+00 -4.908167e+00 6.848135e-01 -1.855740e+00 
-1.110579e+00 -3.300024e+00 6.668086e+00 -2.090741e+00 -5.884822e+00 -1.163908e+01 -1.346134e+00 1.433317e+00 -5.912181e+00 2.832182e+00 -1.011690e+00 -8.434421e-01 
-1.901547e-01 -6.163477e+00 9.453753e+00 -4.959999e+00 -8.812237e+00 -1.646449e+01 -5.298416e+00 1.843874e+00 -1.006051e+01 4.859671e+00 -6.843036e-01 3.121742e+00 
1.609233e+00 -7.591516e+00 7.469513e+00 -2.579937e+00 -1.120661e+01 -1.983192e+01 -2.446242e+00 6.943737e-01 -9.847139e+00 7.653375e+00 -3.931389e+00 4.506710e+00 
8.085262e-01 -1.000763e+01 1.207295e+01 -8.024296e+00 -1.205052e+01 -1.864600e+01 -3.995657e+00 -8.086127e-01 -9.942080e+00 6.564795e+00 -7.881763e-01 4.752667e+00 
-1.155257e-01 -1.028578e+01 1.069841e+01 -8.406503e+00 -1.185677e+01 -1.973699e+01 2.530751e-01 -1.473154e+00 -6.260621e+00 2.253353e+00 -9.080679e-01 5.438967e+00 
-5.156199e-01 -9.471809e+00 1.022580e+01 -7.157320e+00 -1.246404e+01 -2.057673e+01 -9.414102e-01 -1.370963e+00 -6.796331e+00 4.756451e+00 9.428683e-01 3.498379e+00 
-2.151238e+00 -2.364384e+00 9.380053e+00 -9.287005e+00 -1.449067e+01 -1.923684e+01 3.874040e-01 -5.984503e+00 -4.334087e+00 3.164472e+00 3.522916e+00 2.074441e+00 
-3.474866e+00 3.896927e-01 8.265270e+00 -5.692440e+00 -1.863648e+01 -1.155785e+01 -1.238565e-01 -4.336895e+00 3.013402e-01 4.956142e+00 5.814122e+00 1.455347e+00 
-1.198164e+00 7.436302e-01 1.248277e+00 -2.288485e+00 -1.439572e+01 -1.242214e+01 -4.326268e+00 2.050050e+00 6.768594e-01 -1.273217e+00 6.423842e+00 4.471940e+00 
-9.112982e+00 1.424059e+00 6.215061e+00 3.754517e+00 -1.836995e+01 -1.293505e+01 -3.615830e+00 -5.897850e+00 -2.384063e+00 5.893861e+00 8.736574e+00 3.989360e+00 
-1.312273e+01 1.590598e-01 1.296724e+00 2.434009e+00 -1.543145e+01 -1.106336e+01 -2.325809e+00 -4.607015e+00 -3.557927e+00 4.196280e+00 -1.061249e+00 -1.526708e+00 
-1.293253e+01 1.761610e+00 -1.927446e-01 3.532178e+00 -9.956888e+00 -9.773533e+00 -5.023968e+00 -3.251339e+00 -3.008188e+00 -9.182968e-01 1.645448e+00 1.984832e+00 
-1.544193e+01 1.644860e+00 -1.566766e+00 4.179534e-01 -3.455270e+00 -8.247087e+00 -6.527641e+00 -2.511798e+00 -4.793874e-01 4.386048e+00 2.853417e-01 1.786713e+00 
-1.873546e+01 -1.986277e+00 -3.413913e+00 2.066313e+00 -7.355277e+00 -4.278894e+00 -1.791967e+00 -4.269665e+00 -2.780788e+00 3.130727e+00 -1.950049e+00 -5.329879e-02 
-2.019850e+01 -1.413586e+00 -1.316288e+00 1.084479e+00 -2.560755e+00 -5.572375e-01 5.907050e+00 2.356025e+00 -4.165740e+00 -3.886960e-01 -8.627644e-01 1.943295e+00 
-1.558394e+01 2.516185e+00 -3.061388e+00 -1.157113e+00 8.009039e-01 1.384478e-01 1.166165e+00 -2.327734e+00 -2.034317e+00 -1.023899e+00 2.707202e+00 -6.922274e-01 
-3.235421e+01 -7.549732e+00 2.054230e+01 -8.588015e+00 7.756044e+00 -1.402746e+01 1.056166e+01 2.178535e+00 -6.774799e+00 3.047754e+00 -7.666300e+00 -6.036312e+00 
-3.030968e+01 -4.739534e+00 1.819059e+01 -7.945100e+00 5.374206e+00 -1.539144e+01 6.392834e+00 1.123026e-01 -9.255314e+00 7.431848e+00 -5.972549e+00 -3.630879e+00 
-2.002022e+01 -1.930564e+00 -1.786321e+00 -2.756037e+00 -1.934692e+00 -5.389251e+00 -1.783282e+00 1.005130e+00 -2.123711e+00 1.479596e+00 -2.969753e+00 -1.568479e+00 
-1.926097e+01 -6.643365e-01 -3.273212e+00 -2.069835e+00 -3.388278e+00 1.255417e+00 -5.226619e+00 -4.144764e+00 -2.898334e-01 1.062346e+00 -9.931685e-01 -2.589178e+00 
-1.963360e+01 -7.007954e-01 -7.936858e-01 1.346416e+00 -3.252366e+00 1.691468e-01 -6.018697e+00 -3.078164e-01 -1.323082e+00 -4.565952e+00 -5.629644e+00 -2.832970e-02 
-1.879298e+01 4.155006e-01 -4.843596e+00 -2.552882e+00 -2.447495e+00 2.971377e-01 -4.708411e+00 -1.828731e+00 4.174310e+00 5.319399e+00 1.431738e-01 2.730871e+00 
-1.833795e+01 -1.166977e+00 -5.599154e+00 -1.519152e+00 -3.912167e+00 -3.223323e+00 -4.022870e+00 -5.411827e-01 -2.045736e+00 -9.726861e-01 -3.217546e+00 -1.234547e+00 
-1.207016e+01 -3.710903e+00 -9.301693e+00 1.241395e+00 -2.286039e+00 -7.944820e+00 -3.959179e+00 3.066582e+00 -1.913044e-01 -3.902164e+00 -5.045204e+00 -1.046371e-01 
-1.740509e+01 -1.808079e+00 -5.572869e+00 -1.756986e+00 -5.778309e+00 -3.930343e+00 -4.713622e+00 -7.527363e-01 7.554868e-01 1.158818e+00 -3.455327e+00 -1.349124e+00 
-1.972533e+01 -1.137892e+00 -2.719687e+00 -1.688700e-02 -9.312880e-02 -3.994921e-01 -8.354525e-01 2.444173e+00 7.704945e-01 3.369722e+00 9.018198e-01 -7.781024e-01 
-2.003835e+01 2.451051e+00 -4.731242e+00 -2.805965e+00 -1.758777e+00 -3.477888e+00 -1.205436e+00 -1.471959e+00 4.484811e-01 -9.742740e-01 -1.201665e+00 -6.868603e-01 
-1.928844e+01 4.830928e-01 -3.350520e+00 4.482053e-01 -1.520207e+00 -1.179718e+00 -7.543920e-01 -4.438788e+00 -2.411468e+00 -1.290567e-01 -4.747102e+00 1.620797e+00 
-1.844575e+01 2.262424e-01 -5.380114e+00 9.675652e-03 -4.968619e+00 -3.789600e+00 -1.951772e+00 -4.658840e-01 -6.252232e-01 -3.145081e+00 -3.341943e+00 1.744475e+00 
-1.962323e+01 -9.674774e-01 -4.884312e+00 -1.138913e+00 -2.885595e+00 -2.367531e+00 -1.744489e+00 1.781424e+00 -1.728617e+00 4.725484e+00 -5.689173e-01 -5.501136e-01 
-1.929569e+01 -8.732579e-01 -3.232497e+00 -1.879962e+00 7.266823e-01 1.072766e-01 -2.458980e+00 5.014787e+00 -3.228410e+00 2.645194e+00 5.761852e-01 -2.570043e+00 
-2.016481e+01 -1.312812e+00 -1.145695e+00 1.779289e+00 -2.912585e+00 -4.789441e+00 -1.751437e+00 4.942775e+00 -2.618640e+00 3.334507e-01 4.470327e-01 -1.884210e+00 
-1.909979e+01 -3.697982e-01 6.530053e-01 5.443864e-02 -4.150254e+00 -2.496466e+00 -2.194375e+00 6.562893e+00 -1.786038e+00 3.614673e+00 -1.459970e+00 -3.253309e+00 
-1.870747e+01 2.495924e-01 -7.128306e+00 5.864295e-01 3.098881e+00 1.926071e+00 2.463712e+00 -2.362097e+00 -2.934454e+00 2.275188e+00 3.760697e+00 -1.659255e+00 
-2.003835e+01 -1.318957e+00 -4.160708e+00 -5.141988e-01 2.233284e+00 2.097513e+00 -5.553757e+00 -5.241974e+00 2.977282e+00 -5.442030e-02 -6.106749e-02 3.810843e+00 
-2.100283e+01 -1.454551e+00 -2.312016e+00 2.655611e+00 2.164364e+00 9.644855e-01 2.565491e-01 1.406890e-01 2.641892e+00 -8.436604e-01 -6.956712e+00 2.874152e+00 
-1.889974e+01 -1.112494e+00 -5.265183e+00 5.624232e+00 -5.257313e+00 -1.648703e+00 2.776954e+00 1.120170e+00 -2.793932e-01 3.137476e+00 2.850914e-01 8.038176e-01 
-1.985074e+01 -4.229110e+00 -6.822167e+00 1.811017e+00 4.318717e+00 6.191335e+00 3.080805e-01 4.962663e-01 -3.431666e+00 -1.359366e+00 -9.340987e-01 -5.328453e-01 
-2.021715e+01 -6.983374e-01 -1.682213e+00 -2.154442e+00 -3.717007e-01 4.076414e+00 2.257587e+00 -1.290285e+00 -5.095566e+00 1.749160e+00 -2.175023e-01 4.259820e+00 
-1.987458e+01 5.162745e-01 -3.599452e+00 -3.546276e+00 -1.978550e+00 4.398952e-02 2.368177e+00 -4.355422e+00 -1.189318e+00 2.183083e+00 3.932400e+00 1.280797e+00 
-2.028245e+01 -6.483602e-01 -9.725251e-01 2.084759e+00 -3.643716e+00 -2.599426e+00 -2.280068e+00 -4.775540e+00 -2.169713e+00 1.939721e+00 5.663444e+00 2.766665e-01 
-2.019953e+01 -2.771985e+00 -2.772772e+00 -1.305667e+00 -1.519725e+00 -2.099269e+00 -5.425797e+00 8.461663e-01 -7.214684e-01 1.300151e+00 4.111862e+00 -3.184702e+00 
-2.017776e+01 -2.170619e+00 -4.519933e+00 -7.168620e-01 -1.319713e+00 -1.249617e+00 -2.940837e-01 3.450713e-01 -5.713912e-01 -3.422468e-01 4.069853e-01 3.867315e+00 
-1.981809e+01 1.709396e-01 -3.630891e+00 -1.576459e+00 -5.430818e+00 -8.906752e-01 -3.122519e+00 -2.884706e+00 -2.384063e+00 2.484923e-01 3.796239e+00 6.098198e+00 
-2.031148e+01 -3.460197e+00 -5.677492e+00 1.002824e+00 1.839042e+00 1.206771e+00 1.942609e+00 -2.657316e+00 -1.140379e+00 2.370468e+00 3.218848e-01 1.039974e+00 
-2.007152e+01 1.688914e-01 -4.266878e+00 -3.851501e+00 -3.165613e+00 -1.906574e+00 3.645460e+00 -6.847408e-02 9.365582e-01 -2.901322e+00 -5.023387e-01 3.001564e+00 
-1.971341e+01 -2.099750e+00 -4.118447e+00 2.703831e-01 -5.081880e+00 -3.166175e+00 5.694555e+00 3.628932e+00 -6.228975e+00 -6.435713e-01 -3.625277e+00 -1.277951e+00 
-2.059289e+01 -2.216910e+00 -2.591355e+00 2.882131e+00 -1.527437e+00 7.377856e-01 -6.248211e-02 9.982578e-01 1.727958e-01 6.411273e-01 -1.858941e+00 -2.618581e+00 
-2.013475e+01 -1.857647e+00 -4.961620e+00 1.581053e+00 1.001028e-02 -6.715320e-01 -4.093508e+00 2.755826e+00 3.950826e+00 -2.987869e+00 -2.132264e+00 -1.467436e+00 
-1.862662e+01 1.006625e+00 -5.307960e+00 1.729115e+00 -2.824387e+00 -4.916960e+00 -6.256088e+00 -4.340481e+00 -1.179204e+00 -2.592851e+00 -1.082774e+00 6.356056e+00 
-1.980618e+01 7.886916e-01 -5.628015e+00 -3.166037e+00 -4.285685e+00 4.500532e+00 4.551022e+00 -3.305256e-01 2.070620e+00 5.787980e-01 -3.236819e+00 -7.850123e-02 
-1.974606e+01 -2.478676e+00 -3.668514e+00 3.019125e+00 7.768060e-01 8.917527e-01 -5.189563e+00 -3.252534e+00 1.343072e+00 1.146511e+00 -4.313340e+00 -1.840105e+00 
-1.895105e+01 -1.133574e-01 -3.707684e+00 1.067386e-03 -1.152955e+00 1.510454e+00 -7.744129e+00 -2.515384e+00 4.421611e+00 -1.488392e+00 -1.552329e+00 -1.335732e-01 
-1.998860e+01 -3.378677e+00 -5.512053e+00 8.636156e-01 -2.049880e+00 -2.941712e-01 -2.390657e+00 1.474851e+00 7.512455e-01 2.134649e+00 9.856688e-01 -2.128767e+00 
-1.932212e+01 -2.098111e+00 -8.397189e+00 -6.128249e-01 -1.154401e+00 -3.471276e+00 -1.783861e+00 3.883513e+00 5.769043e+00 3.987855e+00 2.623103e+00 -2.298650e+00 
-1.958592e+01 -1.413586e+00 -3.614398e+00 1.144245e+00 -7.037700e-01 3.229595e+00 1.738220e+00 8.037361e-01 2.457884e+00 -2.270486e+00 -3.072124e+00 -1.683757e+00 
-2.013838e+01 -6.196847e-01 -6.417588e+00 2.403265e+00 6.154617e-03 8.147691e-01 -4.777891e+00 -1.085007e+00 4.162239e+00 -3.402736e+00 -1.144597e+00 -4.136095e+00 
-2.023270e+01 -4.824520e-01 -4.924512e+00 -1.404294e+00 2.178823e+00 4.027296e+00 4.019496e+00 -6.948148e+00 -4.226749e+00 -6.332493e-01 4.780693e-01 -5.300450e-01 
-1.861626e+01 4.376217e-01 -1.023548e+00 3.746805e-02 -2.141452e+00 4.357427e+00 -1.093688e+00 -3.586132e-01 8.465119e-01 2.592113e-01 3.343954e+00 -5.134768e-01 
-1.499157e+01 1.837395e+00 -6.787545e-01 2.162726e+00 5.106719e+00 4.016433e+00 1.376343e+00 -4.472254e+00 -2.949136e+00 -3.485988e-01 -2.443882e+00 4.966188e+00 
-1.805291e+01 7.354372e-01 -3.334453e-01 7.881088e-01 5.676361e-01 2.251480e+00 1.598101e+00 -1.105923e+00 -8.013262e+00 -2.266516e+00 -4.917053e+00 -1.419831e+00 
-1.998238e+01 1.609196e-02 -4.432318e+00 -2.131554e-01 2.550413e+00 5.892375e+00 2.988869e+00 5.811268e-01 -4.371280e+00 -1.619024e-03 5.644213e-01 -6.090450e+00 
-1.944391e+01 4.384410e-01 -1.475543e+00 5.763455e-01 -1.885050e+00 -4.339694e-01 1.275017e+00 3.149949e+00 1.379938e+00 -1.486804e+00 -8.329793e-01 -3.324016e+00 
-1.813221e+01 8.255602e-01 -1.953306e+00 -4.453327e-01 -1.442612e+00 1.179378e+00 -1.319626e-01 2.283715e+00 -2.768717e+00 -9.569368e+00 -5.354570e+00 -3.789730e-02 
-2.015755e+01 8.366207e-01 -4.532302e+00 -1.206781e-01 1.391751e-01 2.552802e+00 2.580092e+00 -4.983509e+00 -1.216397e+00 -1.703449e-01 2.764770e+00 4.137074e+00 
-1.996010e+01 -1.351729e+00 -6.376873e+00 -2.011299e+00 -5.037539e+00 1.339957e+00 2.177558e-01 -6.350838e+00 -1.158324e+00 1.337587e-01 -9.185804e-01 5.354025e+00 
-1.902672e+01 -1.584189e-01 -4.677642e+00 -5.601915e-01 -1.494664e+00 2.173205e-01 -2.871357e-01 6.831518e+00 -1.853572e+00 -3.224085e+00 -1.473986e+00 -2.760695e+00 
-1.832862e+01 3.880541e-01 -4.442110e+00 -1.853645e+00 -6.449677e+00 -2.732612e+00 -2.088996e+00 1.525946e+00 1.506851e+00 -2.833832e+00 1.226954e+00 3.636059e+00 
-1.912570e+01 -1.585230e+00 -6.244933e+00 3.222787e-01 -3.757458e+00 6.017657e-01 9.999903e-01 9.991542e-01 -1.831481e-01 2.347442e+00 -1.139341e+00 4.780670e+00 
-1.967765e+01 -9.256932e-01 -7.087076e+00 -2.986247e+00 -2.083135e+00 1.429693e+00 -1.149273e+00 2.079631e+00 4.143642e+00 3.349475e+00 -1.650945e+00 -6.519994e-02 
-1.917960e+01 -5.094889e-01 -2.788749e+00 4.041946e-02 -3.543502e-01 9.120612e-01 2.970794e-01 6.208678e-01 2.801757e+00 2.647576e+00 -1.426639e-01 1.303523e-01 
-1.972636e+01 -3.480868e-01 -4.009700e+00 2.725967e-01 4.379893e-01 2.848582e-01 -3.184472e+00 3.450546e+00 9.313381e-01 2.926271e+00 2.992289e+00 -7.399111e+00 
-1.974554e+01 -8.263367e-02 -4.320994e+00 -6.088897e-01 1.085259e+00 1.837752e+00 -5.936478e+00 -4.602234e+00 -1.859771e+00 -1.275202e+00 3.118188e+00 -4.699818e-02 
-2.050893e+01 -3.143128e+00 -4.508595e+00 2.131982e+00 1.333950e+00 1.155291e+00 -2.500794e-01 3.292180e+00 -1.292414e+00 1.972672e+00 3.133456e+00 -4.168998e+00 
-2.019435e+01 -1.819549e+00 -4.309656e+00 1.518582e+00 4.121597e+00 7.594513e+00 -3.346140e-01 -4.652864e-01 -5.290340e+00 -7.730455e+00 -3.290632e+00 6.034556e-02 
-1.985126e+01 -2.820324e+00 -5.602761e+00 2.907970e-01 3.305126e-01 3.001006e+00 -2.596204e+00 -1.295066e+00 3.506047e-01 -1.100918e+00 -1.148811e-01 -1.901011e+00 
-2.069965e+01 -2.485640e+00 -6.074856e+00 1.144983e+00 -2.285557e+00 2.341215e+00 -4.139376e-01 3.656888e-01 8.350930e-01 -1.271629e+00 3.313418e+00 1.670502e+00 
-2.138271e+01 -1.820369e+00 -6.176902e+00 2.637656e+00 1.309370e+00 2.369553e+00 -2.102892e+00 -1.872357e+00 1.192342e+00 -1.835371e+00 6.885638e+00 2.192286e+00 
-1.852297e+01 -2.030109e+00 -2.744941e+00 9.405981e-01 -3.105368e+00 -3.595961e+00 -7.423940e+00 -1.183015e+00 2.892129e+00 1.246158e+00 8.810871e-02 -7.937373e-01 
-2.020990e+01 -2.357829e+00 -4.189055e+00 -2.562228e+00 9.435299e-02 3.167253e+00 -2.593888e+00 5.721627e-01 8.523844e-01 2.804391e+00 -9.000584e-01 3.437006e+00 
-2.043119e+01 -2.270164e+00 -3.855084e+00 -4.507436e-01 1.526733e+00 -1.736549e+00 5.483671e-01 4.011701e+00 4.111343e+00 8.729765e-01 -1.033216e+00 -5.697156e-01 
-2.026950e+01 -2.166932e+00 -4.397787e+00 3.200637e+00 1.873743e+00 -1.405473e+00 -5.465295e-01 3.462199e+00 2.580882e+00 -3.158579e+00 -3.656064e+00 -2.427229e+00 
-1.984712e+01 -1.423827e+00 -2.408393e+00 2.499924e+00 2.625116e+00 4.277610e+00 1.277333e+00 -1.252469e-01 -3.441780e+00 -3.715573e+00 -1.202165e+00 2.229156e+00 
-2.042497e+01 -2.045676e+00 -3.071181e+00 -5.380560e-01 -1.811310e+00 2.013917e+00 -5.777957e-01 9.609072e-01 2.840581e+00 -9.845961e-01 -3.293636e+00 2.648963e+00 
-2.071934e+01 -4.836809e-01 -8.813016e-01 2.841564e-01 -2.910175e+00 3.904972e+00 1.445244e+00 -2.503432e+00 -8.291324e-01 2.347045e+00 7.346224e-01 2.606959e+00 
-1.862818e+01 2.241941e-01 2.133803e-01 5.636038e+00 3.712414e+00 -1.560857e+00 -6.160553e+00 -5.262425e-01 5.287491e+00 -2.360605e+00 -8.948023e-01 4.639956e+00 
-2.012542e+01 -1.653641e+00 -4.061754e+00 5.170714e-01 -1.092228e+00 1.824528e+00 -2.529039e+00 -2.184607e+00 3.676772e+00 3.596014e+00 4.885025e+00 -8.985141e-01 
-2.066855e+01 -1.599977e+00 -4.476641e+00 -1.142356e+00 -2.141452e+00 7.869040e-01 -1.107684e-03 -1.546958e+00 -9.253776e-01 9.360998e-01 3.296398e+00 -4.720184e+00 
-2.019383e+01 -9.793573e-01 -1.788898e+00 -1.491852e+00 -5.770116e+00 1.195562e-01 3.991125e+00 3.467578e+00 3.419030e+00 1.978627e+00 -7.196745e+00 5.415255e-01 
-2.087171e+01 -5.357065e-01 -2.280062e+00 3.137673e+00 1.186471e+00 -8.708390e-01 -5.630185e+00 1.728280e-02 7.232622e+00 2.990586e+00 -6.181296e+00 7.506124e-01 
-1.874582e+01 -6.051257e-02 -7.428777e+00 -4.710360e+00 -2.771371e+00 -4.882829e-01 1.112317e+00 4.810273e-01 3.882965e+00 3.373693e+00 -1.940037e+00 -1.208878e+00 
-2.110285e+01 -2.479495e+00 -7.443723e+00 -2.388095e+00 -3.561301e+00 5.032332e+00 4.800573e+00 -1.348851e+00 -8.757869e-01 -1.791304e+00 4.282605e-01 3.304927e+00 
-2.027883e+01 -1.026877e+00 -5.356922e+00 2.217573e+00 -5.578297e+00 -3.059438e+00 -3.925018e+00 1.922460e+00 7.897435e-01 3.625392e+00 -1.450208e+00 -4.297020e-01 
-1.963100e+01 -1.586073e-02 -5.828501e+00 -1.702877e+00 -4.926723e-01 -9.837167e-01 1.471300e+00 2.698455e+00 1.583195e+00 3.519789e+00 3.300904e+00 -2.633749e+00 
-1.977197e+01 -1.390236e+00 -3.991662e+00 3.853389e+00 -2.402191e+00 -5.422312e+00 -3.588617e+00 3.087498e+00 -1.612890e-01 3.468576e+00 -6.885586e-01 -7.615342e-01 
-1.922210e+01 5.828590e-02 -6.749497e+00 -2.757021e+00 -3.413822e+00 -2.907360e+00 -4.611138e+00 -2.247954e+00 4.086548e+00 4.322527e+00 5.442934e+00 2.613026e+00 
-1.975901e+01 2.474401e+00 -8.199705e-01 -4.595978e-01 -2.053735e+00 -2.387839e+00 -1.173591e+00 1.387301e+00 -5.895868e+00 2.233503e+00 -2.068939e+00 -6.333841e+00 
-2.023270e+01 -1.364428e+00 -4.952343e+00 9.231500e-02 3.148041e+00 -1.198137e+00 2.549984e+00 2.720567e+00 -1.302202e+00 -9.091657e-01 8.605210e-01 1.042165e-01 
-1.988858e+01 -1.747041e+00 -8.303389e+00 -1.841839e+00 1.714663e-01 2.889073e+00 2.209530e+00 -5.268401e-01 -1.550808e+00 -2.617862e+00 -1.723031e+00 -6.140532e-01 
-2.040113e+01 1.281476e-02 -8.155473e+00 -6.747075e+00 -3.476958e+00 3.119551e+00 -1.393033e+00 -2.161898e+00 1.030846e+00 3.516613e+00 -2.346267e+00 -8.289740e-01 
-1.902568e+01 8.566936e-01 -5.429076e+00 -4.214769e+00 -2.544369e+00 -1.758275e+00 1.041679e+00 4.636799e+00 2.386434e+00 9.801670e-01 6.011739e-03 -5.855837e-01 
-2.182116e+01 -2.759884e-01 -4.883281e+00 -3.473229e+00 2.069418e+00 4.526980e+00 4.171196e+00 -2.827169e-01 -1.753086e+00 -1.921521e+00 4.685539e+00 4.073459e-01 
-2.113136e+01 -1.429972e+00 -4.221524e+00 -2.736607e+00 -1.557834e-01 2.820244e-01 -1.998672e+00 7.326207e-01 4.997777e+00 2.782953e+00 3.462595e+00 -1.697525e+00 
-2.137805e+01 -9.433081e-01 -1.664690e+00 9.829016e-01 5.194066e-02 -2.133746e+00 -4.821896e+00 -5.253926e+00 -2.829820e-01 4.164521e+00 6.608310e+00 6.292350e+00 
