-1.339827e+00 -2.506257e+00 2.155150e+01 -4.654646e+00 -9.159633e+00 1.527072e+00 -9.109432e+00 -6.779933e+00 -8.571632e+00 -5.698477e+00 1.408463e+00 -8.215123e-01 
-1.759571e+00 -1.963282e+00 2.084034e+01 -6.671598e+00 -7.074242e+00 3.928226e+00 -1.283867e+01 -6.432570e+00 -6.295796e+00 -6.792040e+00 8.807958e-01 -1.424201e+00 
-3.890550e+00 1.256992e+00 2.211491e+01 -9.543019e+00 -4.276199e+00 2.688076e+00 -1.314686e+01 -6.849834e+00 -4.704708e+00 -6.277544e+00 -4.155425e-01 -1.303451e-01 
-3.990627e+00 1.999444e+00 2.286879e+01 -9.704344e+00 -4.665170e+00 5.030148e+00 -1.512105e+01 -6.687922e+00 -5.856452e+00 -5.308984e+00 -6.250976e-01 1.108068e+00 
-4.757746e+00 4.302388e+00 2.148416e+01 -8.072908e+00 -2.505084e+00 4.744216e+00 -1.878524e+01 -5.911167e+00 -3.259940e+00 -9.878600e+00 3.149917e+00 9.296744e-01 
-5.079482e+00 6.171041e+00 1.982210e+01 -5.144946e+00 -1.491436e+00 -9.376219e-01 -9.189190e+00 -1.044616e+01 -7.462518e+00 -6.294100e+00 3.219769e+00 3.485309e-01 
-4.249918e+00 8.759785e+00 1.837716e+01 -5.171834e+00 -3.023930e-01 7.567833e-02 -1.259746e+01 -6.901903e+00 -7.539326e+00 -9.929926e+00 6.041353e+00 -2.098994e+00 
-5.464075e+00 6.013606e+00 1.907727e+01 2.614057e+00 3.206088e+00 -4.644140e-01 -1.737710e+01 -8.687225e+00 -7.205593e+00 -7.387249e+00 5.853625e-01 -8.160542e-01 
-7.136850e+00 7.118786e+00 2.041013e+01 -2.075424e-01 3.094874e+00 -6.792245e+00 -1.415196e+01 -2.965351e+00 -6.472993e-01 -8.466324e+00 -2.001266e+00 -3.884653e+00 
-9.656558e+00 8.975811e+00 1.864001e+01 -3.518651e+00 2.756254e+00 -4.892725e+00 -6.764333e+00 -1.805926e+00 -3.707887e-01 -1.181531e+01 -1.368065e+00 -1.109642e+00 
-1.193559e+01 1.307048e+01 1.575114e+01 -6.152039e+00 3.466692e+00 1.534875e+00 -8.837638e+00 -5.871224e+00 1.770632e+00 -1.062861e+01 6.068265e+00 -3.355217e+00 
-1.528527e+01 1.364923e+01 1.493192e+01 -6.260379e+00 1.277653e+01 2.175852e+00 -7.786467e+00 -8.335938e+00 2.859777e+00 -5.743180e+00 -2.915386e+00 -4.706814e+00 
-1.539155e+01 1.273414e+01 1.494499e+01 -5.690207e+00 1.341393e+01 7.840967e-01 -8.089622e+00 -7.804907e+00 -2.331710e+00 -9.291256e+00 -3.697060e+00 -6.135302e-01 
-1.765155e+01 9.788931e+00 1.099214e+01 -5.222445e+00 1.300062e+01 3.520230e+00 -3.798210e+00 1.163447e-01 -8.915504e-01 -1.345317e+01 -3.264342e+00 -2.428203e+00 
-1.823175e+01 8.343385e+00 1.064184e+01 -6.028673e+00 9.742784e+00 1.670874e+00 -6.136340e+00 6.709144e-01 3.850991e+00 -3.755563e+00 1.716597e+00 -5.064176e+00 
-1.666898e+01 8.285241e+00 7.951485e+00 -4.070635e+00 1.031656e+01 -1.896300e+00 -1.483424e-01 -2.468556e+00 2.249149e+00 -6.846262e+00 -1.783547e+00 -3.980600e+00 
-1.459631e+01 1.172110e+01 1.178924e+01 -1.434084e+00 1.229239e+01 -1.855612e+00 -8.081104e+00 -6.947196e+00 -2.090531e+00 -7.615316e+00 -4.476919e+00 -3.275644e+00 
-1.198935e+01 8.367537e+00 1.756448e+01 1.799530e-01 6.934228e+00 -3.828705e+00 -1.023765e+01 -9.044575e+00 -6.311926e+00 -4.832982e+00 9.287491e+00 2.324648e+00 
-7.910586e+00 6.762320e+00 1.832841e+01 -1.392171e+00 4.130250e-01 -3.245695e+00 -6.372128e+00 -4.482839e+00 -9.151153e+00 -1.120064e+01 5.889554e+00 2.272366e+00 
-7.323771e+00 4.399443e+00 2.028348e+01 -2.026399e+00 -8.866786e-01 -4.245060e+00 -2.490344e+00 -1.052961e+01 -1.347547e+01 -1.162242e+01 3.915262e+00 3.404490e+00 
-5.488060e+00 1.197954e+00 2.276425e+01 -1.532144e+00 -5.470776e+00 -4.114638e-01 -9.443174e+00 -9.415120e+00 -1.057211e+01 -1.234677e+01 5.386683e+00 2.094260e+00 
-4.436011e+00 1.069143e+00 2.288085e+01 -2.773316e+00 -7.014485e+00 1.253960e+00 -1.061243e+01 -3.012783e+00 -1.467676e+01 -1.204834e+01 5.704795e+00 6.375226e-01 
-5.129934e+00 2.655575e+00 2.311103e+01 -1.875354e+00 -6.001945e+00 -1.756400e+00 -1.060972e+01 -3.749951e+00 -7.485944e+00 -1.620073e+01 3.724152e+00 -1.291770e+00 
-5.342081e+00 2.646630e+00 2.366891e+01 -2.522230e-01 -4.531271e+00 -3.284711e+00 -8.816730e+00 -5.155098e+00 -1.198423e+01 -1.038606e+01 4.500081e+00 -7.321719e-01 
-6.132358e+00 4.199965e+00 2.038198e+01 -3.668905e+00 -9.397955e-01 1.356517e+00 -1.261914e+01 -6.172938e+00 -1.147269e+01 -7.708860e+00 6.148701e+00 -3.821741e+00 
-6.827108e+00 4.833286e+00 2.095795e+01 -5.428055e+00 -2.712571e+00 -3.223400e+00 -6.754654e+00 -2.638297e-01 -1.075031e+01 -1.239851e+01 2.662770e+00 1.264055e+00 
-7.621107e+00 4.996089e+00 2.253256e+01 -2.428919e+00 -2.654475e+00 -1.266471e+00 -1.004871e+01 -2.925051e+00 -1.215552e+01 -8.889759e+00 3.980275e+00 -1.810289e+00 
-7.298131e+00 5.132503e+00 2.041365e+01 -2.850420e+00 -5.161481e+00 3.928783e+00 -1.042543e+01 -7.446130e+00 -1.113780e+01 -1.421725e+01 7.410567e+00 9.334089e-01 
-4.964517e+00 4.221881e+00 1.751522e+01 -3.031514e+00 -6.222008e-01 -2.814847e+00 -1.168916e+01 -1.328389e+00 -6.293876e+00 -1.248543e+01 4.289921e+00 -2.068256e+00 
-6.316384e+00 4.541225e+00 1.867369e+01 -2.147392e+00 -2.136585e+00 -1.338931e-01 -1.019467e+01 -5.451820e+00 -1.339060e+01 -1.057439e+01 6.373980e+00 2.123561e+00 
-7.200122e+00 2.066086e+00 2.162237e+01 -1.354213e+00 9.884579e-01 -6.243795e-01 -1.230670e+01 -7.707188e+00 -1.092543e+01 -9.785470e+00 2.782515e+00 2.439843e+00 
-6.992111e+00 3.669962e+00 2.236369e+01 1.085822e+00 -3.056725e+00 8.504238e-01 -1.347750e+01 -7.921527e+00 -9.403085e+00 -1.037116e+01 2.243659e+00 2.289315e+00 
-7.421780e+00 4.530043e+00 2.400112e+01 -4.632108e+00 -5.564837e+00 6.174428e-01 -1.303187e+01 -4.281339e+00 -6.237038e+00 -1.313404e+01 2.507644e+00 1.110079e+00 
-6.285782e+00 3.754941e+00 2.091020e+01 -1.151766e+00 -2.607444e+00 -2.507735e+00 -1.074949e+01 -5.758171e+00 -7.738260e+00 -8.585531e+00 -9.634700e-01 -1.086661e+00 
-7.364298e+00 4.236193e+00 2.364780e+01 -6.187621e-01 -1.939610e+00 6.185576e-01 -1.204690e+01 -8.863760e+00 -1.329728e+01 -1.076810e+01 3.720524e+00 1.210146e-01 
-6.695188e+00 4.120800e+00 2.031665e+01 -2.745638e+00 -3.321202e+00 -1.117653e+00 -1.049899e+01 -5.588412e+00 -9.224120e+00 -4.913281e+00 2.785237e+00 -1.047880e+00 
-6.580637e+00 3.986175e+00 2.117155e+01 -3.573612e+00 -4.029981e+00 3.514657e+00 -9.773432e+00 -3.690749e+00 -1.065929e+01 -1.174660e+01 4.079458e+00 2.279835e+00 
-7.568587e+00 4.991616e+00 2.250089e+01 2.882936e-01 -2.760155e+00 -2.062396e+00 -1.240697e+01 -5.236055e+00 -4.283413e+00 -9.108720e+00 4.620425e-02 2.791747e+00 
-7.141813e+00 3.984386e+00 2.113838e+01 -1.355003e+00 -2.404383e+00 -7.497879e-01 -9.962372e+00 -4.897964e+00 -3.752667e+00 -8.738680e+00 8.750504e-01 1.065839e+00 
-6.772107e+00 4.665116e+00 1.882296e+01 -1.423009e-01 -1.493650e+00 9.886518e-01 -9.343284e+00 -8.273527e+00 -4.515759e+00 -5.188121e+00 1.296277e+00 9.492086e-01 
-8.345219e+00 7.920724e+00 2.113637e+01 -3.462109e+00 9.784985e-01 4.567530e+00 -1.264857e+01 -6.765668e+00 -1.007938e+01 -8.085937e+00 -7.233194e-02 6.872678e+00 
-9.439449e+00 4.427174e+00 1.834047e+01 1.259009e+00 1.140616e+00 2.703682e+00 -8.903844e+00 -9.927963e+00 -9.893123e+00 -4.781657e+00 3.413352e-01 3.762426e+00 
-1.072722e+01 3.439623e+00 1.162590e+01 1.054981e+00 5.304758e+00 2.562665e-01 -3.196933e+00 -3.210003e+00 -4.253228e-01 -4.532894e+00 1.608342e+00 8.911805e-01 
-1.337099e+01 6.988186e+00 7.264950e+00 2.980991e+00 1.629734e+00 -5.067742e-01 -3.263139e+00 -2.845521e+00 5.766979e+00 -3.961692e+00 -4.817710e+00 2.718781e+00 
-1.543952e+01 3.104625e+00 -1.818901e-01 3.065212e+00 -4.079225e+00 -2.046232e+00 -2.737747e+00 -5.591068e-02 -3.892228e-01 -6.591705e+00 -4.362314e+00 -5.527539e+00 
-2.004637e+01 -1.446250e+00 -4.023669e+00 -1.043821e+00 -2.033118e+00 2.898762e+00 -3.172928e+00 1.424844e+00 1.403104e+00 4.692637e-01 -1.477228e+00 -2.813717e+00 
-1.861097e+01 1.629170e-02 -3.970395e+00 1.957292e+00 1.412840e+00 2.170835e+00 -4.644955e+00 -3.515641e+00 -1.905039e+00 -5.619006e+00 -2.775078e+00 -1.067988e+00 
-2.014314e+01 1.039176e+00 -2.405840e+00 1.705815e+00 -1.805711e+00 -1.585844e+00 -2.868224e+00 -3.885116e+00 -1.186495e+00 1.277842e-01 -2.481459e+00 -8.877373e+00 
-1.889962e+01 1.983267e-01 -8.211815e-01 -1.881681e+00 -3.711833e+00 3.480099e+00 -3.359158e+00 -5.523504e+00 -7.336167e+00 -2.545276e+00 -2.098333e+00 -8.155755e+00 
-2.023081e+01 -1.878303e+00 -2.610896e+00 -8.611444e-01 -3.228801e+00 -1.500009e+00 -3.087363e+00 1.296098e+00 1.545583e+00 1.795446e+00 -3.919920e+00 2.099718e+00 
-2.025562e+01 -7.945913e-01 -5.017787e+00 -2.594989e+00 -2.123306e+00 -1.622073e+00 -2.969275e+00 -2.941438e-01 -1.469534e+00 5.112971e+00 1.423637e-01 1.411233e-01 
-1.857623e+01 -1.032981e+00 -5.283154e+00 -1.705331e+00 -1.122385e+00 -5.697811e-03 -1.727342e-01 2.410587e+00 -8.462334e-01 3.480492e+00 2.036524e+00 9.426014e-01 
-1.932392e+01 -2.364922e+00 -5.137403e+00 -1.252985e-01 -1.423380e+00 2.209294e+00 -2.884985e-01 1.746886e+00 -7.966919e-01 2.863135e-01 2.233983e+00 -6.393843e-01 
-1.910515e+01 -1.320122e+00 -8.265508e+00 -1.865469e+00 -2.843150e+00 -5.184790e-01 1.540888e+00 -3.882958e-01 -4.689731e+00 -1.491036e+00 -2.132503e+00 4.448997e+00 
-2.054758e+01 -1.563432e+00 -4.575511e+00 -6.393231e-01 -2.198002e+00 -5.083904e+00 -5.664878e-01 1.738327e+00 4.655176e+00 3.694486e+00 -4.930501e+00 1.186492e+00 
-2.079116e+01 -5.132645e-01 -4.370957e+00 -2.183769e+00 -2.532749e+00 -2.079675e+00 -1.905441e-01 -1.869050e+00 1.320534e+00 -1.470754e+00 -4.200536e+00 -2.133656e-01 
-1.996077e+01 -3.644087e+00 -7.634259e+00 7.093983e-01 -8.662065e-01 2.780599e+00 1.648796e-01 8.203450e-01 2.439101e-02 1.683689e+00 -1.797457e+00 6.590677e-01 
-1.901169e+01 -4.104318e+00 -2.324421e+00 1.541723e+00 -4.641932e+00 -3.303661e+00 -4.893132e+00 -1.932888e+00 3.432769e+00 9.426788e+00 2.599571e+00 -1.683891e+00 
-2.056537e+01 -3.610542e+00 -6.561737e+00 -5.060721e-01 5.945077e-01 1.007602e+00 -3.211645e+00 7.811150e-01 2.324038e+00 4.937471e+00 -1.043905e+00 -7.189575e-01 
-2.042187e+01 -1.878750e+00 -5.822431e+00 -3.995508e+00 -3.769376e+00 5.109850e-01 6.587671e+00 3.646689e+00 -1.688823e+00 4.375789e+00 2.774351e+00 -2.030049e+00 
-1.962084e+01 -1.071445e+00 -3.068250e+00 -1.241523e+00 -1.256837e+00 3.698032e+00 3.229344e+00 1.775774e+00 -1.852425e+00 3.028701e-01 2.403925e+00 -5.504558e+00 
-1.824292e+01 -3.203983e+00 -4.009094e+00 -9.801567e-02 1.770272e+00 1.685365e+00 -1.164281e+00 3.324289e+00 -2.996871e+00 1.170224e-01 2.988442e+00 5.892616e-01 
-1.963366e+01 -2.307226e+00 -6.414981e+00 -3.579148e+00 3.332240e+00 4.602642e-01 8.412686e-01 3.237270e+00 -2.837110e+00 2.586437e+00 1.041062e+00 6.432680e-01 
-1.969031e+01 -2.004431e+00 -5.040404e+00 -9.607861e-01 -7.538864e-01 -2.410753e+00 -5.908796e-01 -2.032033e+00 5.178856e-01 1.742879e+00 1.097058e-01 -1.418168e+00 
-1.968907e+01 -1.815687e+00 -3.443181e+00 1.475299e-01 -2.815485e+00 -6.812313e-01 6.732361e-01 4.383856e+00 4.512312e+00 2.182042e+00 -2.662892e+00 -1.623565e+00 
-1.945046e+01 -2.265630e+00 -6.454183e+00 -1.831860e+00 1.072560e+00 5.071951e+00 3.491733e-01 1.294671e+00 -2.929280e+00 2.191148e+00 6.527951e-01 -5.983049e-01 
-1.995829e+01 -3.236262e-01 -3.636174e+00 3.015392e+00 -5.497184e-01 -5.569376e-01 -7.267769e-01 -4.928277e+00 -6.811565e+00 -5.374382e+00 2.556329e+00 1.549599e+00 
-2.002528e+01 -3.517512e+00 -6.574301e+00 -2.747610e-01 -5.067973e+00 -2.982615e+00 -7.538790e-01 3.560044e-01 2.287016e-01 2.908876e+00 2.778584e+00 3.108603e+00 
-1.893684e+01 -2.502678e+00 -7.488508e+00 1.103220e+00 -8.955314e-01 6.001645e+00 -1.232423e+00 -9.371414e-02 -3.289512e+00 -1.499314e+00 -2.811364e+00 -5.432453e+00 
-2.165877e+01 -1.028508e+00 -5.161528e+00 -2.688304e+00 1.874846e+00 1.232780e+00 -8.407184e-02 -1.916483e+00 -5.550370e+00 3.713940e+00 2.232169e+00 5.188810e-01 
-1.928132e+01 3.067949e+00 -4.128710e+00 -6.005693e-02 3.867282e+00 7.121719e-03 -4.747168e+00 -1.145792e+00 -6.425603e+00 -3.954655e+00 -8.654962e-01 4.155696e+00 
-9.558962e+00 -1.475806e+01 -1.866061e+00 -6.753447e+00 7.287234e+00 1.895494e+00 1.079766e+00 -8.624457e+00 -3.739609e+00 -1.741868e+00 -8.918699e+00 -2.797343e+00 
-8.595410e+00 -1.032303e+01 -8.035909e-01 -5.514253e+00 6.166800e+00 -3.915097e+00 2.791840e+00 -1.257528e+01 1.895062e+00 -1.835827e+00 1.454426e+00 1.155180e+00 
-5.359449e+00 1.768582e-01 4.648982e+00 -1.641671e+00 -3.445695e+00 -8.166164e+00 -1.851898e+00 -9.226816e+00 -1.735292e+00 1.964737e+00 1.623764e+00 -2.290314e+00 
3.437159e-02 -9.110950e+00 1.156107e+01 -4.042561e+00 -1.056778e+01 -1.477547e+01 -6.460403e+00 -2.178236e-01 -8.536301e+00 1.772681e+00 -2.018200e+00 8.796897e-01 
3.077225e-01 -1.056678e+01 1.246171e+01 -8.456845e+00 -1.068508e+01 -1.701275e+01 -8.140342e+00 1.313930e+00 -8.373851e+00 3.142738e+00 -7.318463e-03 3.458209e+00 
8.732024e-03 -9.687916e+00 1.281804e+01 -1.009500e+01 -1.044329e+01 -1.887159e+01 -6.248233e+00 5.874614e-01 -8.732546e+00 3.564103e+00 1.732623e+00 5.263976e+00 
-6.905665e-01 -9.451762e+00 1.339803e+01 -1.069325e+01 -1.208604e+01 -1.819048e+01 -4.068843e+00 -1.557350e+00 -8.645753e+00 4.326533e+00 -2.667676e-01 6.364788e+00 
-1.203358e+00 -8.967380e+00 1.320855e+01 -9.660058e+00 -1.627342e+01 -1.873615e+01 -5.367805e+00 -8.016196e-02 -7.891109e+00 3.658061e+00 -1.460294e+00 3.950012e+00 
-2.156984e+00 -5.392875e+00 1.256574e+01 -4.619850e+00 -1.648368e+01 -1.973161e+01 -4.958564e+00 -4.309157e+00 -4.221967e+00 6.587335e+00 7.372163e+00 7.882138e+00 
-6.698910e+00 -9.381989e+00 6.626161e+00 -7.410213e+00 -1.926069e+01 -2.218460e+01 -7.049679e+00 3.831088e-01 -1.118520e+00 5.870849e+00 1.003046e+01 9.841882e+00 
-6.476425e+00 -8.705285e+00 7.771056e+00 -5.755054e+00 -1.707294e+01 -2.445310e+01 -4.065359e+00 1.099591e+00 -2.544469e+00 -1.410322e+00 4.956989e+00 9.948459e+00 
-4.357852e+00 -4.135179e+00 2.118453e+00 1.219864e+00 -2.284608e+01 -2.398825e+01 -6.008961e+00 -5.334468e-01 -3.963122e+00 -5.290982e-01 1.896518e+00 7.011141e+00 
-1.062218e+01 -1.562090e+00 -2.136956e+00 -3.795430e-01 -1.965298e+01 -2.859604e+01 -1.417790e+01 -6.857306e-01 -1.176894e+00 5.544270e+00 4.582633e+00 6.956273e+00 
-1.328662e+01 1.651028e+00 -2.562647e+00 -1.764642e+00 -1.315446e+01 -1.599890e+01 -9.354899e+00 -2.760285e+00 3.942009e+00 4.891527e+00 3.953362e+00 7.075777e+00 
-1.532249e+01 6.214349e-01 -6.968832e+00 -4.408705e+00 -8.319722e+00 -9.838835e+00 -1.132677e+01 -7.130507e+00 2.695023e+00 3.864808e-01 5.498264e+00 3.620228e+00 
-1.830867e+01 7.283302e-01 -6.038041e+00 -1.528190e+00 -4.124042e+00 -4.889939e+00 -6.580040e+00 -1.549504e+00 6.073675e-01 2.075252e+00 3.228538e+00 3.221500e+00 
-1.766396e+01 8.871076e-01 -2.030407e+00 1.350347e+00 1.084732e+00 2.893188e+00 9.996218e-01 9.030846e-01 -1.059377e+00 -3.407460e+00 -3.332385e-02 1.638365e+00 
-1.684143e+01 1.059750e+00 -4.956975e+00 1.196140e+00 -3.154659e+00 -5.044888e+00 -3.061035e+00 -2.579827e+00 -1.092021e+00 4.142131e-01 7.713313e-01 2.884919e-01 
-1.818668e+01 -1.447220e-01 -3.821629e+00 -1.706122e+00 -5.766239e+00 -3.155960e-01 -4.581846e+00 -1.955000e+00 -2.031773e+00 2.173764e+00 -4.632951e+00 5.987415e-01 
-2.445431e+01 -5.696565e+00 7.812268e+00 -8.199833e+00 -3.622751e+00 -5.468490e+00 1.823910e+00 6.302578e-01 -1.187209e+01 9.369668e+00 -2.167278e+00 2.222668e+00 
-2.679330e+01 -7.399732e+00 1.673169e+01 -5.962641e+00 7.566248e-01 -1.322486e+01 2.349690e+00 -2.984609e+00 -7.419505e+00 1.092475e+01 1.825813e-01 -5.603091e+00 
-2.283612e+01 -4.253255e+00 3.746837e+00 -4.231959e+00 -2.442964e-01 -4.764530e+00 -3.683689e-02 2.476921e+00 -1.070000e+01 7.423028e+00 -3.098633e+00 -3.753848e-01 
-1.568847e+01 -3.008083e+00 -5.220833e+00 4.568537e+00 1.426672e+00 5.695089e-01 -1.384582e+00 -2.281679e+00 8.389452e-01 -8.751308e-01 -1.987961e+00 -2.375058e+00 
-1.520049e+01 -1.533189e+01 -8.935457e+00 1.419819e+01 8.554847e+00 -1.399459e+01 -1.525578e+01 3.688058e+00 4.799960e+00 -1.952964e+00 -3.589409e+00 1.565686e+00 
-7.514827e+00 -1.225303e+00 -1.776098e+00 1.367389e+01 5.928328e+00 -1.238769e+01 -9.101301e+00 1.079654e+01 1.049109e+01 -5.376452e+00 -7.949545e+00 -9.352705e-01 
-7.087225e+00 8.204734e+00 1.809362e+00 2.349927e+00 -7.223483e-01 -1.838891e+00 1.525401e+00 6.755132e+00 4.234265e+00 -1.862317e+00 -3.516231e+00 -3.206987e+00 
-1.730873e+01 2.015098e+00 -2.301385e-01 3.018950e+00 -5.358859e-01 -5.466817e+00 1.204049e+00 -2.058583e-03 6.164313e-02 3.219101e-01 9.464140e-01 5.467460e-01 
-1.984002e+01 -2.211512e+00 -6.152128e+00 -6.065046e-01 -4.519099e+00 -4.226112e-01 4.746670e+00 2.127774e+00 -1.134265e+00 2.806639e+00 -8.025995e-01 3.853202e+00 
-2.042104e+01 -2.547405e+00 -1.296629e+00 1.401750e+00 1.459317e+00 2.093918e+00 -2.105108e+00 8.068107e-02 -1.443804e+00 -3.695380e-02 -2.873300e-01 2.083343e+00 
-1.670000e+01 -7.701633e+00 1.032362e+00 6.774493e+00 -4.084757e+00 -8.398588e+00 1.490556e+00 4.213740e+00 -4.482347e+00 -1.944686e+00 -2.511093e+00 -6.324899e-01 
-2.059059e+01 -4.409797e+00 -2.494296e+00 2.104777e+00 -5.842594e+00 -6.757131e+00 2.060085e+00 6.866063e-01 -3.507648e+00 6.133060e-01 -4.712177e+00 1.522883e+00 
-2.056785e+01 -2.378340e+00 2.234551e+00 5.084934e+00 -7.496410e+00 -3.636412e+00 3.044663e+00 -8.051860e-02 -3.250339e+00 3.259462e+00 1.828480e+00 -2.861403e+00 
-1.719376e+01 -8.156126e-01 1.623824e-01 3.689159e+00 -4.840566e+00 -3.455823e+00 -4.395229e+00 2.696984e-01 -6.092254e+00 -3.142969e+00 2.631019e+00 1.308294e+00 
-1.887067e+01 -8.603386e-01 -5.174595e+00 5.741703e-01 -5.194679e+00 -9.365072e-01 -2.114013e+00 -2.062347e+00 2.745716e+00 -1.953378e+00 2.898330e+00 2.054714e-01 
-1.942689e+01 -6.599659e-01 -2.439513e+00 9.387323e-01 -4.661297e+00 1.219403e+00 -1.945981e+00 -2.238526e+00 1.157316e+00 2.411968e-01 -9.803493e-02 -1.490847e+00 
-1.941986e+01 -1.438199e+00 -4.103581e+00 3.559076e-01 -4.260154e+00 1.353172e+00 -4.471502e+00 -1.727109e+00 -7.868558e-03 2.509449e+00 2.799147e+00 1.271523e+00 
-2.030649e+01 -1.250797e+00 -3.274311e+00 -7.579441e-01 -2.195788e+00 -2.776388e+00 -2.985924e+00 6.784037e-01 -3.137431e+00 -1.989803e+00 -4.997632e+00 -3.512353e+00 
-2.023205e+01 -1.468165e+00 -3.019500e+00 -1.982113e+00 -2.907736e-01 1.334779e+00 -9.130065e-01 -1.935741e+00 -4.374432e+00 3.195305e+00 -2.121012e+00 -1.219379e+00 
-2.125184e+01 -2.133241e+00 -3.443683e+00 6.730212e-01 1.369129e+00 6.046233e-01 -2.095155e-01 1.627056e+00 -9.814163e-01 -1.255932e+00 1.989648e-02 7.670806e-01 
-1.967460e+01 -1.175210e+00 -6.773326e+00 -4.016856e-01 -2.227176e-01 -2.225149e+00 -3.273980e+00 2.986555e+00 2.422736e+00 2.639621e-01 1.439912e+00 1.263480e+00 
-1.905635e+01 1.807569e+00 -4.792628e+00 4.432918e-01 -2.511170e+00 -1.196799e+00 -1.874741e+00 -3.158986e-01 3.424320e+00 -2.205287e-02 -1.459991e+00 -2.282845e+00 
-1.907083e+01 -1.027167e+00 -5.300745e+00 -1.067145e-01 -3.422306e-01 -1.268143e+00 5.175930e-01 -1.728892e+00 5.428484e-01 -7.139728e+00 -1.909945e+00 -1.186056e+00 
-1.549204e+01 -9.658920e-01 -4.428755e+00 -8.813058e-02 4.618657e-02 4.054749e+00 -2.280497e+00 -7.373733e+00 -3.441977e+00 -8.387063e-01 2.747136e+00 1.361438e+00 
-1.657014e+01 2.426131e+00 -7.422752e-01 3.748470e+00 -1.586604e+00 6.763571e+00 -1.544871e+00 2.327134e+00 6.645899e-01 -3.517148e+00 -1.507769e+00 -4.229087e+00 
-1.717722e+01 2.667204e+00 -3.934794e-01 2.485156e+00 -2.084575e+00 5.028476e+00 3.553680e-01 -2.623336e+00 -3.349422e+00 -5.116100e+00 -6.192368e+00 -6.454169e-01 
-1.825367e+01 1.817409e+00 -2.060562e+00 2.549606e+00 -8.346683e-01 5.621519e+00 -1.619208e+00 -2.161136e+00 -4.451624e+00 -5.267592e+00 -2.195400e+00 9.868407e-01 
-1.798900e+01 3.317073e+00 -1.022719e+00 9.035414e-01 -5.222344e+00 4.050848e+00 1.195144e+00 -4.899372e-01 2.644713e+00 4.415314e-01 3.176830e+00 -3.612610e+00 
-1.750888e+01 5.793925e-01 -2.313867e+00 2.752452e-01 3.844036e-02 7.930706e+00 5.659895e-01 -1.473897e+00 -4.495405e+00 -4.864853e+00 -7.035426e+00 -6.640893e-01 
-1.767513e+01 1.738244e+00 -1.740414e+00 2.418728e+00 1.105204e+00 2.584962e+00 3.556891e+00 5.567533e+00 1.826702e+00 2.482958e+00 -4.351730e+00 2.163204e+00 
-1.723925e+01 2.708352e+00 -1.256003e-01 -1.334838e+00 -4.464322e+00 1.160879e+00 3.965744e+00 3.957675e+00 1.856274e+00 1.959356e+00 -2.120353e-01 3.665329e+00 
-1.821935e+01 3.101417e-01 -2.836558e+00 -4.708816e+00 -4.135661e+00 3.081579e+00 5.335558e+00 6.403489e+00 3.369017e+00 2.607132e+00 1.325609e+00 1.425212e+00 
-1.982347e+01 -8.424482e-01 -6.577317e+00 -4.567262e+00 5.812285e-01 -1.289880e+00 1.950903e+00 -6.425776e-01 4.500407e+00 2.605477e+00 7.698441e+00 4.106860e+00 
-1.868334e+01 6.831569e-01 -2.037946e+00 6.093612e-01 1.896978e+00 -5.438392e+00 -6.796468e+00 -5.718584e+00 2.448083e+00 -5.510357e-01 4.172896e+00 -1.653728e+00 
-1.879582e+01 -6.756201e-01 -2.847112e+00 2.241982e+00 -2.908440e+00 -4.282962e+00 -3.552356e+00 1.297168e+00 9.902579e-01 8.715886e-01 3.186203e+00 2.490977e+00 
-2.063980e+01 -2.302306e+00 -8.388550e-02 5.836991e+00 8.761378e-01 -3.697722e+00 -5.245071e+00 9.030846e-01 -1.497954e+00 1.629052e+00 -3.049344e+00 -2.309849e+00 
-1.602179e+01 4.956282e+00 4.626868e+00 7.072232e+00 -7.760184e-01 -1.525648e+00 2.595544e+00 3.381351e+00 -3.104403e+00 -4.241912e+00 -2.729417e+00 -8.436319e-01 
-1.504872e+01 4.084125e+00 -4.120752e-01 -6.737232e-01 8.130615e-01 1.260649e+00 2.932770e+00 6.271533e+00 3.765580e-01 5.326965e+00 5.208878e+00 7.076161e-01 
-1.597712e+01 2.991468e+00 -6.261775e-01 5.636126e+00 2.489010e+00 2.440022e-02 6.344058e-02 3.724792e+00 1.181127e+00 -1.524149e+00 9.854221e-01 -1.970298e+00 
-1.545524e+01 3.324677e+00 9.383776e-01 4.847692e+00 2.131024e+00 1.665857e+00 1.565667e+00 3.923795e+00 7.585271e-02 -2.580459e+00 4.434764e+00 -9.648591e-01 
-1.664789e+01 3.198549e+00 1.201733e+00 4.547580e+00 4.254039e+00 -1.279848e+00 1.394537e+00 -2.754006e-04 2.685038e+00 3.498704e+00 5.269356e+00 3.452750e+00 
-1.542298e+01 6.540031e+00 2.018438e+00 -9.335033e-01 -4.234702e+00 5.789842e-01 -1.675735e+00 -4.188257e+00 1.215538e-01 1.161329e+00 -5.191463e+00 4.496493e-01 
-1.383622e+01 5.388336e+00 -4.321787e-01 3.797895e+00 3.213834e+00 3.509083e+00 -4.085879e+00 -4.864083e+00 -5.203579e+00 1.261082e+00 -2.144544e-01 2.232148e+00 
-1.236277e+01 7.164854e+00 1.382162e+00 1.641760e+00 1.356956e+00 -1.605352e+00 -1.364836e+00 -9.371414e-02 -2.373955e+00 -1.427707e+00 -1.720045e+00 3.219489e+00 
-1.237601e+01 6.155835e+00 -1.955429e-02 1.040746e+00 -2.106154e+00 -2.929665e+00 -1.868159e+00 5.667765e-01 -2.398533e+00 -3.712101e+00 2.438095e+00 5.583131e+00 
-1.220397e+01 6.442976e+00 -7.573528e-01 1.171230e+00 1.121250e+00 -2.730127e+00 -2.260364e+00 -1.785241e+00 -7.134161e+00 -3.379728e+00 -5.291855e+00 -3.635016e+00 
-8.769925e+00 1.186914e+01 5.126943e+00 9.233116e-01 -4.759231e+00 -4.854824e+00 -1.436463e+00 -1.687166e+00 -3.455802e+00 5.224728e+00 -2.831927e+00 -6.595027e+00 
-8.056566e+00 1.257536e+01 5.848155e+00 7.904560e-01 -3.343888e+00 -4.370469e+00 -3.139244e+00 -1.524183e+00 5.582101e-01 2.637348e+00 4.684840e+00 -2.860542e+00 
-1.036909e+01 9.069736e+00 1.765134e+00 1.362210e+00 -2.027032e+00 -3.498184e+00 -5.205579e+00 -2.279182e+00 2.008355e+00 7.796996e-01 -3.405503e-01 -4.291040e-01 
-7.028502e+00 8.584906e+00 -9.528594e-01 -5.674787e+00 -8.065757e+00 -5.176985e+00 -6.190931e+00 -7.712181e+00 -2.051743e+00 8.815226e-01 -5.561531e-01 -2.465261e+00 
-5.590619e+00 9.212859e+00 -3.611045e+00 -8.385673e+00 -1.065742e+01 -8.690093e+00 -5.734069e+00 -4.817364e+00 -4.400930e+00 -3.025831e+00 -2.853699e+00 3.210583e+00 
-5.077414e+00 9.461535e+00 -6.541633e+00 -1.171418e+01 -1.291212e+01 -6.959456e+00 -2.997152e+00 1.138821e+00 -2.766446e+00 -2.741472e+00 -1.579132e+00 2.960660e+00 
-5.184935e+00 9.429780e+00 -4.870027e+00 -4.254893e+00 -1.539020e+00 2.555979e+00 -9.679849e-01 -1.262768e+00 1.807884e+00 -2.120397e-01 -1.042393e+00 1.700702e+00 
-6.485109e+00 9.121618e+00 -4.487641e-01 -1.950481e+00 -5.499547e+00 -4.162570e+00 -3.433107e+00 -4.978207e+00 4.675761e-01 -2.348667e+00 4.116652e+00 -8.122223e-02 
-6.975569e+00 1.074204e+01 2.483249e-01 -3.584684e+00 -6.556352e+00 -4.157553e+00 -4.073876e+00 -1.903287e+00 3.302578e+00 6.221848e+00 -2.023643e+00 1.739483e+00 
-6.298602e+00 1.320242e+01 2.407441e+00 -1.012189e+00 -2.208514e+00 -7.704128e-02 -7.349349e+00 -3.427195e+00 -1.291723e+00 3.255323e+00 -1.124038e+00 -3.423874e+00 
-6.768798e+00 8.639024e+00 4.388056e-01 -2.895100e+00 -8.953252e+00 -4.518730e+00 -2.624693e+00 3.295402e+00 1.994529e+00 -2.563074e+00 -1.769637e+00 -1.250691e+00 
-6.596765e+00 1.159497e+01 8.846008e-01 -2.604083e+00 -1.026568e+01 -8.255343e+00 -6.255976e+00 2.746913e-01 6.478610e+00 -4.469979e+00 -3.972233e+00 -3.597959e+00 
-1.023097e+01 1.059221e+01 -6.407526e-01 -1.288180e+00 -2.321941e+00 -4.083981e+00 -3.796661e+00 -2.823748e-01 -1.041327e+00 -2.151229e+00 -2.546176e-02 8.118166e-03 
-4.538569e+00 1.253779e+01 -3.125629e-01 -3.626992e+00 -8.024260e+00 -9.689459e+00 -6.998959e+00 -4.619787e+00 -7.200601e+00 -6.015950e+00 -2.181187e+00 -2.549221e-02 
-1.925401e+00 1.191476e+01 -4.450366e+00 -5.169065e+00 -7.126805e+00 -5.358130e+00 -1.584362e+00 -7.752463e-01 -2.537557e+00 -3.046113e+00 -2.575199e+00 1.652538e-01 
-2.531239e+00 1.188613e+01 -6.212941e+00 -8.224348e+00 -4.806815e+00 -3.458053e+00 -1.073021e-01 7.187036e-01 1.774473e+00 3.016283e-01 -8.116711e-01 1.708458e+00 
-9.243430e+00 9.881514e+00 -2.728584e-01 -2.810088e+00 -6.722896e+00 -6.294513e+00 -4.758783e+00 -1.447149e+00 -3.324460e+00 -2.894206e+00 -9.786251e+00 -3.537920e+00 
-5.672087e+00 1.290723e+01 1.463079e+00 -3.151717e+00 -2.788927e+00 -2.590226e+00 -5.344574e+00 -9.075584e-01 -2.993031e+00 -1.659499e+00 -2.556149e+00 -8.151924e-01 
-6.898650e+00 1.066243e+01 1.372111e+00 -3.163579e+00 -5.612421e+00 -2.785864e+00 -5.593525e+00 1.684136e-01 -1.795970e+00 -2.767134e+00 -6.831314e+00 -1.495156e+00 
-9.861261e+00 9.316176e+00 -1.594161e+00 1.289459e-01 -2.126072e+00 -2.245771e+00 -7.628113e+00 -4.866580e+00 -7.410057e-01 -3.279561e+00 -1.164558e+00 -6.388097e-01 
-7.079782e+00 1.234189e+01 1.453530e+00 2.101219e+00 -4.023894e+00 -3.594609e+00 1.731763e+00 -1.714270e+00 -2.004122e+00 -2.970366e+00 -2.407622e-01 -4.234832e+00 
-3.294637e+00 1.272117e+01 -8.005754e-01 -4.244217e+00 -9.053399e+00 -6.652345e+00 2.427011e-01 4.995844e+00 -6.432516e+00 -4.294479e+00 -2.218986e+00 3.643307e-01 
-8.763722e+00 1.137357e+01 9.011862e-01 2.875814e+00 -3.528137e+00 -6.607756e+00 -4.478084e+00 -6.424724e+00 -4.939742e+00 7.436891e-01 1.904985e+00 3.121530e+00 
-9.170234e+00 9.825605e+00 1.637980e+00 9.893440e-01 -3.886122e+00 -4.031588e+00 -5.208677e+00 -3.305582e+00 -2.115878e+00 3.271051e+00 1.293610e-01 9.647211e-01 
-7.994949e+00 8.495901e+00 -1.138314e+00 -3.366421e+00 -5.928356e+00 -3.313137e+00 -3.961210e+00 3.931284e+00 1.638138e+00 1.832487e-01 -9.870563e-01 5.510739e+00 
-6.973088e+00 1.061770e+01 -1.996734e+00 -7.366718e+00 -9.467268e+00 -3.771853e+00 -2.179832e+00 3.991556e+00 3.597907e+00 4.327361e+00 2.416928e+00 1.000917e+00 
-4.493907e+00 1.397887e+01 -3.909665e-01 -7.907630e+00 -7.703898e+00 -1.100932e+00 -1.103495e+00 1.565715e+00 4.725686e-01 -2.184343e+00 -2.152461e+00 -3.117359e+00 
-3.642012e+00 1.114100e+01 -9.076265e-01 -5.316551e+00 -1.094956e+01 -7.903643e+00 -4.323989e+00 -1.211056e+00 -1.843976e+00 9.638916e-01 -2.902686e+00 -3.730867e-01 
-1.044022e+01 8.940477e+00 -3.608113e-01 -9.773931e-01 -3.905488e+00 -3.510446e+00 -7.363675e+00 -6.092695e+00 -8.562185e-01 -1.782018e+00 -5.703104e+00 -8.579953e-01 
-6.177848e+00 7.972159e+00 -4.063374e+00 -6.587773e+00 -9.081064e+00 -6.267202e+00 -3.384324e+00 -1.218884e-01 -1.772544e+00 -1.115615e+00 -4.290648e+00 -1.463844e+00 
-8.161606e+00 1.154040e+01 3.723215e+00 -6.409047e-01 -6.004711e+00 -5.391017e-01 -5.008896e+00 9.512306e-01 -2.030236e+00 4.841646e-01 -5.899958e+00 -7.244254e+00 
-1.199348e+01 8.085316e+00 2.079754e+00 1.589962e+00 2.062968e+00 1.491958e+00 -1.270753e+00 8.453096e-01 -2.232627e+00 1.479215e+00 -3.445170e+00 -2.974300e+00 
-8.928725e+00 9.481215e+00 -1.066947e+00 -1.137927e+00 -4.550084e+00 -8.319442e+00 -4.483891e+00 2.145249e+00 8.834941e-01 4.869175e+00 2.209187e+00 7.548907e+00 
-8.577628e+00 9.432464e+00 1.885170e-01 6.133152e-01 -3.432416e+00 -3.614674e+00 -5.166862e+00 -1.348361e+00 -2.922751e+00 -4.823876e+00 -1.752703e+00 2.140894e-01 
-7.904383e+00 1.041018e+01 -7.050837e-01 -9.524784e-02 -8.024813e+00 -6.977850e+00 -1.079827e+01 -4.762798e+00 -6.308086e+00 -4.420723e+00 -4.723371e-02 -1.317624e+00 
-9.812877e+00 1.069374e+01 2.222489e+00 2.674949e+00 -3.042339e+00 -6.243235e+00 -1.025352e+01 -4.135475e+00 1.301332e+00 4.759488e+00 1.840933e-01 -4.474414e+00 
-6.217134e+00 1.290007e+01 2.967826e+00 2.756007e+00 -3.005268e+00 -9.900146e+00 -7.542161e+00 -7.210376e-01 1.703272e-01 -1.379489e-01 -4.081093e+00 -1.472749e+00 
-1.296448e+01 6.994000e+00 2.696429e+00 3.865114e+00 -5.071142e-01 -1.884038e+00 -7.437625e+00 -4.724282e+00 -1.195712e+00 -2.785760e+00 -1.603928e+00 -3.600832e+00 
-1.233052e+01 9.917295e+00 3.364368e+00 6.001479e+00 2.704244e+00 -2.219018e+00 -1.184027e+00 -5.497469e+00 2.336711e+00 -2.633026e+00 -3.202050e+00 -1.310443e+00 
-1.131527e+01 8.469065e+00 1.238925e+00 3.603752e+00 -1.037176e+00 -6.535855e+00 -3.577135e+00 7.247843e-02 -2.896252e+00 5.032047e-01 -3.049344e+00 -1.604318e+00 
-1.041375e+01 9.227172e+00 2.156650e+00 1.262568e+00 -5.600801e+00 -7.531319e+00 -4.619401e+00 1.285399e+00 -4.982908e-01 -4.944739e+00 -4.316653e+00 -1.464706e+00 
