-5.774672e+00 9.428440e+00 6.492242e+00 
-6.017537e+00 9.436612e+00 7.166883e+00 
-5.183002e+00 1.030926e+01 4.902072e+00 
-5.099465e+00 9.835057e+00 6.020019e+00 
-4.143080e+00 9.851180e+00 4.112538e+00 
-3.843058e+00 1.000490e+01 4.397317e+00 
-5.273448e+00 9.579514e+00 6.828143e+00 
-4.823311e+00 9.230102e+00 6.834081e+00 
-4.929250e+00 9.373002e+00 4.680806e+00 
-5.154529e+00 9.811646e+00 4.343615e+00 
-4.649118e+00 9.664105e+00 4.799314e+00 
-5.354892e+00 8.759654e+00 6.621077e+00 
-6.592666e+00 8.493730e+00 5.921908e+00 
-6.450716e+00 7.753603e+00 4.647242e+00 
-6.700908e+00 8.770697e+00 5.679471e+00 
-7.329635e+00 8.392793e+00 5.932752e+00 
-7.486660e+00 7.903351e+00 5.646940e+00 
-8.135695e+00 8.028804e+00 4.470901e+00 
-8.846075e+00 7.602971e+00 5.263791e+00 
-9.069888e+00 8.138133e+00 6.006852e+00 
-9.373469e+00 5.961926e+00 4.516600e+00 
-1.058738e+01 5.101206e+00 4.202903e+00 
-9.829260e+00 3.796763e+00 3.204496e+00 
-9.395034e+00 3.093300e+00 3.262588e+00 
-9.755353e+00 3.694281e+00 3.801940e+00 
-9.986284e+00 5.407107e+00 3.499604e+00 
-1.023690e+01 3.535035e+00 1.045800e+00 
-1.180526e+01 2.609380e+00 1.295466e+00 
-1.040753e+01 5.329804e+00 3.018344e+00 
-1.061041e+01 3.942977e+00 -2.947042e-01 
-1.204624e+01 4.973324e+00 3.682916e+00 
-1.286779e+01 1.193178e+00 1.955919e-01 
-1.171900e+01 2.348094e+00 3.391435e-01 
-1.352897e+01 7.346572e-01 -1.700529e+00 
-1.282152e+01 2.650461e+00 -2.740246e+00 
-1.317200e+01 2.783203e+00 -1.854925e+00 
-1.351494e+01 1.865057e+00 -6.967004e-01 
-1.292767e+01 -8.122701e-02 -4.720794e+00 
-1.420062e+01 -2.499697e-01 -1.839950e+00 
-1.411394e+01 5.807126e-01 -2.770970e+00 
-1.370191e+01 3.889997e-01 -2.696354e+00 
-1.496062e+01 1.037687e+00 -1.335195e+00 
-1.491749e+01 -2.691659e+00 -2.755737e+00 
-1.572292e+01 -4.165066e+00 -2.457016e+00 
-1.548843e+01 -1.355411e+00 -2.143577e+00 
-1.592077e+01 -2.515407e+00 -3.512223e+00 
-1.577108e+01 -8.699446e-01 -3.146115e+00 
-1.438067e+01 6.679553e-01 -5.117368e+00 
-1.432184e+01 -3.292611e-01 -5.596820e+00 
-1.486536e+01 -9.651384e-01 -2.212255e+00 
-1.384616e+01 5.173517e-02 -4.109408e+00 
-1.339917e+01 9.599420e-01 -3.292765e+00 
-1.388762e+01 -5.136854e-01 -2.560290e+00 
-1.414325e+01 -1.037555e-01 -3.884786e+00 
-1.282194e+01 1.781127e+00 -3.350082e+00 
-1.242729e+01 2.634780e+00 5.978463e-01 
-1.224430e+01 2.400881e+00 1.812872e+00 
-1.423642e+01 1.192294e+00 -1.586399e-01 
-1.279137e+01 3.228029e+00 6.179848e-01 
-1.292516e+01 1.297869e+00 -1.711115e+00 
-1.462228e+01 -1.485916e-01 -2.703325e+00 
-1.322413e+01 1.846974e-01 -1.637790e+00 
-1.315086e+01 2.054119e+00 -9.022168e-01 
-1.408002e+01 1.970410e+00 -3.595101e+00 
-1.286842e+01 1.964889e+00 3.321971e+00 
-1.202405e+01 2.382107e+00 -6.995405e-01 
-1.314730e+01 1.377161e+00 -2.596436e+00 
-1.516308e+01 2.723817e-01 -6.904018e+00 
-1.370547e+01 -2.148518e-01 -3.212469e+00 
-1.376786e+01 1.945232e+00 -2.655291e-01 
-1.268564e+01 2.341026e+00 -5.039138e+00 
-1.503138e+01 -1.952637e+00 -4.021109e+00 
-1.554936e+01 -4.392531e-01 -3.750271e+00 
-1.344439e+01 2.936705e+00 -3.082085e+00 
-1.360769e+01 -4.279608e-02 -3.939264e+00 
-1.637384e+01 -1.111574e+00 -5.212381e+00 
-1.531612e+01 -9.339961e-01 -7.412904e+00 
-1.756367e+01 -3.867557e+00 -7.044730e+00 
-1.370149e+01 -1.466507e+00 -6.623628e+00 
-1.447656e+01 -2.251912e+00 -9.753105e+00 
-1.586215e+01 -2.448705e+00 -8.020675e+00 
-1.678546e+01 -3.612897e+00 -5.561707e+00 
-1.329658e+01 1.957379e+00 -3.658615e+00 
-1.401491e+01 -2.207518e+00 -8.291254e+00 
-1.354572e+01 -9.150015e-01 -5.346121e+00 
-1.488546e+01 7.426365e-02 -2.962803e+00 
-1.444453e+01 4.367071e-01 -5.034232e+00 
-1.416000e+01 -1.223553e+00 -4.850920e+00 
-1.453100e+01 -2.110115e+00 -4.177828e+00 
-1.585231e+01 -2.263618e+00 -3.923773e+00 
-1.448452e+01 -1.307704e+00 -3.993483e+00 
-1.494910e+01 1.407419e+00 -7.452395e-01 
-1.586718e+01 1.087824e+00 -5.473924e+00 
-1.403522e+01 -1.087499e+00 -8.089869e+00 
