-4.916731e+00 1.008628e+01 8.660428e+00 
-5.340655e+00 1.003963e+01 3.665636e+00 
-1.015142e+01 -9.671713e+00 3.898837e-01 
-1.024886e+01 -3.530797e+00 4.808794e+00 
-2.957497e-01 -4.781229e+00 9.283342e+00 
7.556963e-01 -5.359305e+00 1.000262e+01 
2.292461e-01 -6.351038e+00 7.813814e+00 
4.528420e-01 -7.406385e+00 3.360488e+00 
1.813687e+00 -8.215431e+00 -1.643481e+00 
1.513741e+00 -8.577544e+00 -3.199621e+00 
1.374130e+00 -1.119487e+01 -2.708880e-01 
1.133446e+00 -9.511209e+00 -1.289004e+00 
9.552965e-01 -8.539701e+00 -2.137786e-02 
2.503332e-01 -1.011016e+01 2.863189e+00 
-3.561024e-01 -1.071466e+01 6.487108e+00 
-5.262535e-01 -1.049870e+01 1.026704e+01 
2.099769e-01 -9.159861e+00 1.065077e+01 
-7.545758e-01 -6.886704e+00 1.170617e+01 
-5.206497e+00 -2.903461e+00 8.082826e+00 
-6.397918e+00 -9.047312e+00 2.607369e+00 
-6.066705e+00 -7.420087e+00 3.884173e+00 
-5.873286e+00 6.004194e+00 2.467414e+00 
-9.624243e+00 3.917966e+00 5.711046e+00 
-8.155417e+00 -1.129274e+01 1.009382e+01 
-6.309206e+00 -4.082449e+00 1.684838e+01 
-5.968541e+00 -1.836984e-01 2.018206e+01 
-6.934548e+00 3.056398e+00 2.394307e+01 
-6.783666e+00 4.231471e+00 2.667793e+01 
-7.601700e+00 5.119137e+00 2.778380e+01 
-7.660598e+00 4.361310e+00 2.661713e+01 
-8.260126e+00 6.047908e+00 2.404230e+01 
-9.712590e+00 5.469180e+00 2.701405e+01 
-8.773488e+00 5.642081e+00 2.781822e+01 
-8.521533e+00 6.452431e+00 2.577338e+01 
-8.578978e+00 7.631419e+00 2.533459e+01 
-7.782394e+00 5.737339e+00 2.374805e+01 
-9.242857e+00 5.138385e+00 2.604813e+01 
-9.794030e+00 7.016479e+00 2.661426e+01 
-8.228859e+00 6.111849e+00 2.261923e+01 
-8.360835e+00 6.730704e+00 2.269150e+01 
-8.085612e+00 8.730155e+00 2.417135e+01 
-8.612790e+00 7.076505e+00 2.275632e+01 
-8.570616e+00 8.266912e+00 2.176745e+01 
-8.733495e+00 7.503211e+00 2.074188e+01 
-8.842930e+00 4.980490e+00 2.205826e+01 
-8.388467e+00 4.678730e+00 2.093633e+01 
-9.857291e+00 4.458526e+00 2.310965e+01 
-1.031176e+01 4.737777e+00 1.987921e+01 
-1.093346e+01 4.189713e+00 8.590450e+00 
-1.082294e+01 4.223968e+00 -3.454293e+00 
-1.301418e+01 1.099682e+00 -4.222899e+00 
-1.455135e+01 -1.214253e+00 -6.198905e+00 
-1.234230e+01 1.743330e+00 -2.166018e+00 
-1.461279e+01 2.863961e-01 -4.523458e+00 
-1.536284e+01 -2.427821e+00 -7.325428e+00 
-1.634630e+01 -2.633344e+00 -7.886970e+00 
-1.460007e+01 -2.178583e+00 -5.990119e+00 
-1.500691e+01 -7.014222e-01 -6.305018e+00 
-1.587984e+01 -3.034241e-01 -6.821246e+00 
-1.572096e+01 -7.780858e-01 -6.782816e+00 
-1.647864e+01 -2.312989e+00 -5.222087e+00 
-1.529885e+01 -1.548636e+00 -5.796821e+00 
-1.574532e+01 -4.233492e+00 -5.500276e+00 
-1.485711e+01 -1.613556e+00 -2.763121e+00 
-1.473277e+01 -8.478986e-01 -7.859437e+00 
-1.463534e+01 -9.643620e-01 -3.758868e+00 
-1.454699e+01 -1.680432e+00 -4.349088e+00 
-1.503199e+01 -5.233018e-01 -5.472744e+00 
-1.485057e+01 6.902663e-01 -4.535504e+00 
-1.457826e+01 -4.874167e-01 -4.655384e+00 
-1.357662e+01 -8.231053e-01 -5.541001e+00 
-1.429613e+01 -1.290590e+00 -6.724884e+00 
-1.389038e+01 4.237754e-02 -2.974775e+00 
-1.597728e+01 -1.651035e-01 -4.764365e+00 
-1.417869e+01 -3.803524e+00 -2.615710e+00 
-1.593728e+01 -9.796947e-01 -5.283461e+00 
-1.576459e+01 -3.047001e+00 -8.982520e+00 
-1.713307e+01 -5.131598e+00 -5.255929e+00 
-1.289529e+01 -8.136157e+00 -4.101299e+00 
-1.244010e+01 -8.757948e+00 -3.035002e+00 
-9.143967e+00 -3.474034e+00 3.183824e+00 
1.177075e+00 -3.780688e+00 7.874614e+00 
-6.360518e-01 -6.409107e+00 1.226255e+01 
-1.179637e-01 -5.132903e+00 1.229525e+01 
1.041826e+00 -8.012191e+00 1.103049e+01 
1.743518e+00 -1.019042e+01 1.071674e+01 
1.235246e+00 -7.079831e+00 8.486631e+00 
-1.575518e+00 -1.128295e+01 1.018043e+01 
-7.596246e+00 -9.259360e+00 1.084178e+01 
-2.448815e+00 -3.837778e+00 1.928816e+00 
-7.818025e+00 -8.384380e-01 -1.815557e+00 
-1.150681e+01 -1.481396e-01 -1.863738e+00 
-1.207907e+01 2.420291e-01 -2.864073e+00 
-1.143410e+01 1.526426e-01 -4.754614e+00 
-1.197982e+01 5.467260e-01 -2.062199e+00 
-1.449245e+01 -1.875843e+00 -4.255594e+00 
-1.402417e+01 -4.466382e-01 -4.891701e+00 
-1.358789e+01 -1.683042e+00 -5.515190e+00 
-2.120797e+01 2.266926e+00 8.705168e+00 
-2.201255e+01 -7.823268e-01 3.998317e+00 
-1.566860e+01 -5.099264e-01 -5.195702e+00 
-1.586857e+01 1.595307e-02 -4.476998e+00 
-1.341228e+01 -7.082731e-01 -4.239533e+00 
-1.371623e+01 -1.445548e+00 -7.042651e+00 
-1.351299e+01 -1.954138e+00 -6.579193e+00 
-1.167514e+01 -7.194664e+00 -4.168982e+00 
-1.440847e+01 -2.308748e+00 -5.696443e+00 
-1.465133e+01 2.295308e+00 -2.463709e+00 
-1.423141e+01 -1.595576e-01 -4.550417e+00 
-1.455971e+01 -1.905856e+00 -6.479389e+00 
-1.342719e+01 6.977695e-01 -4.981181e+00 
-1.139810e+01 2.606529e+00 -3.975683e+00 
-9.190140e+00 5.048346e+00 -8.978181e-01 
-5.470086e+00 5.177206e+00 -2.930035e+00 
-4.812023e+00 9.106296e+00 -3.959299e-01 
-5.638419e+00 9.266800e+00 -1.128400e+00 
-3.511895e+00 7.661106e+00 -5.420548e+00 
-6.422641e+00 6.075964e+00 3.560421e-01 
-5.467177e+00 6.885009e+00 -1.343495e+00 
-5.514078e+00 4.989625e+00 -5.738888e+00 
-5.178866e+00 5.535731e+00 -4.949633e+00 
-5.469722e+00 5.934381e+00 -5.209468e+00 
-4.971631e+00 7.405017e+00 -3.975110e+00 
-5.210133e+00 7.592598e+00 1.226746e+00 
-4.314659e+00 6.368591e+00 -1.840221e+00 
-4.310659e+00 8.018652e+00 -1.209276e+00 
-3.125419e+00 8.094663e+00 -1.041788e+00 
-4.578974e+00 9.071715e+00 1.425207e+00 
-4.999626e+00 8.295293e+00 -2.525083e+00 
-2.281936e+00 6.475920e+00 -4.217737e+00 
-1.054521e+00 6.618807e+00 -9.771201e+00 
-7.931142e-01 6.968850e+00 -8.254639e+00 
-3.062158e+00 5.269528e+00 -8.832240e+00 
-4.091063e+00 5.801933e+00 -6.093365e+00 
-1.666774e+00 4.564223e+00 -9.289389e+00 
-2.088516e+00 5.568353e+00 -5.195128e+00 
-3.875465e+00 2.178518e+00 -1.909625e+00 
-8.437912e+00 7.452972e+00 3.428496e-01 
-6.554253e+00 7.217436e+00 -3.776649e+00 
-5.447181e+00 7.495056e+00 -1.829323e+00 
-5.715859e+00 7.868260e+00 -2.186093e+00 
-4.287027e+00 5.745169e+00 -4.129978e+00 
-5.400644e+00 7.145666e+00 -6.339683e-01 
-5.642055e+00 7.881636e+00 -2.060727e-01 
-6.096154e+00 5.856739e+00 -4.733391e+00 
-5.956543e+00 6.012023e+00 -1.296461e+00 
-4.196135e+00 7.135226e+00 -2.550321e+00 
-5.818023e+00 5.716135e+00 -4.264771e+00 
-6.206680e+00 6.454062e+00 -9.006860e-01 
-6.155780e+00 6.981899e+00 -3.309176e+00 
-4.323384e+00 6.562696e+00 -6.497169e+00 
-6.026712e+00 5.978096e+00 -5.219792e+00 
-7.711135e+00 6.779964e+00 -1.001637e+00 
-7.444637e+00 6.478856e+00 5.917861e-01 
-6.458634e+00 9.374782e+00 1.891533e+00 
-6.463360e+00 5.519745e+00 -3.913162e+00 
-3.445361e+00 3.672316e+00 -8.914837e+00 
-5.563887e+00 4.206351e+00 -5.654571e+00 
-5.619877e+00 5.270507e+00 -5.804851e+00 
-5.201771e+00 5.240168e+00 -6.291826e+00 
-7.086884e+00 6.074986e+00 -5.048864e+00 
-9.173779e+00 5.199063e+00 -1.486318e+00 
-9.623152e+00 5.609458e+00 -5.436035e+00 
-1.180130e+01 2.125669e+00 -3.158896e+00 
-1.082657e+01 2.562815e+00 -1.871194e+00 
-1.275131e+01 1.642526e+00 -2.792374e+00 
-1.438229e+01 -3.892221e-01 -3.273040e+00 
-1.322396e+01 -1.339850e+00 -7.142455e+00 
-1.232594e+01 -1.793960e+00 -5.054600e+00 
-1.401799e+01 -1.786457e+00 -6.041742e+00 
-1.522178e+01 -3.176840e+00 -5.260517e+00 
-1.472768e+01 -1.579628e+00 -6.149003e+00 
-1.462697e+01 -1.477519e+00 -1.625699e+00 
-1.242955e+01 1.810533e+00 2.665626e-01 
-1.307962e+01 1.073910e+00 -1.840221e+00 
-1.222159e+01 7.108560e-02 -2.676510e+00 
-1.295237e+01 1.634370e+00 -2.949537e+00 
-1.199291e+01 1.574670e+00 -4.020423e+00 
-1.439320e+01 -2.704751e-01 -4.759776e+00 
-1.678513e+01 -2.444785e+00 -5.619582e+00 
-1.515815e+01 3.026711e+00 -4.269360e+00 
-1.294655e+01 1.872516e+00 -1.427238e+00 
-1.398673e+01 -1.309837e+00 -5.253060e+00 
-1.399363e+01 -1.878453e+00 -2.796389e+00 
-1.455135e+01 -5.422230e-01 -3.699788e+00 
-1.471459e+01 -1.288633e+00 -5.720533e+00 
-1.356208e+01 4.710411e-01 -5.999297e+00 
-1.570532e+01 -1.119973e+00 -4.807384e+00 
-1.536975e+01 -7.878727e-01 -3.590807e+00 
-1.626122e+01 -3.230668e+00 -6.410558e+00 
