-2.164123e+01 7.857105e-01 5.742895e+00 -8.736637e+00 3.142359e+00 3.862544e+00 -5.039040e+00 -5.614442e+00 -9.481546e+00 -3.621113e+00 3.760778e+00 -6.431890e+00 
-2.218519e+01 2.026567e+00 4.460142e+00 -8.678925e+00 5.540615e+00 -5.170197e+00 -4.164242e+00 7.373459e-01 -6.486575e+00 -2.779067e+00 3.164654e+00 -1.126186e+01 
-1.814495e+01 3.811164e-01 1.428713e+00 -1.041695e+01 -9.017699e-01 -2.554456e+00 -4.714514e+00 4.681345e+00 -9.649759e+00 -2.434556e+00 -2.231416e+00 -8.325239e+00 
-1.566850e+01 -1.680750e+00 -7.816268e+00 -2.954552e+00 -5.146719e+00 1.000905e+00 -5.593582e+00 -3.293072e+00 -1.830053e+00 -1.757658e+00 2.653255e+00 2.208253e+00 
-1.470051e+01 -2.716831e+00 -5.547233e+00 1.079954e+00 3.721936e-01 1.527403e+00 -4.312841e+00 -4.845769e+00 -1.060325e+00 1.915063e-01 -6.721057e-01 3.193711e+00 
-1.436547e+01 -3.275102e+00 -6.945005e+00 -4.189359e+00 -2.707139e+00 2.830487e+00 -1.413171e+00 -2.898502e+00 -3.155180e+00 -3.938284e-01 -2.365543e-01 -1.464840e-01 
-8.961463e+00 -1.014062e+01 -6.745411e+00 -2.786811e+00 -1.859510e+00 -1.054235e+00 -4.051228e+00 -8.608686e+00 -6.262308e-03 6.012406e-01 4.217195e-01 -4.251747e+00 
-1.169597e+01 -9.578151e+00 -7.629898e+00 -8.377904e+00 -2.092583e+00 -4.721178e+00 -5.547749e+00 -9.304871e+00 1.377921e+00 -2.197077e+00 -7.816912e-01 -5.870611e+00 
-1.105412e+01 -9.217792e+00 -3.331709e+00 -1.032478e+01 -9.957549e-01 -4.053183e+00 -4.256761e+00 2.544467e+00 8.102755e+00 2.303893e-01 2.087824e+00 5.971172e-01 
-5.935635e+00 -2.898345e+00 2.729611e+00 -5.763385e+00 -2.903928e+00 -8.711499e+00 -1.277098e+00 6.593932e+00 8.331351e+00 2.530755e+00 -7.277927e+00 -5.465895e+00 
1.397770e+00 -1.386891e+01 3.194140e-01 -1.444440e+01 3.395085e+00 -8.376454e+00 2.464348e+00 -1.695460e+00 -2.410335e+00 1.514304e+01 -8.248722e+00 -3.384498e+00 
1.519252e+00 -1.399398e+01 -1.133408e+00 -1.611766e+01 3.690143e+00 -8.530814e+00 3.593927e+00 -1.841007e+00 -5.553570e-01 1.420233e+01 -8.415130e+00 -6.143951e+00 
2.055475e+00 -1.468839e+01 -1.945931e+00 -1.635640e+01 2.693851e+00 -6.750291e+00 4.440257e+00 -2.123859e+00 -1.950821e+00 1.207840e+01 -6.695247e+00 -6.086135e+00 
3.016497e+00 -1.406720e+01 -4.826049e+00 -1.660635e+01 3.463873e+00 -6.166955e+00 3.883723e+00 -1.701145e+00 -2.414980e+00 1.106744e+01 -6.312459e+00 -7.654624e+00 
2.851684e+00 -1.413088e+01 -6.287790e+00 -1.719760e+01 2.877789e+00 -4.433997e+00 5.362025e+00 -4.734334e+00 -8.190799e-02 6.795754e+00 -3.796306e+00 -7.179784e+00 
2.411409e+00 -1.456675e+01 -6.140171e+00 -1.942598e+01 2.373344e+00 -2.338173e+00 1.407645e+00 -1.725593e+00 -3.145226e+00 8.307172e+00 -4.962427e+00 -8.127174e+00 
2.753028e+00 -1.424414e+01 -5.810487e+00 -1.792254e+01 -3.574170e+00 1.096033e+00 8.536730e-01 1.972278e-01 -4.084493e+00 8.454342e+00 -3.391195e+00 -1.079361e+01 
3.168930e+00 -1.050746e+01 -8.426736e+00 -1.260050e+01 -5.425398e+00 3.234934e+00 9.786441e-01 -3.006525e+00 2.354347e+00 3.635783e+00 -2.173071e+00 -1.135145e+01 
2.604078e+00 -8.963061e+00 -1.094826e+01 -1.779673e+01 -4.809330e+00 8.984838e+00 -6.075816e+00 -1.659073e+00 2.190780e+00 4.202303e+00 2.148452e+00 -1.259336e+01 
-3.226279e+00 -6.221701e-01 -1.403259e+01 -9.470297e+00 -4.481265e+00 2.692281e+00 3.633212e+00 4.787948e+00 6.253749e+00 7.950536e+00 6.454565e-01 -1.440886e+01 
-1.039758e+01 -1.749008e+00 -1.441148e+01 -8.339291e+00 -9.233682e+00 -6.206143e+00 3.743949e+00 4.225656e+00 3.488369e+00 -1.574532e+00 -2.732160e+00 -1.110273e+01 
-1.162401e+01 -2.049880e+00 -1.167498e+01 -6.153673e+00 -1.097203e+01 -5.160027e+00 1.561083e+00 -1.544175e-01 1.947918e+00 -6.019731e+00 -4.450267e+00 -7.753084e+00 
-1.338704e+01 -2.389647e+00 -9.636601e+00 -8.593393e+00 -6.760087e+00 -6.865831e-01 1.640507e+00 4.554843e+00 6.342998e+00 1.009302e+00 -6.656689e+00 -8.551926e+00 
-1.351858e+01 -1.783710e+00 -7.421078e+00 -1.924439e+00 -4.563910e+00 2.335929e-01 2.785173e+00 6.909759e+00 3.538799e+00 -4.461486e+00 -5.985986e+00 -6.572996e+00 
-1.443666e+01 -3.110366e+00 -7.217486e+00 -1.978000e+00 -5.112199e+00 -3.469846e+00 2.560282e+00 6.247688e+00 -3.566212e-01 -6.298183e+00 -9.051081e+00 -9.198784e+00 
-1.560467e+01 -3.007788e+00 -8.714287e+00 -1.365994e+00 -5.173932e+00 -4.023935e-01 3.575993e+00 8.202915e+00 3.655917e+00 -8.432818e-01 -5.151918e+00 -9.665062e-01 
-1.524293e+01 -4.386687e+00 -8.316944e+00 1.060024e+00 5.684786e-01 -2.516465e+00 1.227448e+00 3.582915e+00 3.507322e-01 -2.035692e+00 -1.286323e+01 -3.543064e+00 
-1.589096e+01 -2.598999e+00 -6.454170e+00 -3.153863e-02 -3.025378e+00 -2.038129e+00 -1.288485e+00 -1.144255e+00 -3.224853e+00 -8.495532e-01 -3.579418e+00 -4.486448e+00 
-1.715994e+01 2.358286e-01 3.300714e+00 -6.078522e+00 -1.597713e+00 -3.789933e+00 -2.612495e+00 -2.803839e+00 -7.106007e+00 4.768124e-02 -4.966993e+00 -4.035650e+00 
-1.790973e+01 -1.936243e+00 -2.358035e+00 -9.004442e+00 -1.886482e-02 -2.247233e+00 -4.516951e+00 -2.658291e+00 -5.346913e+00 -1.390570e+00 -5.488792e+00 2.581485e+00 
-1.518838e+01 -3.293406e+00 -6.241967e+00 -4.317921e-01 -2.970196e+00 4.968491e+00 -6.757890e+00 -4.937021e+00 -5.817045e+00 -8.778330e+00 -6.097093e+00 1.847043e+00 
-1.517832e+01 -2.433501e+00 -4.268478e+00 -1.061652e+00 -1.791478e+00 -1.091628e+00 -1.938391e+00 -1.800072e+00 -3.257699e+00 -4.439745e+00 -6.223421e+00 -2.241619e+00 
-1.566154e+01 -9.646069e-01 -5.759128e+00 7.060075e-02 -3.596092e+00 -5.888449e+00 -2.769064e+00 -5.773067e+00 -1.206308e+00 3.306741e+00 -1.989414e+00 1.493274e+00 
-1.527233e+01 -2.602853e-01 -4.845732e+00 -2.732419e+00 -3.801459e-02 -4.652673e+00 -2.528517e+00 1.101784e+00 -3.399037e+00 -1.297752e+00 -1.015321e+00 -7.406781e-01 
-1.540851e+01 -1.515251e+00 -4.080571e+00 -2.192094e-01 -3.169757e+00 -3.925217e-01 -2.303910e+00 -3.116823e+00 -2.605753e+00 -3.310467e+00 -2.950824e+00 8.361332e-03 
-1.426295e+01 7.773211e-01 -3.092750e+00 2.417315e+00 -2.975443e-01 -6.438051e-01 -1.983654e+00 -2.004180e+00 -2.673436e+00 8.679860e-01 -6.683578e+00 -5.772151e+00 
-1.571686e+01 -1.122097e+00 -5.751132e+00 -3.432448e+00 -2.753709e-01 9.147505e-01 -6.195378e+00 -2.298686e+00 -4.182036e+00 2.925856e+00 -3.791168e-01 8.054858e-01 
-1.451055e+01 2.266360e-02 -4.641525e+00 -1.414572e+00 -2.017955e-01 -3.416598e+00 -5.195853e-01 -5.074325e+00 -4.010175e+00 -2.499361e+00 -2.884362e+00 -4.457540e+00 
-1.347912e+01 7.231719e-01 -6.136480e+00 -1.026360e+00 -4.193514e+00 -4.091474e+00 2.523560e+00 -2.606838e+00 -2.948813e+00 -4.087290e+00 -9.876016e+00 -1.787959e+00 
-1.197530e+01 -6.466160e-02 -7.291604e+00 -7.693503e-01 2.933268e-01 -3.062707e+00 -4.266440e+00 1.941008e-01 4.233877e+00 3.411265e+00 -5.169675e+00 -4.400867e+00 
-1.338588e+01 -1.046593e+00 -3.073683e+00 3.374768e+00 1.803387e+00 -6.627043e+00 -1.494303e+00 1.738270e+00 6.606141e-01 -2.920802e+00 -9.250719e+00 -5.890360e+00 
-1.525376e+01 -4.140728e+00 -6.478773e+00 -5.654868e-01 -2.527232e+00 -4.384338e+00 -5.071208e+00 -7.394558e+00 -3.553978e+00 -5.603307e+00 -6.663792e+00 -4.107778e+00 
-1.481155e+01 -3.255273e+00 -5.855081e+00 -1.896620e+00 -2.478602e+00 -3.608650e+00 -6.585948e+00 -4.823028e+00 -5.633197e-01 -8.813286e-01 -9.800611e-01 -2.371850e+00 
-1.639275e+01 -2.068947e+00 -3.935412e+00 -9.943891e-01 -1.762249e+00 -3.680446e+00 -2.620707e-03 4.003639e+00 1.094312e+01 1.388934e+00 -4.350321e+00 -3.280314e+00 
-1.583873e+01 -3.950442e+00 -6.134943e+00 -4.749730e-01 -1.113425e+00 -5.177078e+00 -3.822921e+00 5.790061e-01 -1.470736e+00 -6.653147e+00 -9.851917e+00 -4.367380e+00 
-1.438482e+01 -2.176864e+00 -6.070667e+00 -1.199764e-01 -2.214033e+00 -2.088984e+00 -2.217939e+00 -6.754892e-01 -1.288257e+00 -4.333549e+00 -5.149636e+00 -7.787716e+00 
-1.200393e+01 1.378261e-01 -5.518016e+00 -2.494925e+00 -8.912671e+00 -2.406379e+00 -2.497487e+00 -4.456316e+00 -2.606748e+00 -2.996059e+00 -2.207317e+00 -2.484907e+00 
-1.312667e+01 -1.115996e+00 -5.617659e+00 -1.664789e-01 -5.124545e+00 -3.947883e+00 -1.028010e+00 -1.930553e+00 -1.586859e+00 -5.584493e+00 -2.166730e+00 2.124963e+00 
-1.405132e+01 -2.139493e+00 -4.694730e+00 -1.084488e+00 -3.242325e+00 -6.444862e+00 -3.766840e+00 -3.225984e+00 -3.947137e+00 -1.296498e+00 -1.921684e+00 -6.445079e-01 
-1.496553e+01 2.283967e+00 -2.998028e+00 1.343606e+00 2.717284e+00 3.750364e+00 -2.597976e+00 -2.497109e+00 -3.061949e+00 -1.225647e+01 -6.813204e+00 -6.593604e+00 
-1.437940e+01 -1.413095e-01 -7.719700e+00 -2.191413e+00 -4.552824e+00 -3.124032e+00 -8.136516e-01 1.031336e-01 -1.042409e+00 -3.747796e+00 -2.027465e+00 -4.680505e+00 
-1.364664e+01 -1.047737e+00 -9.723943e+00 -5.789958e+00 -5.483099e+00 -2.092574e+00 -2.746860e+00 -2.897365e+00 -2.730170e+00 -5.075505e-01 -1.281727e-02 -7.730210e-01 
-1.297462e+01 2.969985e+00 -3.226838e+00 -2.977388e+00 -5.449840e+00 -3.409718e+00 -8.890654e+00 -6.248939e+00 9.482666e-01 -1.073653e+00 2.900583e+00 -9.825345e-01 
-1.020530e+01 3.044726e+00 -3.629716e+00 1.170883e+00 -6.603361e+00 -2.765056e+00 -4.583849e+00 1.768687e+00 1.383893e+00 2.013988e+00 1.053358e+00 -2.255930e+00 
-1.087693e+01 3.403560e+00 -1.723271e+00 2.478350e+00 -1.772328e+00 -2.573073e-01 -6.404613e+00 -2.174743e+00 -4.027385e-01 -2.969719e+00 -8.603354e+00 -6.314825e+00 
-5.491878e+00 7.458652e+00 -1.600563e+00 -3.968887e+00 -3.725101e+00 2.282151e+00 -3.514336e+00 -4.003754e+00 -1.859581e+00 -4.983271e+00 -3.898789e+00 -2.790018e+00 
-2.978673e+00 6.657473e+00 -6.025766e+00 -7.379346e+00 -7.017852e+00 -2.013898e+00 -2.549013e+00 -7.289661e+00 -5.774245e+00 -1.140548e+00 -5.007580e+00 -2.627445e+00 
-2.310523e+00 8.240004e+00 -5.637034e+00 -4.610787e+00 -5.498218e+00 -3.517111e+00 -6.629503e+00 -8.126276e+00 -6.834943e+00 -1.315312e+00 -4.233633e+00 -8.443448e+00 
-4.517315e+00 7.804522e+00 -4.909557e-01 -5.384987e-01 -4.989741e+00 -6.091040e-01 3.873801e-01 -1.451270e+00 -1.079971e+01 -7.008529e+00 -3.055589e+00 -9.272940e-01 
-4.241466e+00 8.029889e+00 -3.375072e+00 -4.085558e+00 -5.028544e+00 -1.890949e+00 -2.544743e+00 -9.233751e-01 -3.798168e+00 -3.825144e+00 -3.218699e+00 8.518535e-01 
-3.949368e+00 7.867442e+00 -2.579157e+00 -3.166719e+00 -6.301500e+00 -2.299284e+00 3.332598e+00 1.009111e+00 -4.769286e+00 -3.103928e+00 -2.562455e+00 -3.697337e+00 
-3.789584e+00 5.888324e+00 -3.885283e+00 -4.686769e+00 -7.941073e+00 -5.992322e-01 4.387593e+00 6.845798e+00 -4.715869e+00 -4.509150e+00 3.323197e+00 2.014768e+00 
-3.561709e+00 9.471708e+00 -1.703281e+00 -1.653313e+00 -3.431303e+00 -1.153252e+00 -5.537459e-01 1.334319e+00 7.445542e-01 -3.888695e+00 -1.457468e+00 1.418284e+00 
-4.728941e+00 7.171890e+00 -1.458479e+00 -2.617409e+00 -8.245957e+00 -1.158637e+00 -2.381910e+00 -7.583884e+00 -5.182683e+00 -1.883505e+00 -9.531721e-01 7.831606e-01 
-4.923931e+00 5.322426e+00 -3.858219e+00 -2.580041e+00 -1.957482e-01 -1.008465e+00 -9.982087e+00 -2.425420e-01 4.045426e+00 1.177795e+00 -1.064026e+00 -6.675463e+00 
-4.625643e+00 8.935936e+00 9.864699e-01 9.205166e-01 -1.540263e+00 2.128390e+00 1.946245e+00 -7.576441e-01 -6.352868e+00 -7.236392e+00 -4.568478e+00 -3.817264e+00 
-3.056824e+00 6.996859e+00 -3.587891e+00 -3.386776e+00 -2.359420e+00 -1.072483e+00 -5.936000e-01 9.457178e-01 -3.803808e+00 -5.655987e+00 -2.591120e+00 6.371881e-01 
-1.677579e+00 8.641547e+00 -3.073067e+00 -1.768589e-01 -4.525863e+00 -9.054321e+00 -1.218033e+01 -4.668667e+00 -1.061984e+00 -8.014722e-01 -6.621683e+00 -3.272013e+00 
-7.297105e-01 7.939513e+00 -8.673999e+00 -3.441582e+00 -6.749504e+00 -6.295289e+00 -6.543817e+00 7.296706e-01 1.997353e+00 8.056897e-01 -1.860739e-01 -3.154949e+00 
-4.392351e+00 5.597748e+00 -5.065316e+00 -4.521935e+00 -7.497857e+00 -5.934218e+00 -5.119318e+00 1.664075e+00 -4.851567e+00 2.415778e+00 7.852287e-01 -6.991761e-01 
-1.999854e+00 8.901616e+00 -4.169143e+00 -7.711507e+00 -8.398399e+00 -4.361603e+00 -2.849057e+00 -3.645854e+00 -3.378135e+00 -3.093729e-01 -7.202587e+00 -5.355413e+00 
-2.269126e+00 8.090902e+00 -4.868798e+00 -3.280900e+00 -7.533888e+00 -7.214268e+00 -4.138906e+00 -1.104741e+00 -4.389730e+00 -2.461314e+00 -2.816632e+00 1.742858e+00 
-4.210515e+00 6.687598e+00 -2.636975e+00 9.429375e-01 -2.206474e+00 -7.725211e+00 -1.250030e+01 -4.546715e+00 -5.224819e+00 -4.883763e+00 9.960285e-01 4.329720e+00 
-5.202488e+00 5.617959e+00 -3.457801e+00 -4.194757e+00 -1.086091e+01 -9.591589e+00 -3.687132e+00 -1.566400e+00 -7.128236e+00 -7.639436e+00 -5.430702e+00 1.292061e+00 
-5.326291e+00 7.502506e+00 -1.698976e+00 -4.189209e-01 -7.855403e+00 -5.912680e+00 -5.384347e+00 4.912178e-02 1.082305e+00 -2.449189e+00 -2.542161e+00 1.110597e+00 
-6.323681e+00 8.978645e+00 1.794072e+00 3.032643e+00 -5.579856e+00 -3.011553e+00 -3.317017e-01 -1.358028e+00 -4.419922e+00 -3.906673e+00 -3.082986e+00 -5.254402e-01 
-5.969294e+00 8.672053e+00 -4.801918e-01 2.275732e+00 -8.276905e-01 -1.660905e+00 -2.442545e+00 -2.105949e+00 -5.244725e+00 -4.747046e+00 -1.214706e+00 -1.407000e+00 
-4.956429e+00 9.062157e+00 1.055051e+00 1.005218e+00 -7.873752e-01 -5.641055e+00 -3.055444e+00 -5.223567e+00 -8.416203e+00 -5.092393e+00 -5.109809e+00 -4.029377e-01 
-2.883112e+00 9.570855e+00 4.375097e-01 -4.097865e-01 -4.253987e+00 -8.978338e+00 -5.501632e+00 -3.294778e+00 -4.942474e+00 -8.069074e-01 -4.799825e+00 -4.725156e+00 
-2.591014e+00 9.823678e+00 4.611903e-01 1.486435e+00 -8.398903e+00 -8.376454e+00 -1.176324e+00 2.424504e+00 -6.402635e+00 -9.917224e+00 -4.865525e+00 -3.978120e+00 
-4.309944e+00 7.704231e+00 -4.955688e-01 8.461957e-01 -5.349303e+00 -5.836099e+00 -2.511721e+00 -8.153514e-01 -6.545632e+00 -5.992136e+00 -1.767707e+00 -1.404734e-01 
-6.491976e+00 7.936081e+00 1.837127e+00 4.335958e+00 -7.125696e+00 -5.486994e+00 -7.137074e+00 -5.609041e+00 -6.482594e+00 -6.285640e+00 -2.629931e+00 -1.377805e+00 
-4.407439e+00 1.030187e+01 1.417949e+00 6.564490e-01 -9.529999e+00 -9.159621e+00 -7.492629e+00 -5.736111e+00 -5.064569e+00 -4.820467e-01 -2.840477e+00 -2.643187e+00 
-5.355695e+00 8.995805e+00 -1.019003e+00 2.769555e-01 -3.576942e+00 -5.381096e+00 -1.329368e+01 -5.890471e+00 2.996382e-01 -6.607992e+00 -9.847351e+00 -3.409686e+00 
-6.054796e+00 8.405883e+00 -1.305631e+00 -2.592497e+00 -7.380942e+00 -3.710360e+00 -7.094088e+00 -5.949031e+00 -5.478630e+00 -3.909599e+00 -4.082699e+00 -4.799311e-01 
-4.256167e+00 8.155348e+00 -3.683228e+00 -3.441997e+00 -5.631258e+00 -2.030949e+00 -5.680976e+00 1.337730e+00 -3.478664e+00 -6.222089e+00 -2.744336e+00 -1.248147e+00 
-7.713759e+00 7.671055e+00 -7.585161e-01 4.480182e-01 -6.396997e+00 -3.491983e+00 -4.658433e+00 -9.307662e-01 -5.264922e-01 -3.818872e+00 -6.261914e-01 2.603810e+00 
-9.255495e+00 8.081369e+00 -2.108312e+00 1.989243e+00 -5.160073e+00 -7.678843e+00 -4.386002e+00 3.368057e-01 -2.172449e+00 -3.321756e+00 -5.533438e+00 -2.843827e+00 
-7.634060e+00 7.664191e+00 1.945525e-01 2.479595e+00 -3.182104e+00 -8.094060e+00 -8.182674e+00 -5.850673e+00 -6.584782e+00 -3.261132e+00 -2.507408e+00 -6.172574e+00 
-8.210133e+00 8.541256e+00 3.219523e+00 4.207661e+00 -4.082899e+00 -5.183061e+00 -6.158940e+00 -9.329318e+00 -1.247780e+00 4.030630e-01 -5.660020e+00 -3.674726e+00 
-4.397767e+00 9.257018e+00 -2.595764e+00 -4.062307e+00 -7.358013e+00 -1.061946e+01 -5.747304e+00 -2.092589e+00 -4.339963e+00 -8.942896e-01 -2.732667e+00 -4.823902e+00 
-2.905165e+00 9.132704e+00 -1.686366e+00 -9.582667e-01 -4.948670e+00 -5.465456e+00 -2.792123e+00 -1.060911e-01 -1.585532e+00 -3.350605e+00 -4.137239e+00 -1.252727e+00 
-2.699342e+00 8.313219e+00 -1.812151e+00 -4.816162e-01 -1.560925e+00 1.647891e-01 -1.678201e+00 -1.584593e+00 -7.460679e+00 -7.922905e+00 -4.375688e+00 -3.894257e+00 
-7.610460e+00 8.565661e+00 7.419750e-01 5.118611e+00 8.375833e-01 1.638916e-01 4.311870e+00 3.021477e+00 -7.892197e-02 -8.654573e+00 -4.374166e+00 -3.477806e+00 
-5.503098e+00 9.030125e+00 -3.645565e-01 -1.088225e+00 -5.473525e+00 -4.472886e+00 -2.176946e+00 -2.354404e+00 3.774031e+00 -4.692694e+00 -5.363733e+00 -7.942014e-01 
-4.376101e+00 7.591357e+00 -1.543052e+00 -1.742181e-02 -1.040182e+01 -5.644644e+00 -4.157979e+00 -5.433645e+00 -3.216559e+00 -2.486818e+00 -2.927740e+00 4.348325e+00 
-9.129371e+00 3.393264e+00 -2.481052e+00 2.991108e-02 -5.023001e+00 -3.563479e+00 -5.430464e+00 1.496070e+00 1.038842e+00 -4.808924e+00 -2.639570e+00 1.814700e+00 
-8.516932e+00 8.390248e+00 2.677021e+00 4.225930e+00 -3.395271e+00 -6.929182e+00 -1.091894e+01 -4.799717e+00 -9.806980e-01 2.456334e+00 -5.468245e+00 -6.291927e+00 
-5.016397e+00 9.406119e+00 9.397237e-01 1.413360e+00 -1.457113e+00 -3.461769e+00 -3.114372e+00 -1.042661e+01 -6.290162e+00 -1.963225e-02 -5.752102e+00 -1.045558e+01 
-8.019398e+00 6.911821e+00 -2.975270e+00 1.846829e+00 -5.024261e+00 -3.170101e+00 -6.412299e+00 -4.751106e+00 -7.496180e+00 -9.088557e+00 -5.754892e+00 -4.952701e+00 
-6.207615e+00 8.604558e+00 4.041579e+00 3.838963e+00 -9.856761e-01 -2.369584e+00 3.127960e-01 -3.165718e+00 -4.853558e+00 -7.406975e+00 -1.062206e+01 -2.266258e-01 
-7.028585e+00 8.831450e+00 1.684280e+00 3.417119e+00 -8.846359e-01 -4.042713e+00 -5.273610e+00 -5.107584e+00 -3.102758e+00 -6.534661e-01 -9.572119e+00 -8.216785e-01 
-8.346703e+00 6.310460e+00 -1.573499e+00 1.763789e+00 -2.475326e+00 -5.389173e+00 -7.634965e+00 -6.301245e+00 -3.496912e+00 -1.665259e+00 -5.133908e+00 -2.592550e-01 
-1.023199e+01 5.020411e+00 -1.849056e+00 3.121080e+00 -1.040606e+00 -3.174588e+00 -1.930420e+00 -2.527810e+00 -1.264038e+00 5.376900e-01 -1.314145e+00 -1.511184e+00 
-7.138074e+00 9.185709e+00 4.153216e+00 3.966844e+00 1.809182e+00 -2.426422e+00 -8.918267e+00 -2.141199e+00 -3.082188e+00 6.292531e-01 -2.253928e-01 2.897162e-01 
-7.194172e+00 8.536680e+00 2.222476e+00 2.806773e+00 -5.704285e-01 -5.516679e-01 -2.777605e+00 -2.138305e-01 -5.878714e-01 -2.430793e+00 5.599697e-01 2.865129e+00 
-6.283445e+00 9.851516e+00 3.455714e+00 4.864923e+00 4.305959e+00 1.086162e+00 -3.338409e+00 -2.792468e+00 -1.658482e-01 -5.301442e+00 -5.379714e+00 -2.641183e+00 
-8.506873e+00 6.874832e+00 2.726679e-01 5.624741e+00 -1.033551e+00 -1.603768e+00 -5.330829e+00 -2.824306e+00 -5.491569e+00 -4.394591e+00 -1.366908e+00 -1.501453e+00 
-6.336448e+00 8.295297e+00 1.401650e+00 7.783784e+00 -2.617645e-01 3.645503e-02 -6.355649e+00 -5.532572e+00 1.227998e-01 -2.200004e+00 -3.803155e+00 -6.376627e-02 
-5.006338e+00 1.016078e+01 5.538687e+00 6.826331e+00 -2.854542e+00 -2.282831e+00 -3.840855e+00 -7.384893e+00 -7.241373e+00 -5.447775e+00 -2.153285e+00 1.303223e+00 
-7.302500e+00 5.148157e+00 8.056359e-01 2.788090e+00 -4.913646e+00 -3.628992e+00 -1.315813e+00 1.195309e+00 -4.912946e+00 -2.960521e+00 1.050314e+00 2.671358e+00 
-6.860677e+00 5.857818e+00 -1.188314e-01 6.796022e+00 -1.532200e+00 -6.862173e+00 -5.356734e+00 -3.359876e+00 -3.538384e+00 -1.387643e+00 2.250934e+00 -1.453081e+00 
-6.808448e+00 9.106772e+00 -1.844135e+00 1.801573e+00 -3.437602e+00 -7.526877e+00 -8.701632e+00 -6.729644e+00 -5.991560e+00 -3.693444e+00 -1.512007e+00 -2.996955e+00 
