1.554637e+00 1.920534e-01 5.466393e-01 
2.241722e+00 2.679579e-03 -3.612126e+00 
1.304612e+00 5.626735e-01 -5.931287e-01 
2.635657e+00 -1.574488e+00 -2.190299e-01 
2.841589e+00 -7.243372e-01 -7.565399e-01 
1.179115e+00 -3.590547e+00 4.869844e+00 
1.487285e+00 -4.191179e+00 4.496773e+00 
1.768806e+00 -3.100044e+00 4.176630e+00 
2.528088e+00 -5.971537e+00 6.966955e+00 
1.236291e+00 -1.712657e+00 7.324610e+00 
3.219669e-02 -1.750044e+00 1.026550e+01 
-2.982630e-01 -4.296432e+00 1.446589e+01 
-1.288673e+00 -1.054726e+00 1.310978e+01 
-1.062390e+00 -2.774533e+00 1.450546e+01 
-1.265899e+00 -1.713470e+00 1.448696e+01 
-7.750553e-01 -3.351595e+00 1.553577e+01 
-1.382190e+00 -2.542082e+00 1.728962e+01 
-2.165215e+00 -1.018964e+00 1.731839e+01 
-2.503912e+00 -1.841887e+00 1.637801e+01 
-1.767403e+00 -2.403367e-01 1.444739e+01 
-3.146903e+00 1.019853e+00 1.754809e+01 
-5.049227e+00 1.880569e+00 1.935384e+01 
-4.855894e+00 -1.322391e-01 2.183738e+01 
-5.339954e+00 3.584934e+00 1.878806e+01 
-5.924315e+00 4.283098e+00 1.857121e+01 
-6.034307e+00 3.562176e+00 1.795816e+01 
-7.021325e+00 6.859964e+00 1.524595e+01 
-7.906104e+00 6.782751e+00 1.311903e+01 
-8.086355e+00 7.557721e+00 5.482379e+00 
-1.126836e+01 3.348420e+00 9.022387e-01 
-1.429822e+01 8.517506e-02 -5.059703e+00 
-1.477162e+01 -1.709000e+00 -6.089503e+00 
-1.352295e+01 2.542298e-01 -7.035028e+00 
-1.341635e+01 1.875832e-01 -6.190222e+00 
-1.315179e+01 -5.250616e+00 -1.130273e+01 
-1.289401e+01 -5.110415e+00 -9.122889e+00 
-1.435055e+01 -2.803792e+00 -5.721570e+00 
-1.348322e+01 -2.167805e+00 -6.317148e+00 
-1.204799e+01 -2.143282e-01 -6.512933e+00 
-1.413105e+01 -5.213635e+00 -1.017633e+01 
-1.558420e+01 -3.335746e+00 -6.466171e+00 
-1.342556e+01 -5.963003e+00 -8.011384e+00 
-1.530511e+01 -8.041645e+00 -6.434825e+00 
-1.511129e+01 -8.512236e+00 -8.668626e+00 
-1.574459e+01 -7.832359e+00 -1.093634e+01 
-1.523872e+01 -8.786949e+00 -9.082807e+00 
-1.229027e+01 -9.437567e+00 -1.042761e+01 
-1.133571e+01 -8.171281e+00 -1.135823e+01 
-1.297105e+01 -7.742955e+00 -1.063264e+01 
-1.228881e+01 -4.605282e+00 -1.105967e+01 
-1.381174e+01 -4.183864e+00 -1.031250e+01 
-1.435346e+01 -2.419355e+00 -8.056090e+00 
-1.425510e+01 1.717204e+00 -3.402467e+00 
-1.563847e+01 -3.370695e+00 -7.160412e+00 
-1.469991e+01 -2.719265e+00 -7.475416e+00 
-1.569759e+01 -1.933323e+00 -5.944591e+00 
-1.573296e+01 -1.443633e+00 -3.365468e+00 
-1.684838e+01 -1.371703e+00 -2.712337e+00 
-1.458071e+01 -1.707781e+00 -5.010372e+00 
-1.318813e+01 -4.843015e+00 3.385212e-01 
-1.348855e+01 -5.237612e+00 8.364069e-02 
-1.113075e+01 -2.598569e+00 3.856488e+00 
-1.589575e+00 -4.894626e+00 9.026040e+00 
-1.347303e+00 -1.174134e+01 1.671151e+01 
4.566581e-01 -1.425725e+01 1.478706e+01 
-4.542865e-01 -1.664312e+01 1.660103e+01 
-1.714588e+00 -1.574542e+01 1.741808e+01 
-2.465633e+00 -1.479165e+01 1.670688e+01 
-3.312618e+00 -1.341360e+01 1.477010e+01 
-3.415341e+00 -1.358672e+01 1.291862e+01 
-7.370197e+00 -1.187708e+01 1.233075e+01 
-5.718383e+00 -6.282825e+00 5.615472e+00 
-1.054106e+01 -2.549804e+00 4.911411e-01 
-1.378654e+01 -1.957299e+00 -3.337719e+00 
-1.297251e+01 7.894345e-01 -3.275026e+00 
-1.441209e+01 2.465759e+00 -4.641468e-01 
-1.529590e+01 4.781461e-01 -3.244708e+00 
-1.503376e+01 -2.415558e-01 -5.201532e+00 
-1.527555e+01 -7.852945e-01 -5.697419e+00 
-1.334658e+01 2.326916e-01 -4.980053e+00 
-1.358643e+01 -4.516551e-01 -8.302236e+00 
-2.493786e+01 2.058158e+00 -5.108007e+00 
-2.891258e+01 2.346283e+00 -2.901441e+00 
-1.788531e+01 4.838355e-01 -7.386002e+00 
-1.600673e+01 -9.433769e-01 -6.196388e+00 
-1.461511e+01 6.882454e-01 -5.064328e+00 
-1.562103e+01 -3.590141e+00 -6.010880e+00 
-1.440095e+01 -1.015713e+00 -6.727732e+00 
-1.354815e+01 -9.657279e-01 -4.695368e+00 
-1.528330e+01 -8.405623e-01 -4.047890e+00 
-1.416643e+01 8.650215e-01 -6.508308e+00 
-1.575816e+01 6.228180e-01 -5.580256e+00 
-1.440821e+01 6.979986e-01 -3.865979e+00 
-1.203685e+01 -4.693467e+00 -3.830522e+00 
-1.080223e+01 -7.379243e+00 -2.955912e+00 
-1.300013e+01 -3.493016e+00 -5.551993e+00 
-1.346917e+01 -8.547857e-01 -3.674819e+00 
-1.223261e+01 1.035702e+00 -2.443068e+00 
-1.026875e+01 5.332781e+00 1.142217e+00 
-1.693753e+00 3.492279e+00 -8.560713e+00 
-1.305632e+00 4.688260e+00 -7.442528e+00 
-2.006769e+00 7.588200e+00 -7.491345e+00 
-2.503912e+00 8.033188e+00 -4.337200e+00 
-2.014037e+00 6.577528e+00 -5.627018e+00 
-2.806752e+00 4.895921e+00 -6.112627e+00 
-2.779134e+00 4.044145e+00 -1.011929e+01 
-3.731749e+00 5.048721e+00 -8.001620e+00 
-6.242177e+00 4.669567e+00 -8.583838e+00 
-4.923730e+00 7.650376e+00 -1.745230e+00 
-2.816443e+00 6.071990e+00 -7.552496e+00 
-2.967137e+00 5.481517e+00 -8.664515e+00 
-4.899018e+00 3.647517e+00 -8.300694e+00 
-5.743580e+00 4.087222e+00 -5.447677e+00 
-2.153586e+00 6.011439e+00 -8.244681e+00 
-3.024313e+00 7.274066e+00 -5.161450e+00 
-2.474839e+00 4.165653e+00 -1.025084e+01 
-2.528139e+00 4.049428e+00 -1.161825e+01 
-1.802775e+00 3.886469e+00 -1.164035e+01 
-2.139534e+00 5.891556e+00 -7.386002e+00 
-1.645286e-01 1.293348e+00 -9.486711e+00 
6.931161e-01 5.974458e+00 -9.163999e+00 
-9.843788e-01 4.248149e+00 -7.843862e+00 
-1.249425e+00 3.135476e+00 -1.183870e+01 
-2.309125e+00 4.357059e+00 -9.259065e+00 
-1.407871e+00 4.970289e+00 -8.282194e+00 
-3.043211e+00 3.271207e+00 -8.053007e+00 
8.249123e-01 6.025662e+00 -1.098824e+01 
-1.523677e+00 6.435295e+00 -5.479023e+00 
-1.172867e+00 6.334918e+00 -6.078198e+00 
-3.377547e+00 7.090382e+00 -4.956929e+00 
-3.410011e+00 5.450226e+00 -2.850054e+00 
-8.768098e-01 5.844009e+00 -7.905526e+00 
-1.406902e+00 9.926113e+00 -1.008337e+00 
-1.421923e+00 9.472185e+00 -2.640394e+00 
-2.713720e+00 9.047922e+00 -5.261141e+00 
-1.747053e+00 9.187717e+00 -3.241111e+00 
-7.997671e-01 7.965322e+00 -5.240586e+00 
-4.211933e+00 6.350361e+00 -4.822809e+00 
-2.492283e+00 7.459377e+00 -5.670697e+00 
-1.604112e+00 8.891059e+00 -6.260108e+00 
-4.581641e+00 9.057675e+00 -5.967258e-01 
-6.361859e+00 8.522878e+00 2.474173e+00 
-7.331434e+00 6.963591e+00 -3.249437e-02 
-6.709763e+00 5.828973e+00 -4.623940e+00 
-8.272420e+00 4.374534e+00 -4.471320e+00 
-7.495695e+00 7.859256e+00 3.426892e+00 
-9.008928e+00 6.394250e+00 3.647286e-01 
-1.110652e+01 4.394040e+00 2.596988e+00 
-7.173472e+00 6.706758e+00 3.583622e+00 
-6.827023e+00 6.730734e+00 4.808637e-01 
-5.885551e+00 5.041406e+00 -6.862880e+00 
-5.974708e+00 6.806321e+00 -2.856735e+00 
-4.649962e+00 6.807540e+00 -4.034529e+00 
-5.416028e+00 8.157540e+00 -2.399389e+00 
-5.144197e+00 9.337672e+00 1.840055e+00 
-3.319401e+00 8.569612e+00 -2.840291e+00 
-3.642108e+00 4.027077e+00 -6.544280e+00 
-1.943293e+00 9.764374e+00 -4.137303e+00 
-2.815959e+00 9.988696e+00 -4.711298e+00 
-5.709177e+00 5.531502e+00 -4.634731e+00 
-5.423780e+00 6.628326e+00 -4.754464e+00 
-7.923548e+00 7.829184e+00 1.899664e+00 
-5.275025e+00 8.971116e+00 -1.886544e+00 
-5.657331e+00 8.707375e+00 -5.479079e-01 
-3.673604e+00 7.422396e+00 -1.383520e-01 
-3.097964e+00 9.705042e+00 -1.338757e+00 
-5.510998e+00 7.308203e+00 -3.423021e+00 
-6.449562e+00 7.170846e+00 -2.514496e+00 
-5.154858e+00 7.989705e+00 -6.070032e-01 
-5.022577e+00 8.507029e+00 5.265983e-01 
-8.239956e+00 7.061122e+00 4.675030e-01 
