-2.670074e+01 -6.194976e-01 6.141111e+00 -1.127721e+01 2.433787e+00 1.019501e+00 -6.085777e-01 2.355404e+00 2.260896e+00 4.070438e+00 1.784218e+00 -2.645369e+00 
-2.165781e+01 1.541033e+00 4.339361e+00 -7.476972e+00 5.878901e+00 -3.833291e+00 1.003027e+00 4.715665e-01 -8.974141e+00 -3.789381e-02 1.007677e+00 -4.219764e+00 
-1.629009e+01 1.048625e+00 2.307616e-01 -5.267126e+00 -2.361994e-01 -4.116683e+00 -5.654324e-01 2.494881e+00 -3.604302e+00 2.768997e+00 -2.858858e+00 -4.199768e+00 
-1.561302e+01 -5.362580e-01 -5.254214e+00 -3.979120e+00 -8.368015e-01 -4.442512e+00 -3.980891e+00 -3.088404e+00 -1.214486e+00 -4.798510e+00 -4.482729e+00 -3.018167e+00 
-1.415647e+01 -5.270091e-01 -5.407941e+00 -4.117236e+00 3.884447e-01 -1.021803e+00 -4.244522e+00 -3.866694e+00 -5.559730e+00 3.763786e-01 -2.639072e+00 -5.509205e+00 
-1.471311e+01 4.833350e-01 -4.423042e+00 1.724447e+00 2.555332e+00 2.243796e+00 -2.421950e+00 1.181628e+00 8.444581e-01 -2.374625e+00 -5.382817e+00 -2.015110e+00 
-1.473018e+01 -1.344469e+01 -4.969200e+00 -1.137632e+01 -2.566795e-01 -1.073324e+01 -3.339422e+00 -2.672088e+00 2.795008e+00 8.516832e+00 4.092368e+00 4.116785e+00 
-1.345759e+01 -1.118427e+01 -5.256601e+00 -1.093307e+01 -5.076189e+00 -1.388275e+01 -1.211026e+00 -3.583515e+00 1.292938e+00 5.507494e+00 1.543753e+00 5.298474e-01 
-6.074788e+00 -1.343127e+00 1.356019e+00 -4.270493e+00 2.962263e+00 -9.573331e+00 -1.234819e+00 -5.820543e-01 6.042492e+00 4.006343e+00 -8.130804e+00 -3.182427e+00 
4.371419e+00 -9.659692e+00 -3.302558e+00 -1.278592e+01 2.309570e+00 -1.188827e+01 -8.677069e+00 1.189478e+00 8.913385e-01 1.309454e+01 -5.682405e+00 -5.264600e+00 
1.909695e+00 -1.056164e+01 4.761509e-01 -1.822978e+01 6.033838e+00 -1.194583e+01 -8.755745e+00 4.271847e+00 -1.390626e+00 1.433736e+01 -7.074824e+00 -7.370342e+00 
2.187066e+00 -9.875745e+00 -2.105211e+00 -1.910206e+01 7.203877e+00 -1.109272e+01 -5.364397e+00 2.317365e+00 -7.765740e-01 1.533279e+01 -6.652220e+00 -8.612647e+00 
2.561161e+00 -9.959354e+00 -1.979174e+00 -2.245813e+01 7.708311e+00 -8.502683e+00 -6.594038e+00 3.468499e+00 1.328437e+00 1.284168e+01 -7.450236e+00 -7.692791e+00 
1.630428e+00 -9.050748e+00 -2.922539e+00 -1.898551e+01 4.200421e+00 -6.347729e+00 -4.731493e+00 4.750052e+00 -2.364004e+00 1.409974e+01 -7.861705e+00 -6.604033e+00 
1.788316e+00 -9.471755e+00 -3.224262e+00 -2.040246e+01 9.044863e+00 -9.747464e+00 -3.822904e+00 4.662804e+00 -1.912465e-01 1.185212e+01 -7.699451e+00 -5.730241e+00 
1.135428e+00 -7.714844e+00 -4.145666e+00 -1.927092e+01 5.967500e+00 -6.143354e+00 -2.708105e+00 3.004483e+00 -1.964301e+00 1.157932e+01 -8.614386e+00 -5.821299e+00 
1.476333e+00 -8.676354e+00 -2.491914e+00 -2.037217e+01 5.570809e+00 -6.139940e+00 -3.013929e+00 5.998095e+00 -5.602546e+00 1.071287e+01 -6.479891e+00 -8.095228e+00 
1.000773e+00 -8.313430e+00 -5.512378e-01 -1.921678e+01 1.913769e+00 -4.046445e+00 -1.536202e+00 4.886509e+00 -3.609180e+00 8.989337e+00 -7.167882e+00 -7.200726e+00 
7.608590e-01 -8.450683e+00 -2.561977e-01 -1.701381e+01 3.574886e+00 -7.746156e+00 -2.201782e+00 5.368035e+00 -5.356684e-01 7.435425e+00 -1.074888e+01 -4.186198e+00 
8.533159e-01 -8.137702e+00 -1.635916e+00 -1.183196e+01 2.269500e+00 -9.667470e+00 -3.048826e+00 6.056964e+00 1.140916e+00 8.396850e+00 -1.317103e+01 -4.107639e+00 
9.984021e-01 -7.290877e+00 5.125502e-02 -8.877856e+00 6.720501e-01 -1.313305e+01 -2.065049e+00 6.833142e+00 -2.958467e-01 1.050221e+01 -1.202253e+01 -5.423861e+00 
-7.340980e-01 -4.663094e+00 4.031909e+00 -7.375106e+00 -1.403122e+00 -1.739418e+01 -3.283587e+00 8.977818e+00 1.962271e+00 1.037910e+01 -1.035862e+01 -5.910213e+00 
-2.030635e-01 -6.488077e+00 3.116712e+00 -5.406159e+00 -1.026333e-01 -1.691227e+01 -7.824314e+00 9.554744e+00 7.210708e+00 8.629389e+00 -1.077725e+01 -3.846966e+00 
-1.636382e+00 -5.287206e+00 6.594174e+00 -9.296790e+00 3.804307e-01 -1.870872e+01 -3.762627e+00 5.808201e+00 7.088494e+00 9.602929e+00 -1.328212e+01 2.289214e+00 
-2.559529e+00 -2.893974e+00 8.319537e+00 -7.182387e+00 -1.667450e-01 -1.976863e+01 -6.186061e+00 5.122895e+00 6.225677e+00 8.106468e+00 -8.917686e+00 2.600951e+00 
-3.138926e+00 -2.208820e+00 1.300055e+01 -5.565841e+00 -3.531275e+00 -1.487243e+01 -7.189507e+00 5.887317e-02 1.572595e+00 7.325994e+00 -9.081000e+00 6.060765e+00 
-5.169184e+00 1.000901e+00 1.543058e+01 -8.514901e+00 3.633210e+00 -1.485877e+01 -8.640267e+00 -1.843078e+00 -1.767566e+00 4.795415e+00 -9.268441e+00 7.539461e+00 
-6.737633e+00 7.330539e-01 2.004714e+01 -5.239136e+00 1.329195e+00 -1.430955e+01 -7.973736e+00 -7.873170e+00 -3.828678e+00 5.947561e+00 -9.946888e+00 7.588739e+00 
-5.732460e+00 4.041182e+00 1.775700e+01 -4.902795e+00 -1.328325e+00 -1.118686e+01 -1.180352e+01 -4.975864e+00 -5.003127e+00 4.533173e+00 -7.586244e+00 3.490454e+00 
-7.571167e+00 3.647181e+00 2.171283e+01 -7.944086e+00 -6.965572e-01 -1.059910e+01 -7.098774e+00 -1.594617e+00 -1.054802e+01 -4.303337e+00 -9.734261e+00 1.478868e+01 
-5.881814e+00 6.461420e+00 1.810694e+01 -2.914118e+00 -5.291543e-01 -8.386106e+00 -1.180986e+01 -7.039934e+00 -6.040457e+00 -3.920721e+00 -8.828870e+00 1.104141e+01 
-6.270133e+00 5.424070e+00 1.754646e+01 -2.995794e+00 5.104350e-01 -7.601290e+00 -8.219284e+00 -4.824312e+00 -9.962423e+00 -8.655542e+00 -8.808721e+00 1.269722e+01 
-8.272417e+00 7.666730e+00 1.769923e+01 -7.181469e+00 7.471454e+00 -9.293353e+00 -1.020873e+01 -8.660820e+00 -1.034424e+01 -3.545922e+00 -6.007444e+00 1.389382e+01 
-8.013063e+00 7.756629e+00 1.528640e+01 -4.101176e+00 8.376720e-01 -6.582832e+00 -8.870271e+00 -2.640388e+00 -7.202441e+00 -5.831064e+00 -5.318923e+00 1.281399e+01 
-9.392805e+00 9.271960e+00 1.309126e+01 -5.521332e+00 2.868322e+00 -4.321058e+00 -8.481010e+00 -9.959552e-01 -2.671301e+00 -1.514423e+00 -5.503978e+00 8.886393e+00 
-8.756038e+00 9.306736e+00 7.924718e+00 5.348024e+00 -8.123145e-01 -1.840763e+00 -3.591949e+00 -4.321352e+00 -2.404110e+00 1.125731e-01 -1.419778e+00 2.920544e+00 
-1.193229e+01 1.353467e+00 -4.724649e-01 3.592445e+00 3.036170e+00 4.056825e+00 2.428725e+00 4.489242e-01 1.560671e+00 -4.341637e+00 -5.132012e+00 -2.607517e+00 
-1.863613e+01 1.739329e+00 -3.132600e+00 -6.987662e-01 -4.247189e+00 -2.197321e+00 1.580412e+00 -2.259093e+00 -3.304051e+00 -5.170964e+00 5.084527e-01 1.727606e-01 
-1.682160e+01 3.021589e+00 -4.066893e+00 6.158533e-01 -3.599706e-01 -1.073994e+00 -1.187515e-01 -1.739528e+00 2.363600e+00 -1.760251e+00 -1.576995e+00 -2.272570e+00 
-1.436556e+01 5.066422e-01 -3.943244e+00 -3.950042e-01 -4.335342e+00 -3.362108e+00 -6.733308e+00 -1.574692e+00 -1.075741e+00 -2.053368e+00 -1.863061e+00 -1.999398e+00 
-1.516164e+01 1.585155e-01 -3.428594e+00 3.329063e+00 -3.739193e+00 -8.774239e-01 -2.769650e+00 -2.976673e-01 -1.218822e+00 -5.277658e+00 -2.959339e+00 4.152226e-01 
-1.389143e+01 -6.405849e-01 -3.478723e+00 1.744636e+00 4.089248e-01 -1.693458e+00 -6.592134e+00 -3.972358e+00 -4.925818e-01 -4.554636e+00 -2.718079e+00 -3.410873e-01 
-1.229026e+01 6.801505e-01 -3.370828e+00 1.636347e+00 -3.416408e+00 -1.184587e-01 -7.111147e+00 -4.161950e+00 2.262793e+00 -4.416140e-01 -9.974387e-01 -4.281540e+00 
-1.522850e+01 -1.828137e+00 -5.271401e+00 -7.426460e-02 -1.946290e+00 -5.449263e+00 -1.030644e+01 -5.433823e-02 7.723761e-01 -7.988263e-01 -7.020209e+00 -1.842994e+00 
-1.391371e+01 -1.109317e+00 -2.825147e+00 -4.817278e-01 -6.209275e+00 -3.672816e+00 -5.771104e+00 -3.540947e+00 1.165846e+00 -5.535993e+00 -2.819885e+00 -5.978327e-01 
-1.342156e+01 8.336814e-01 -5.700116e+00 -2.010174e+00 -2.246814e+00 -7.754807e-01 -1.988911e+00 2.502730e+00 4.136113e+00 -4.012564e+00 -6.737589e+00 -4.942508e+00 
-1.511328e+01 9.738939e-01 -4.605890e+00 -2.897599e+00 -6.208385e+00 -1.182278e+00 -2.279507e+00 -3.525853e+00 7.989327e-01 -3.297358e+00 -6.755087e+00 -5.291739e+00 
-1.538781e+01 -2.061948e+00 -8.101017e+00 1.510620e+00 -2.629126e-01 4.024762e-01 -1.579665e+00 -6.243199e-01 -6.009023e+00 -7.927830e+00 -1.886922e+00 3.837900e+00 
-1.591932e+01 -2.606520e+00 -8.703032e+00 -1.053461e+00 -4.017455e+00 -2.942629e+00 -1.345538e+00 3.730545e+00 -3.876371e+00 -6.717842e+00 -4.766675e+00 -2.233647e+00 
-1.407302e+01 -1.177758e+00 -5.344923e+00 5.988756e-01 -5.238117e-01 1.621893e+00 -3.414927e+00 -2.461364e+00 5.199187e+00 2.307459e-02 -2.243511e+00 -3.038521e+00 
-1.255910e+01 4.855548e-01 -5.308162e+00 -1.730272e+00 -3.943104e+00 1.224981e-01 -7.055629e+00 -2.625294e+00 1.008675e+00 -3.402099e+00 -1.346604e+00 -1.884059e+00 
-1.323190e+01 5.802630e-01 -4.133730e+00 -2.234095e+00 -2.953379e+00 -5.359025e+00 -3.912367e+00 -2.869529e+00 2.586620e+00 4.669570e+00 -3.840604e+00 -5.671322e+00 
-1.306311e+01 4.015752e-01 -3.749415e+00 -2.167102e+00 -4.215579e+00 -4.446902e+00 -4.542732e+00 -4.370561e+00 -2.814923e+00 3.017952e+00 -2.788336e+00 -3.879103e+00 
-1.321151e+01 4.419974e-02 -6.662577e+00 -2.233636e+00 -2.225444e+00 -4.100100e+00 -1.276378e+00 -3.847373e+00 -5.521792e+00 -2.623970e+00 -3.039141e+00 -5.634899e+00 
-1.425936e+01 -1.988600e-01 -9.573831e+00 -4.292059e+00 -1.911563e+00 -6.664777e+00 -5.045214e-01 -6.216028e-01 -5.405810e+00 -4.692596e+00 -3.238513e+00 -3.137077e+00 
-1.459173e+01 -6.123713e-02 -5.564532e+00 2.483104e-01 -3.395928e+00 -4.024983e+00 -3.515176e+00 3.526463e+00 -1.961320e+00 -8.375713e+00 -2.515791e+00 -1.007679e-01 
-1.500138e+01 -1.922105e+00 -8.319672e+00 5.323417e-01 -3.252122e+00 -7.788950e-01 -3.866049e+00 -1.334986e+00 1.617036e+00 -4.073142e+00 -1.177648e-01 1.643601e+00 
-1.332294e+01 -1.142243e+00 -5.380728e+00 -1.506351e+00 -2.470315e+00 4.834455e-01 -1.085714e+00 -9.256132e-01 4.501942e+00 8.781955e-01 -2.628998e+00 -2.142590e+00 
-1.478186e+01 -2.557686e+00 -5.816127e+00 -1.199377e+00 -3.933754e+00 -1.587612e+00 -3.628115e+00 -2.499403e+00 -4.110231e+00 2.450621e-01 1.068920e+00 -1.335217e+00 
-1.490703e+01 -1.555851e+00 -2.605060e+00 -4.101464e-01 -7.571071e-01 1.863826e+00 -5.316810e+00 8.718820e-01 -3.250125e+00 -2.722848e+00 6.484370e-01 -5.611331e+00 
-1.604733e+01 -2.895084e+00 -3.343615e+00 -5.358897e+00 1.976545e+00 4.360704e+00 1.578826e+00 5.430226e+00 -6.381085e+00 -2.569255e+00 -2.120229e+00 -4.224049e+00 
-1.545324e+01 -1.625772e+00 -6.757104e+00 -2.831524e+00 -2.493021e+00 -2.706420e-01 -4.842177e-01 -1.074721e-01 -5.475454e+00 -2.929570e-02 -1.674825e+00 -2.835696e+00 
-1.536362e+01 -2.902853e+00 -5.990860e+00 1.060654e-01 -4.074766e-02 1.498001e+00 -1.596478e+00 -3.290354e-02 -7.483916e-01 -2.460606e+00 4.313023e-01 -5.949136e+00 
-8.996426e+00 -6.971237e+00 -2.418870e+00 -8.792050e+00 -8.657987e+00 -7.777373e+00 -3.231876e+00 -3.168708e+00 -6.505660e-01 -1.233812e+00 4.177811e-01 -1.137391e+00 
-8.128280e+00 -8.402959e+00 -6.500618e-01 -1.124234e+01 -8.820047e+00 -1.141855e+01 -1.115218e+00 -4.339163e+00 2.089634e+00 -4.531945e-02 3.370442e+00 -4.935634e-01 
-5.358366e+00 -6.769242e+00 4.194706e+00 -2.430485e+00 -7.530244e+00 -1.438857e+01 -3.906305e-01 -4.475319e+00 -1.846152e+00 -6.405430e-01 2.650901e+00 -3.846519e-01 
-1.089701e+00 -1.493782e+01 1.577574e+01 -9.069657e+00 -8.091222e+00 -1.331548e+01 -1.194628e+01 6.392674e+00 -8.218905e+00 3.967652e+00 -8.728315e-01 3.589010e+00 
-1.189270e+00 -1.439029e+01 1.568313e+01 -9.668463e+00 -9.620108e+00 -1.636158e+01 -1.155448e+01 4.565291e+00 -5.079545e+00 2.642761e+00 1.171257e+00 4.642416e+00 
-7.378911e-01 -1.271440e+01 1.303779e+01 -8.527749e+00 -9.845835e+00 -1.700495e+01 -1.137904e+01 4.992174e+00 -5.205823e+00 4.223250e+00 -1.144581e+00 5.123769e+00 
-1.968997e-01 -1.284500e+01 1.099686e+01 -6.449137e+00 -9.712714e+00 -1.622745e+01 -9.189419e+00 3.532199e+00 -5.270047e+00 7.378756e+00 -4.271427e+00 4.782037e+00 
-8.085376e-01 -1.340178e+01 1.256945e+01 -7.242956e+00 -1.355452e+01 -1.457587e+01 -8.847429e+00 6.497432e+00 -4.584184e+00 4.845831e+00 -2.210901e+00 1.097258e+00 
-1.937460e+00 -1.388198e+01 1.357727e+01 -7.696763e+00 -1.359192e+01 -1.619769e+01 -1.138793e+01 7.832119e+00 -2.470772e+00 3.895350e+00 -8.712407e-01 3.120512e+00 
-5.493969e+00 -1.368812e+01 1.229112e+01 -1.065775e+01 -1.029061e+01 -2.221283e+01 -8.984796e+00 8.464895e+00 -2.027441e+00 7.134882e+00 -1.061598e+00 8.177933e+00 
-4.306727e+00 -1.180136e+01 5.441226e+00 -6.244029e+00 -1.031821e+01 -1.983790e+01 -9.475257e+00 1.066905e+01 -1.500917e+00 4.332681e+00 2.624919e+00 1.285086e+00 
-8.743711e+00 -1.454826e+01 9.013693e+00 -1.066051e+01 -1.300690e+01 -2.409269e+01 -8.640585e+00 3.780358e+00 -3.954415e+00 3.365784e+00 -4.066753e+00 3.939312e+00 
-1.051414e+01 -9.620847e+00 7.078746e+00 -4.668779e+00 -2.013220e+01 -2.692807e+01 -9.507298e+00 7.713776e+00 1.363123e+00 4.702790e+00 1.191671e+00 6.359646e+00 
-1.032212e+01 -9.120340e-02 -2.188758e+00 2.183761e+00 -1.400241e+01 -1.637085e+01 -4.943413e+00 -9.467460e-01 -6.920267e-01 1.551974e+00 1.303818e+00 5.694751e+00 
-1.241164e+01 3.320239e-01 -5.909700e+00 8.007718e-01 -4.333562e+00 -8.028573e+00 -7.143824e+00 -3.220031e+00 -3.539537e+00 -7.116728e-01 7.945191e-01 -1.098468e+00 
-1.174168e+01 4.271992e-02 -2.843766e+00 -1.082828e+00 -2.460965e+00 -3.638672e+00 -2.661470e+00 -1.763981e+00 -2.264011e+00 -3.525990e+00 -4.190034e+00 -5.780591e+00 
-1.341871e+01 -2.058891e-01 -3.910302e+00 -2.284110e+00 -6.454591e+00 -4.185459e+00 -6.649239e+00 -6.264663e+00 -4.126491e+00 -3.358717e+00 4.474747e-01 -3.457384e+00 
-1.533660e+01 -1.017568e+00 -5.381683e+00 -2.788392e+00 -3.603846e+00 -2.997746e+00 9.348533e-02 -4.189121e+00 -4.988765e+00 -4.666267e-01 -1.529803e+00 8.076610e-01 
-2.031931e+01 -6.685263e+00 6.740262e+00 -5.731029e+00 -6.331710e+00 -9.505531e+00 2.760881e+00 4.771486e+00 -4.154944e+00 1.085786e+01 -9.515800e+00 -2.500748e+00 
-1.698897e+01 -3.873982e+00 1.725174e-01 -1.698152e+00 -3.013038e+00 -2.405110e+00 -1.234502e+00 -2.284754e+00 -8.377432e+00 2.205431e+00 -1.009005e+01 -2.807129e+00 
-1.481600e+01 -2.500343e+00 -6.579985e+00 -2.642935e+00 -8.395307e+00 -3.142613e+00 -2.230017e+00 -2.421815e+00 -2.453158e+00 -5.963553e+00 -4.906394e+00 -3.867677e+00 
-1.612983e+01 -1.718533e-01 -3.582798e+00 -4.942257e+00 1.949832e+00 -7.919801e+00 -4.799066e+00 3.765565e+00 -7.876923e+00 2.147589e+00 -4.910370e+00 -4.785657e-01 
-1.844884e+01 2.199278e-01 -1.936569e-01 -4.686216e+00 5.207064e+00 -1.049326e+01 -4.584926e+00 5.450453e+00 -9.580063e+00 6.138674e+00 -2.141174e+00 3.215497e+00 
-1.427643e+01 -5.980403e-01 -5.543526e+00 1.784098e+00 -1.328325e+00 -6.786232e+00 -4.826032e+00 -1.441253e+00 5.287606e-01 -2.163580e+00 -3.623734e+00 -3.550226e+00 
-1.530246e+01 -2.847360e+00 -6.938521e+00 -4.944092e+00 -4.497403e+00 -5.452547e-01 1.173070e+00 2.447785e+00 -1.730712e+00 -1.002054e+00 -2.658161e+00 -9.077840e-01 
-1.560069e+01 -2.162945e+00 -7.306127e+00 -2.770037e+00 -2.143523e+00 -6.213464e-01 -3.499314e+00 2.599639e+00 -7.814518e-01 1.733316e+00 -2.015433e-01 -2.143304e+00 
-1.366953e+01 8.674444e-02 -5.766477e+00 -5.175185e-01 -2.371921e+00 1.254117e+00 -1.817915e+00 -3.161161e+00 2.513454e+00 -5.748209e+00 -1.120455e+00 -7.557098e+00 
-1.358656e+01 4.345011e-01 -4.976839e+00 -3.413811e+00 -6.911832e+00 -2.309507e+00 -5.398976e+00 -3.993189e+00 1.497532e+00 -6.183196e+00 -8.140348e+00 -8.216638e+00 
-1.460737e+01 -9.413575e-01 -5.148229e+00 2.855065e+00 -5.289450e+00 -1.292513e+00 -1.866137e+00 -1.288795e+00 -5.973524e+00 -1.199666e-01 -2.684408e+00 -7.078959e+00 
-9.957029e+00 -1.692637e-01 -2.688130e+00 -2.529598e+00 -1.155579e+00 -1.231165e+01 -1.374886e+01 5.105989e+00 -2.556133e+00 -5.145170e+00 -5.487010e+00 -2.631442e+00 
-1.274733e+01 -1.192926e+00 -5.151571e+00 6.764221e-01 -2.082528e+00 -8.086617e+00 -8.362361e+00 -2.485214e+00 -3.148777e+00 -7.372079e+00 -4.576317e+00 -5.034636e+00 
-1.408677e+01 -5.484664e-01 -5.983221e+00 1.061860e+00 -1.808272e+00 -7.093524e+00 -6.575320e+00 9.105248e-01 1.234947e+00 -2.726366e+00 -3.463866e+00 -1.588749e+00 
-1.454479e+01 -1.280605e+00 -6.089206e+00 2.222305e+00 -2.452951e+00 -3.032866e+00 -1.311593e+00 -2.276603e+00 -1.704969e+00 -9.375685e-01 -1.297291e+00 -7.238843e-01 
-1.559453e+01 -3.397112e+00 -7.070764e+00 -3.026537e+00 -5.297909e+00 -3.225533e+00 1.556936e+00 -6.744348e-01 -6.212262e+00 -3.166042e+00 -7.325821e-01 -2.004040e+00 
-1.553194e+01 -3.016429e+00 -7.716701e+00 -4.317755e+00 -7.086359e+00 -8.114420e+00 -3.559273e+00 -6.488067e+00 6.131154e-02 4.641431e+00 -2.803448e+00 -7.753049e-01 
-1.331772e+01 2.868895e-01 -5.913042e+00 -3.701054e+00 -1.632855e+00 1.074619e+00 -4.452318e+00 -4.923334e+00 -1.000822e+01 -6.859710e+00 -6.026725e-01 -5.319949e+00 
-1.542242e+01 -1.544382e+00 -6.625816e+00 -1.143855e+00 -4.229380e+00 -2.053430e+00 -4.655989e+00 -5.930462e+00 -8.745972e+00 -2.842440e+00 -4.400806e+00 -7.271786e+00 
-1.450781e+01 -1.300213e+00 -7.812183e+00 -4.106053e-01 -3.648813e+00 -2.092939e+00 -7.687864e-01 -1.001389e+00 -2.069985e+00 -2.864573e-01 -4.780196e+00 -3.813042e+00 
-1.452819e+01 -1.203655e+00 -3.181773e+00 1.581743e+00 -3.043313e+00 -2.910924e+00 -1.218323e+00 -7.182099e-01 -3.094851e+00 2.931580e+00 -5.741792e+00 -4.646483e+00 
-1.559169e+01 -1.869572e+00 -3.384195e+00 7.612473e+00 1.937811e+00 -3.149930e+00 -2.560903e+00 -3.457020e+00 -6.530940e+00 -1.027941e+01 -7.877347e+00 -6.806501e+00 
-1.524367e+01 -1.566852e-01 -6.664487e+00 -3.042139e+00 -5.938581e+00 -6.253102e+00 -1.954648e+00 -5.207692e-01 -2.841209e+00 -4.845408e+00 -1.672704e+00 -3.300266e+00 
-1.604923e+01 -8.140934e-01 -6.657803e+00 -5.170308e+00 -5.061942e+00 -2.641189e+00 2.825633e-01 2.017581e+00 -2.656397e+00 -8.918422e-01 -2.365393e-01 -1.208094e+00 
-1.298061e+01 -1.137706e-01 -6.389976e+00 3.772487e-01 -2.790874e+00 1.920894e+00 -3.762310e+00 -6.325646e+00 -4.509663e+00 -5.821661e-02 -4.913213e-01 -3.096369e+00 
-1.435134e+01 8.292420e-01 -5.167803e+00 1.145372e+00 2.143636e-01 8.980473e-01 -3.195710e+00 1.164118e+00 9.290054e-01 -4.284577e+00 -5.567607e+00 -2.430045e+00 
-1.502936e+01 8.045522e-02 -3.662526e+00 -1.022718e+00 -3.250786e+00 2.088328e-01 -3.876835e+00 -3.396943e+00 -1.098775e+00 -2.342187e+00 -1.818521e+00 -2.885955e-01 
-1.594018e+01 -3.293155e+00 -6.991036e+00 6.970706e-01 -1.720876e-01 -1.235445e+00 -9.093260e-01 3.388798e+00 2.886872e+00 7.152222e-01 -9.584658e-01 1.213401e-01 
-1.529914e+01 -2.060838e+00 -7.945858e+00 -8.951561e-01 1.369265e+00 -8.540111e-01 -4.420241e-01 4.463552e+00 1.661749e+00 -4.266990e+00 -4.377476e+00 -3.126722e+00 
-1.426979e+01 -1.783743e+00 -8.160216e+00 -2.414884e+00 3.455122e+00 1.017550e+00 2.079122e+00 1.858180e+00 -5.303378e+00 -2.322645e+00 -3.497272e+00 -3.028166e+00 
-1.404457e+01 -6.365155e-01 -6.731324e+00 -2.460769e+00 4.219593e-03 5.037237e+00 1.375824e-01 -1.181320e+00 -1.227222e+00 4.181041e+00 -1.350051e+00 -5.449214e+00 
-1.449595e+01 -2.657944e+00 -6.434375e+00 -2.083132e+00 -2.372812e+00 -2.923606e+00 -1.876923e+00 -5.352603e-01 -2.258320e+00 3.128187e-02 -4.534693e+00 -3.526659e+00 
-1.307638e+01 -1.041985e+00 -5.713484e+00 -1.277804e-02 -1.925365e+00 -2.260243e+00 -4.704844e+00 5.434180e-01 4.029886e+00 -3.141029e+00 -4.167764e+00 -6.053315e-01 
-1.427880e+01 -7.885665e-01 -7.123279e+00 -3.579916e+00 -3.626419e-01 -8.881548e-01 -1.348393e+00 2.567638e+00 1.631670e+00 3.181460e-01 -2.971800e+00 -1.486265e+00 
-1.588992e+01 -1.189227e+00 -6.427691e+00 -2.487383e+00 -2.537098e+00 -3.223095e+00 -2.342004e+00 -2.060746e+00 -3.183463e+00 1.725500e+00 1.250794e+00 -2.981744e+00 
-1.649444e+01 -2.643146e+00 -7.483724e+00 -2.588790e+00 -1.976120e+00 6.341655e-01 -2.695415e+00 1.338917e+00 3.720422e+00 2.297274e+00 -4.418039e+00 -3.203852e+00 
-1.475056e+01 9.340361e-02 -3.732228e+00 2.161736e+00 -3.303767e+00 -7.772496e+00 -6.714274e+00 -2.762053e+00 -5.136723e+00 -4.184526e+00 -5.674186e+00 1.668240e+00 
-1.376673e+01 2.718186e-02 -7.911485e+00 -9.396651e-01 -2.063383e+00 -2.469007e+00 -4.120480e+00 -9.893135e-01 -1.953462e+00 3.861492e-01 -1.339446e+00 -1.970832e+00 
-1.388099e+01 -1.977501e-01 -4.896156e+00 -1.589404e+00 -3.310446e+00 -3.014818e+00 -4.466911e+00 -2.535932e+00 -1.510622e-02 -7.824118e-01 -1.155186e+00 -1.401635e+00 
-1.634604e+01 -2.391207e+00 -5.538752e+00 -1.990732e-01 -2.001365e-01 -3.002624e+00 1.193056e+00 6.439166e+00 1.423553e+00 3.083219e+00 -6.962604e-01 -3.113509e+00 
-1.482026e+01 -1.133364e+00 -6.256300e+00 1.729494e+00 -9.516684e-01 -5.845817e+00 -7.165396e+00 -2.467100e+00 -5.571653e+00 -6.901919e+00 -1.068128e+01 -3.855179e+00 
-1.567561e+01 -1.656108e+00 -7.300398e+00 -1.950523e+00 -1.557168e+00 -6.117991e+00 -4.868226e+00 7.090660e+00 1.524089e+00 -6.807978e-01 1.448840e+00 -1.410205e+00 
-1.785854e+01 -3.186608e+00 -5.187854e+00 -4.597028e-01 6.974276e-01 -1.856860e+00 -3.814304e-01 9.863010e-01 -2.438175e-01 -1.228341e+00 -3.951425e+00 -3.680920e+00 
-1.447793e+01 -3.176152e-01 -4.687528e+00 -1.870223e+00 -3.955124e+00 4.132071e-01 -3.433961e+00 -7.637963e-01 -4.716696e+00 -3.198089e+00 -3.969380e-01 -4.227977e+00 
-1.491793e+01 -7.234547e-01 -4.971587e+00 1.284864e+00 3.554984e-01 -2.081233e+00 -5.189595e+00 -3.352564e+00 -8.548887e-01 -2.532517e+00 -1.143182e-01 -2.382195e+00 
-1.540582e+01 -2.508112e+00 -7.478950e+00 -4.390254e+00 -5.844194e+00 -2.863611e+00 -1.257661e+00 3.384269e+00 7.946754e-02 -1.056379e+00 9.538572e-01 3.109442e+00 
-1.322194e+01 -1.444125e+00 -7.636496e+00 -3.913963e+00 -7.448769e+00 -3.565507e+00 -5.452590e+00 -2.608689e+00 -3.270720e+00 -3.103510e+00 -3.342440e+00 4.285686e+00 
-1.618863e+01 2.842999e-01 -3.386105e+00 -9.158046e-01 -1.858582e+00 2.276964e+00 -1.221495e+00 -7.637671e-02 -8.236520e+00 -1.684041e+00 -2.195789e+00 2.848412e+00 
-1.710513e+01 -1.666467e+00 -7.491363e+00 -5.694779e+00 -8.861897e+00 -7.201321e+00 -2.289024e+00 6.407165e+00 -7.370102e-01 -5.379663e+00 -6.348921e+00 -2.964247e+00 
-1.622087e+01 -4.926034e-01 -4.783010e+00 1.200434e+00 -6.928306e+00 -8.272457e+00 -7.986109e+00 8.933167e-01 1.759845e+00 -2.730665e+00 -6.932719e+00 -5.469211e+00 
-1.481837e+01 -3.723684e-01 -7.165291e+00 1.470700e+00 -5.366473e+00 -4.720539e+00 -1.298586e+00 -4.388071e+00 -1.268141e+00 6.421383e-01 -1.888513e+00 -4.206552e+00 
-1.605539e+01 -1.200325e+00 -7.446963e+00 1.019187e+00 -3.460930e+00 -1.162280e+00 -2.685580e+00 -2.511177e+00 -1.075741e+00 -2.499297e+00 6.844935e-01 -1.500459e-01 
-1.568367e+01 8.936139e-01 -6.565663e+00 -2.243272e+00 -7.260440e+00 7.229390e-01 7.041467e+00 3.438913e+00 1.213269e+00 -4.408468e+00 1.290562e+00 -1.676592e+00 
-1.680406e+01 -1.272466e+00 -6.769995e+00 -6.037832e-01 -1.852794e+00 -2.216832e+00 -2.558365e+00 -8.033448e-01 -4.092618e+00 1.275272e+00 1.543753e+00 -2.582432e-01 
-1.464199e+01 5.247699e-01 -5.934525e+00 -4.176887e+00 -5.518293e+00 -2.157812e+00 -4.116990e+00 -1.776963e+00 -6.855580e+00 2.628692e+00 3.382372e+00 -2.412191e+00 
-1.382505e+01 -7.652594e-01 -7.475608e+00 -1.798183e+00 -2.650629e+00 -4.312766e+00 -5.565495e-01 2.428161e+00 -6.082460e+00 -1.355996e-01 -3.357022e+00 -2.288639e+00 
-1.360600e+01 -1.832247e-02 -5.267105e+00 1.284405e+00 -2.184483e+00 -3.777685e+00 -1.831240e+00 2.359631e+00 -2.228783e+00 -4.202895e+00 -2.873705e+00 -4.816813e+00 
-1.695720e+01 -1.977968e+00 -4.691347e+00 -2.256867e-01 -6.158965e+00 -5.302932e+00 -4.042754e+00 -3.072403e+00 5.106510e+00 -2.409017e+00 -3.512914e+00 -5.118909e+00 
-1.491936e+01 -2.505523e+00 -4.841731e+00 -1.695399e+00 -6.662064e+00 -4.799069e+00 -4.755287e+00 3.339014e-01 1.264485e+00 -3.935572e+00 -1.591046e+00 -4.622915e+00 
-1.533944e+01 -2.748582e+00 -8.202705e+00 -1.490580e-01 -6.746211e+00 -6.779273e-01 1.415445e+00 4.030358e-01 1.870407e+00 -2.563002e+00 -4.027515e+00 -9.642038e-01 
-1.563341e+01 -7.223856e-03 -7.814093e+00 4.566306e-01 -3.235203e+00 -1.711017e+00 -2.897183e+00 -1.527596e+00 6.292961e-01 -1.422580e+00 -1.924304e+00 1.904632e+00 
-1.534703e+01 -2.793347e+00 -5.841908e+00 -1.928497e+00 -5.315718e+00 -4.507385e+00 -3.626529e+00 -1.808964e+00 -2.940931e+00 -4.414721e+00 -1.382395e+00 1.350433e+00 
-1.423660e+01 7.707893e-01 -2.352510e+00 4.024857e-01 -5.685696e+00 -5.192209e+00 -7.646623e-01 -1.862098e+00 -5.954555e+00 -5.865066e+00 -1.124962e+00 -2.877475e+00 
-1.388431e+01 -1.866515e-01 -4.272657e+00 -1.329233e+00 -1.504632e+00 -4.946863e+00 -2.399426e+00 -2.057123e+00 -7.776116e+00 -7.535053e+00 -5.075276e+00 -1.514117e+00 
-1.489138e+01 3.575507e-01 -4.333172e-01 -1.196624e+00 -9.682884e+00 -3.334306e+00 -3.096413e+00 1.840670e+00 -2.592716e+00 -2.375797e+00 -8.564808e+00 -5.457070e+00 
-1.520716e+01 -2.602821e+00 -5.744993e+00 -1.153950e+00 -3.553536e+00 -1.958315e+00 2.114336e+00 4.891340e+00 -3.614871e+00 -7.873506e+00 -2.799206e+00 2.502485e-01 
-1.529250e+01 -2.334604e+00 -7.361507e+00 -1.807360e+00 -7.415823e+00 -8.681564e-01 -2.225893e+00 -7.954956e-01 -4.411025e+00 -9.542320e+00 -2.039367e+00 -3.228759e-01 
-1.458224e+01 -2.667192e+00 -6.736576e+00 -4.209924e+00 -2.688918e+00 1.394594e+00 -5.240671e+00 -4.440299e+00 -5.253517e+00 -5.331592e+00 -6.380470e+00 3.710777e+00 
-1.621186e+01 2.320156e+00 -5.274743e+00 -9.280272e+00 -8.927791e+00 -2.927996e+00 -2.807720e+00 -5.754155e+00 -1.944983e-01 4.971430e-01 -6.368805e+00 -7.051463e+00 
-1.537169e+01 4.615078e-01 -5.294317e+00 5.337182e-01 -2.190271e+00 -3.619649e+00 -6.587376e+00 -5.412407e+00 -3.040925e+00 3.064213e-01 -7.458382e-01 1.949625e+00 
-1.531194e+01 -3.071182e+00 -5.144887e+00 3.717424e-01 -4.276574e+00 -5.899959e+00 -6.964263e+00 -3.843448e+00 -1.232371e+00 4.205272e+00 -1.204234e+00 -3.087085e+00 
-1.366384e+01 6.757111e-01 -1.328463e+00 1.381852e-01 -2.129276e+00 -1.590539e+00 -4.166797e+00 -3.501399e+00 -8.041360e-02 -5.158458e+00 -6.696761e+00 -2.522888e+00 
-1.353061e+01 -1.951604e-01 -3.511664e+00 2.208998e+00 -1.292262e+00 -2.734352e+00 -2.762037e+00 -9.115477e+00 -3.273430e+00 -4.112615e+00 -3.921731e+00 -4.100140e+00 
-1.267668e+01 -1.485462e-01 -4.660315e+00 -4.489788e-02 -4.520999e+00 -4.888330e+00 -5.188961e+00 -5.459503e+00 -1.531538e+00 -1.755561e+00 -4.679906e-01 -1.992614e+00 
-1.497578e+01 3.420126e-01 -7.014906e+00 -3.330588e-01 -1.469460e+00 9.951129e-01 -5.057904e-01 -4.768461e+00 -5.479789e+00 -2.992907e+00 -2.770308e+00 -2.612159e+00 
-1.514742e+01 -1.992397e+00 -7.727204e+00 -1.623818e+00 -5.500797e-01 -1.541275e+00 -2.982204e+00 -2.040821e+00 -2.475108e+00 -6.600841e-01 -2.479396e-01 -2.372554e+00 
-1.559643e+01 -1.560660e+00 -4.412061e+00 5.513250e-02 -3.050882e+00 -4.129365e+00 -4.765439e+00 -4.310181e+00 -1.316105e+00 -1.732503e+00 -1.807386e+00 3.709438e-01 
-1.585436e+01 -5.133208e-01 -5.691523e+00 -2.524091e+00 -7.827651e+00 -1.264711e+00 -4.237226e+00 -3.556344e+00 -3.147964e+00 -5.949483e+00 -4.867686e+00 -1.101682e+00 
-1.398246e+01 1.478141e+00 -6.523651e+00 -2.550705e+00 -4.898992e+00 -3.119200e+00 -3.960588e+00 -3.402377e+00 -3.506206e+00 -2.734964e+00 -6.080087e+00 -5.036422e+00 
-1.348082e+01 3.194455e-01 -5.291930e+00 3.431387e+00 -1.489494e+00 -1.979289e+00 -4.106204e+00 -8.766483e+00 -3.507561e+00 4.691480e-02 -1.304715e+00 -1.988686e+00 
-1.630811e+01 -6.805400e-01 -6.162251e+00 3.509393e+00 2.552215e+00 -1.264711e+00 -4.820639e+00 -6.158376e-02 3.777328e+00 2.745157e+00 7.568718e-01 -4.340460e+00 
-1.719048e+01 -1.631322e+00 -3.862561e+00 -1.158080e+00 -4.224483e+00 -4.145332e-01 -2.002869e+00 -3.189539e+00 -2.023376e+00 8.652983e-01 -2.732130e+00 -9.326905e-02 
-1.423091e+01 -1.669057e+00 -3.732228e+00 1.578072e+00 -4.738712e+00 -3.748420e+00 -1.129811e+00 -1.067203e+00 -4.374984e+00 -3.493160e+00 -4.935292e+00 1.943197e+00 
-1.494686e+01 -5.710337e-01 -6.374698e+00 -1.387966e+00 -1.024239e+00 -1.443104e-01 -3.688392e+00 -5.656340e+00 -1.226873e-01 2.691614e+00 1.862164e+00 9.583516e-01 
-1.690647e+01 -1.209204e+00 -6.756150e+00 -1.594910e+00 -1.958311e+00 -8.466946e-01 -4.319709e+00 5.841741e-01 -1.074929e+00 1.371805e+00 -1.981836e+00 -2.396122e+00 
-1.662483e+01 -2.159246e+00 -7.241199e+00 -2.675972e+00 -4.185749e+00 -7.706647e+00 -5.729546e+00 1.723835e+00 -1.633157e+00 -4.607643e-01 -1.909723e+00 -3.493807e+00 
-1.446656e+01 -2.364570e+00 -5.555461e+00 -7.827367e-01 -7.111736e+00 -9.104099e+00 -8.435010e+00 -6.191905e+00 -4.079339e+00 -3.354809e+00 -5.119286e+00 -6.713302e+00 
-1.529772e+01 -2.367900e+00 -3.377989e+00 4.483541e+00 2.532626e+00 -1.750527e+00 -6.250144e+00 -4.435167e+00 -4.525380e+00 -5.030268e+00 -5.245484e+00 -4.523645e+00 
-1.276156e+01 -1.390112e+00 -3.084381e+00 7.709463e-01 7.561967e-01 1.873581e+00 -2.946356e+00 -5.063716e+00 -3.831388e+00 -2.094014e+00 -4.547153e+00 -4.043364e+00 
-1.426078e+01 -2.559906e+00 -8.266679e+00 -1.554531e+00 -1.356819e+00 -7.179242e-01 -6.334214e+00 -5.489995e+00 -3.606741e+00 -4.153652e+00 -4.630932e+00 -2.952106e+00 
