-5.458620e+00 -2.582653e-01 2.637671e+01 -6.511954e+00 -8.392701e+00 5.461364e+00 -1.570680e+01 -7.886931e+00 -1.766201e+00 -8.697105e+00 9.243843e+00 -4.723189e-01 
-6.036863e+00 5.137671e-01 2.517245e+01 -5.319151e-01 -4.712088e+00 2.331605e+00 -1.221038e+01 -1.209490e+01 -4.774378e+00 -9.825766e+00 7.556232e+00 3.287887e+00 
-8.030043e+00 1.874364e+00 2.413678e+01 1.179164e+00 -1.930125e+00 4.204067e+00 -9.596608e+00 -1.253665e+01 -8.967651e+00 -1.238964e+01 8.711155e+00 5.062813e+00 
-1.022974e+01 4.389193e+00 2.556486e+01 3.287356e-01 -3.743655e+00 -3.873422e-01 -4.969899e+00 -8.194729e+00 -1.122511e+01 -1.249414e+01 6.791969e+00 9.217257e+00 
-1.116499e+01 4.644705e+00 2.361983e+01 -2.858970e+00 2.800469e+00 -3.707129e+00 -3.374718e+00 -1.077841e+01 -8.566062e+00 -1.049131e+01 6.412790e+00 1.018343e+01 
-1.025755e+01 5.677440e+00 2.209540e+01 -4.648530e+00 3.432936e-02 -6.068636e-01 -4.850005e+00 -6.751747e+00 -1.009404e+01 -7.454487e+00 6.218280e+00 7.251913e+00 
-9.398360e+00 3.781091e+00 2.314400e+01 -2.939429e+00 -1.080971e+00 -6.051782e-01 -8.870408e+00 -6.285673e+00 -7.619234e+00 -7.887383e+00 7.143268e+00 2.866152e+00 
-8.946072e+00 3.234960e+00 2.494981e+01 -8.224260e-01 -5.371000e-02 -3.361625e+00 -1.022443e+01 -6.412814e+00 -5.535713e+00 -8.891162e+00 4.023238e+00 -4.749128e-02 
-8.580478e+00 3.515199e+00 2.316044e+01 1.401179e-01 -8.777097e-01 -4.055583e+00 -9.552545e+00 -7.812658e+00 -7.117090e+00 -6.963702e+00 6.928093e+00 3.586228e+00 
-7.383915e+00 2.461096e+00 2.029605e+01 -1.477642e+00 -2.449030e+00 -1.124277e+00 -5.982003e+00 -7.250255e+00 -7.258240e+00 -7.883742e+00 4.047511e+00 4.238249e+00 
-7.057990e+00 2.769420e+00 2.353700e+01 -2.638696e+00 -4.129892e+00 -2.392107e+00 -8.247365e+00 -1.556820e+00 -8.791839e+00 -6.797680e+00 3.000175e+00 6.182970e+00 
-8.429170e+00 2.955941e+00 2.524764e+01 -1.262314e+00 -1.967045e+00 -3.992802e+00 -9.080822e+00 -5.394716e+00 -5.143491e+00 -1.114338e+01 2.893244e+00 3.438088e+00 
-9.119871e+00 3.216033e+00 2.802215e+01 -3.280721e+00 -2.832427e+00 -5.943213e+00 -8.738899e+00 -4.812853e+00 -5.828318e+00 -1.047820e+01 3.980269e+00 5.950621e+00 
-8.344928e+00 3.593960e+00 2.869361e+01 -2.019093e+00 -3.395554e+00 -4.966954e+00 -9.070916e+00 -7.038102e-01 -8.444586e+00 -1.533800e+01 1.059341e+00 6.370636e+00 
-8.593973e+00 8.858934e-01 2.618344e+01 -4.130820e+00 8.165408e-01 -2.388315e+00 -8.188954e+00 -6.904510e+00 -9.154394e+00 -7.896485e+00 -5.590596e-01 3.904849e+00 
-8.207932e+00 6.636555e-01 2.593613e+01 -4.105759e+00 -9.387542e-02 -4.834092e-01 -8.765543e+00 -6.904510e+00 -9.393911e+00 -1.214097e+01 2.082732e+00 2.515910e+00 
-7.172902e+00 3.062481e+00 2.427307e+01 -5.482471e+00 -4.587129e+00 1.556749e+00 -1.016090e+01 -2.425074e+00 -1.181813e+01 -1.202847e+01 2.244769e+00 4.437258e+00 
-6.608563e+00 3.952043e+00 2.382426e+01 -4.578292e+00 -5.519453e+00 1.133296e+00 -8.983130e+00 -5.923063e+00 -1.342480e+01 -9.666297e+00 5.177505e+00 5.469424e+00 
-6.494877e+00 3.397059e+00 2.420551e+01 -3.440651e+00 -5.530002e+00 -1.948851e+00 -1.086934e+01 -3.848919e+00 -1.024206e+01 -1.076255e+01 4.908209e+00 4.119325e+00 
-6.923039e+00 5.261049e+00 2.391649e+01 -7.050437e+00 -1.517111e+00 -1.865425e+00 -1.025210e+01 -5.002915e+00 -1.315468e+01 -9.563625e+00 3.081194e+00 6.381635e+00 
-8.222654e+00 6.896085e+00 2.427836e+01 -8.156753e+00 2.204885e+00 -7.507250e+00 -1.084099e+01 -2.271337e+00 -1.256510e+01 -8.666522e+00 3.191077e+00 4.569243e+00 
-7.701254e+00 7.745656e+00 2.498094e+01 -9.387714e+00 -6.083174e-01 -7.425371e-01 -1.358285e+01 -2.735466e+00 -1.157830e+01 -8.796865e+00 2.220496e+00 5.850601e+00 
-7.530316e+00 5.659123e+00 2.472423e+01 -6.281457e+00 -3.673061e+00 -2.021744e+00 -1.141416e+01 -5.677863e+00 -7.424997e+00 -6.999018e+00 2.786641e+00 1.630509e+00 
-7.401500e+00 3.802766e+00 2.468134e+01 -4.850338e+00 -5.261015e+00 -6.519477e-01 -1.081229e+01 -4.121688e+00 -1.103056e+01 -1.117797e+01 4.493604e+00 1.354509e+00 
-7.746646e+00 5.909751e+00 2.379959e+01 -4.714480e+00 -1.489117e+00 -4.231284e+00 -1.108658e+01 -7.046247e+00 -1.064209e+01 -6.844283e+00 4.148210e+00 4.108326e+00 
-6.840842e+00 5.047969e+00 2.360573e+01 -3.797771e+00 -3.010128e+00 -5.469199e+00 -8.803800e+00 -4.013683e+00 -1.076950e+01 -6.496946e+00 2.876844e+00 3.476584e+00 
-5.561265e+00 3.136968e+00 2.160312e+01 -2.871170e+00 -7.128910e+00 1.231049e+00 -1.224113e+01 -4.777824e+00 -1.163388e+01 -7.513833e+00 4.513613e+00 1.188840e+00 
-8.088113e+00 5.893878e+00 2.505907e+01 -5.576779e+00 -4.918595e+00 -1.898290e+00 -1.108317e+01 -4.191096e+00 -9.517262e+00 -1.139606e+01 1.688464e+00 4.079111e+00 
-7.971973e+00 6.263562e+00 2.249487e+01 -1.375419e+00 -2.862855e+00 -3.364996e+00 -1.247237e+01 -5.228330e+00 -1.047034e+01 -1.163344e+01 2.607548e+00 5.810042e+00 
-6.537816e+00 5.357515e+00 1.877868e+01 6.199059e-01 -1.686698e+00 -4.601647e+00 -9.202765e+00 -6.363839e+00 -1.404967e+01 -7.660194e+00 3.390507e+00 5.506889e+00 
-7.792039e+00 4.099185e+00 2.288787e+01 -4.162147e+00 -8.416014e-01 -3.314434e+00 -8.059155e+00 -7.195766e+00 -1.382014e+01 -1.058706e+01 4.730099e+00 5.468050e+00 
-8.177670e+00 3.948991e+00 2.466548e+01 -5.831677e+00 4.189437e-01 -7.500509e+00 -6.980443e+00 -2.478265e+00 -1.340825e+01 -9.189711e+00 7.795485e-01 4.966230e+00 
-7.919629e+00 5.719262e+00 2.408039e+01 -6.679797e+00 2.182571e+00 -5.818916e+00 -1.018583e+01 -2.070248e+00 -1.582872e+01 -9.695423e+00 8.580773e-02 6.094636e+00 
-6.847384e+00 5.060791e+00 2.220702e+01 -4.197760e+00 -3.413593e-01 -1.685931e+00 -1.589604e+01 -2.706924e+00 -1.039164e+01 -1.220578e+01 2.471886e-01 2.359521e+00 
-8.271728e+00 3.801239e+00 2.097808e+01 6.377125e-01 -2.731998e-01 -2.920897e+00 -1.050999e+01 -4.161582e+00 -1.564666e+01 -9.713264e+00 9.615940e-01 3.101938e+00 
-8.675352e+00 6.102378e+00 1.939609e+01 -1.758919e+00 3.251215e+00 -4.420468e+00 -1.130724e+01 -4.212827e+00 -1.482443e+01 -9.676127e+00 2.189335e+00 5.434366e+00 
-9.023770e+00 6.429935e+00 1.192377e+01 1.475281e+00 4.089008e+00 -6.472846e+00 -4.038067e+00 -2.972233e+00 -4.798736e+00 -5.493167e+00 5.132046e-01 8.123222e+00 
-1.327553e+01 7.264243e+00 8.205815e+00 5.243018e+00 8.375349e+00 -5.362177e+00 2.485096e+00 -7.233065e+00 4.278665e-01 -7.155938e+00 -5.067227e+00 2.301778e+00 
-1.269197e+01 1.088289e+00 -1.647428e+00 2.519273e+00 2.693362e+00 8.391966e-01 1.082908e+00 -1.237022e+00 -2.914761e+00 -6.072061e+00 -9.819105e+00 -6.196149e+00 
-1.216771e+01 5.116302e-01 -3.116044e+00 3.919397e+00 2.967217e+00 2.677109e+00 -6.785400e+00 -1.284340e-01 -2.064739e+00 -5.155662e+00 -7.030366e+00 -6.026355e+00 
-1.421283e+01 -9.246737e-01 -6.147856e+00 1.445933e+00 -3.945075e-01 -2.557275e+00 -8.394587e+00 -5.191680e+00 -6.161206e+00 -1.000781e+01 -3.738131e+00 -3.037439e+00 
-1.457474e+01 1.825472e-01 -5.459369e+00 1.734135e+00 -1.643287e+00 -5.649535e+00 -2.677894e+00 -1.885050e+00 -5.719645e+00 -3.595198e+00 -7.180266e+00 -7.070551e+00 
-1.454611e+01 -2.570442e-01 -6.110847e+00 -1.316064e+00 -3.071391e+00 2.455198e-01 -5.077839e+00 -3.365331e+00 -5.769297e+00 -1.625504e+00 5.497971e+00 3.075629e-01 
-1.492602e+01 -1.056294e-01 -4.181673e+00 1.140253e+00 -4.512072e+00 5.889169e-01 1.340460e+00 -2.814604e+00 -3.309168e+00 -9.598766e-02 -2.446756e+00 -1.320599e+00 
-1.569074e+01 -1.413462e-01 -4.157587e+00 -1.829816e+00 -4.191966e+00 -1.583965e+00 -7.537705e-01 1.594127e+00 -1.986357e+00 -5.309669e+00 -2.398539e+00 1.199838e+00 
-1.508960e+01 4.639595e-02 -3.215323e+00 -7.023965e-01 -6.749976e+00 -4.359794e+00 -4.111652e-01 1.271086e+00 -4.507068e+00 -7.356913e+00 -3.099824e+00 1.146907e+00 
-1.422550e+01 2.776136e+00 -6.156668e+00 -5.048848e+00 -7.811316e+00 -3.764011e+00 1.582640e+00 2.115663e+00 -2.275527e+00 1.006094e+00 -4.924736e-01 -3.131804e-01 
-1.435105e+01 -2.823818e-01 -6.962058e+00 -2.659470e+00 5.800111e-01 -3.585781e+00 -3.411412e-01 1.476716e+00 -1.371169e+00 4.818956e-02 -4.240642e+00 -2.047206e+00 
-1.180334e+01 2.393277e-01 -5.134511e+00 7.260858e-01 -2.009832e-01 -1.165147e+00 8.905982e-01 -4.505055e+00 -8.612185e-01 -2.275758e+00 -4.190784e+00 -7.785815e+00 
-1.487981e+01 9.096563e-02 -6.482701e+00 1.384599e+00 -9.405950e-01 -2.973565e+00 -3.333729e+00 -4.695118e+00 -2.070673e+00 -5.556154e+00 -3.115240e+00 -3.538570e+00 
-1.754938e+01 -4.501238e+00 -6.342889e+00 -9.727926e-01 -1.798269e+00 -3.650109e-01 1.984681e+00 1.305466e+00 -4.553597e+00 2.484357e-01 1.103622e+00 3.096251e-01 
-1.500126e+01 -1.718991e+00 -5.099852e+00 -2.146707e+00 -1.417494e-01 -8.237443e+00 -6.888216e+00 -1.061231e+00 -5.083534e+00 5.062071e-01 -3.578390e+00 6.368386e-01 
-1.451585e+01 -2.303281e+00 -6.865716e+00 -3.009336e+00 -4.555483e+00 -6.260908e+00 -3.240135e+00 -3.574169e-01 -6.078453e+00 7.501433e-01 -3.361904e+00 -6.359068e+00 
-1.497591e+01 -6.279495e-01 -6.593729e+00 -5.644708e+00 -6.090695e+00 -2.716544e+00 -3.808525e+00 8.426349e-01 -2.217756e+00 -4.398731e+00 -3.496388e+00 -2.793060e+00 
-1.554679e+01 -1.290389e+00 -9.804125e+00 -9.117886e-01 -1.662355e+00 -7.796156e-01 -2.852100e+00 -5.469314e+00 2.054212e+00 9.588455e-02 -4.259995e+00 -1.569446e+00 
-1.543433e+01 -1.671063e+00 -5.771891e+00 -6.901957e-01 -2.401156e+00 -2.989998e+00 -2.694973e+00 -2.661192e+00 -1.486712e+00 2.513402e+00 1.602525e+00 -4.423284e+00 
-1.411672e+01 1.141663e-01 -3.178901e+00 -1.005768e+00 -3.137116e+00 -4.473558e+00 -5.017379e+00 8.316075e-01 3.479232e-01 -1.747836e+00 1.326997e+00 -6.178276e+00 
-1.441075e+01 4.343964e-01 -1.284973e+00 1.909233e+00 -2.721668e+00 -8.223539e+00 -8.282548e+00 -4.339607e-01 -3.353200e+00 1.061435e+00 -3.608567e+00 -3.399024e+00 
-1.561100e+01 -1.490037e+00 -4.952990e+00 -1.461814e+00 -8.786647e+00 -9.250360e+00 -6.540487e+00 -2.318980e-01 9.456239e-01 -1.444190e+00 -3.756827e+00 -1.267668e+00 
-1.597986e+01 -1.072425e+00 -6.519710e+00 1.189716e+00 -4.380216e+00 -7.112449e+00 -6.698639e+00 -1.953810e+00 1.767228e+00 -1.034596e+00 -1.522097e+00 -4.128380e+00 
-1.478044e+01 2.628337e-01 -4.998811e+00 2.662055e+00 -1.133714e+00 -2.761207e+00 -5.455515e-02 1.053455e+00 -2.322681e+00 -2.873584e+00 -3.519676e+00 -5.372616e+00 
-1.418011e+01 7.659216e-01 -3.136017e+00 -3.096628e-01 1.401982e+00 -5.669760e+00 -2.168939e+00 8.617709e-01 -2.404810e+00 -8.216515e+00 -1.168351e+01 -1.234137e+01 
-1.367957e+01 -8.109550e+00 -7.197036e+00 -3.921758e+00 9.500198e-01 -2.242108e+00 2.867325e+00 2.188639e+00 -3.564612e+00 -5.033694e+00 4.954920e-01 3.048131e-01 
-1.142834e+01 -9.810220e+00 -5.962223e+00 -1.120992e+01 -3.359446e+00 -1.124586e+01 -2.940031e-01 -5.707702e+00 -8.278047e-01 -6.596705e+00 1.850829e+00 1.712312e+00 
-8.899861e+00 -1.844763e+00 2.401842e+00 -9.527529e+00 -6.940660e+00 -8.594745e+00 1.771193e+00 -1.599957e+00 8.681789e-01 -3.097859e+00 -6.966894e-02 4.159883e+00 
-5.576395e+00 9.197786e-01 4.338067e+00 -2.050090e+00 -7.057505e+00 -1.262703e+01 2.374083e+00 3.180141e+00 -4.285350e+00 -2.477825e+00 -4.864517e+00 7.537194e+00 
-4.704123e+00 -1.451878e+00 5.142869e+00 -6.333864e-02 -4.727911e+00 -1.959525e+01 1.235936e+00 2.455570e+00 -3.481452e-01 6.143319e+00 -4.201609e+00 4.783720e+00 
-1.350805e+00 -1.027973e+01 1.323612e+01 -4.548615e+00 -8.483986e+00 -1.682195e+01 -5.576546e+00 3.029973e+00 -5.103208e+00 4.817689e+00 -1.191791e+00 5.351531e+00 
-2.062772e+00 -1.002635e+01 1.293594e+01 -6.701890e+00 -9.794027e+00 -2.204074e+01 -4.149423e+00 4.516739e+00 -4.586387e+00 4.598510e+00 -2.045272e+00 7.140894e+00 
-2.495432e+00 -1.226003e+01 1.338181e+01 -5.874215e+00 -1.037501e+01 -2.215114e+01 -3.393163e+00 5.111251e+00 -6.041604e+00 5.325222e+00 -4.322972e+00 9.261251e+00 
-2.579674e+00 -8.457255e+00 8.875504e+00 -2.778510e+00 -1.416151e+01 -1.981393e+01 -4.532335e+00 6.734565e+00 -2.770488e+00 3.758204e+00 1.108214e+00 5.643342e+00 
-1.401514e+00 -9.133786e-01 3.910993e+00 1.622350e-03 -1.736582e+01 -1.397744e+01 -2.866105e+00 6.670346e+00 9.659220e-01 1.610474e+00 3.832336e+00 4.370234e+00 
-2.144969e+00 1.111136e-01 2.082859e+00 -2.595169e+00 -1.821254e+01 -1.484921e+01 -5.911637e+00 2.157827e+00 1.740685e+00 8.124017e-01 4.285646e+00 4.535903e+00 
-1.031194e+01 7.128043e-01 -1.524651e+00 -2.211668e+00 -1.050686e+01 -1.807925e+01 -6.477978e+00 2.487715e-01 2.772452e+00 6.403638e+00 7.466357e+00 4.271589e+00 
-1.456901e+01 -6.563398e-01 -2.886353e+00 1.594651e+00 -6.337367e+00 -1.299739e+01 -6.306846e+00 -4.845575e-01 2.870507e+00 1.240928e+00 -3.209379e+00 1.587545e+00 
-1.381206e+01 -1.530333e+00 -3.033214e+00 -8.089062e-01 -4.959166e+00 -6.847001e+00 -9.288161e+00 -2.738060e+00 -1.547294e+00 -3.938165e+00 -2.030184e+00 1.078508e+00 
-1.199841e+01 2.238553e+00 -2.549746e+00 -5.495990e+00 -9.481224e+00 -9.945580e+00 -1.242831e+01 -6.417355e+00 -1.685321e+00 1.752830e+00 2.909645e+00 6.118696e+00 
-1.166880e+01 5.500944e-01 -2.724805e+00 -1.068091e+00 -9.098639e+00 -1.170217e+01 -1.169323e+01 -3.598206e+00 -1.776819e+00 1.687013e-01 -1.073707e+00 4.176037e+00 
-1.351476e+01 -8.144705e-01 -5.750742e+00 -2.976361e+00 -3.736352e+00 -5.778888e+00 -6.897439e+00 -1.694988e+00 -1.082936e+00 -1.305474e+00 -1.703814e+00 -1.855071e+00 
-1.713798e+01 -3.214823e+00 -6.512074e+00 -1.624711e+00 -3.534713e+00 -3.657410e+00 -4.480756e+00 -2.937528e+00 1.587981e+00 -9.581383e-01 -3.068201e-01 -4.960162e+00 
-1.677975e+01 -2.690671e+00 -2.123259e+00 2.570385e+00 5.339779e-02 -1.507702e+00 -5.854252e+00 -2.670274e+00 -1.562908e+00 -2.440324e+00 -8.900216e-01 -2.027270e+00 
-1.525399e+01 -1.267494e+00 -2.706007e+00 9.813133e-01 -2.733433e+00 -2.830729e+00 -5.064517e+00 -3.825567e+00 -5.156919e+00 -5.331150e+00 -7.460715e+00 -1.318537e+00 
-1.692615e+01 -2.846360e+00 -4.879559e+00 7.488387e-01 -9.487464e-03 -9.089689e-01 -5.392579e-01 -1.250645e+00 3.194653e+00 -3.237303e+00 -8.363726e+00 -5.587436e+00 
-2.075589e+01 -1.728760e+00 5.983504e+00 -9.973022e+00 8.130300e+00 -8.144326e+00 -1.047530e+00 6.222759e+00 -8.676608e+00 8.036191e+00 -1.750063e+00 -5.654459e+00 
-2.815036e+01 -3.700815e+00 1.585261e+01 -1.549767e+01 4.204230e+00 -1.442828e+01 6.489103e+00 8.718542e+00 -1.036697e+01 7.428535e+00 3.071353e+00 7.557628e-01 
-2.231068e+01 -3.017312e+00 5.678620e+00 -1.314259e+01 7.386225e+00 -1.017648e+01 -2.113261e+00 7.439028e+00 -1.248328e+01 8.521879e+00 -2.575664e+00 -1.738553e+00 
-1.470928e+01 -3.776266e-01 -4.489494e+00 -1.184823e+00 6.558791e-01 1.474587e+00 -3.044410e+00 -4.771662e+00 -6.451625e+00 -2.652867e-01 1.950872e+00 3.107094e+00 
-1.495424e+01 -6.099384e-01 -5.606231e+00 -3.109818e-01 1.166670e+00 -5.649114e+00 -7.319291e+00 -1.071934e+00 -2.817330e+00 -3.244949e+00 -1.489624e+00 -2.433881e+00 
-1.674376e+01 -1.027245e+00 -5.895254e+00 -4.867392e-01 8.611690e-01 -1.939160e+00 -5.436157e+00 6.308420e-01 -3.291056e+00 -2.575035e+00 -7.426929e+00 -6.712404e+00 
-1.711835e+01 -4.295228e-01 -5.600638e-01 2.736671e-01 5.174286e+00 -3.766539e+00 -4.501592e+00 6.426768e+00 -2.965662e+00 -5.540863e+00 -7.728043e+00 -3.896718e+00 
-1.602607e+01 -2.384226e-01 -3.247045e+00 -1.443348e+00 5.264572e-01 -2.069356e+00 -5.466216e+00 -1.128369e+00 -3.374122e+00 -2.171266e+00 -6.274631e+00 -4.733312e+00 
-1.588581e+01 -3.525284e+00 -8.070569e+00 -1.524796e+00 1.605056e-01 1.870231e+00 -9.057739e-01 5.199796e+00 2.976058e+00 1.405130e+00 1.740424e-01 4.378827e+00 
-1.898599e+01 -4.389509e+00 -6.479177e+00 6.406803e-01 8.644148e-01 3.165449e+00 6.624224e-01 -3.252461e+00 3.170076e-01 -1.151467e+00 -1.365636e+00 -2.729817e+00 
-1.666198e+01 -3.114388e+00 -7.723976e+00 -2.899859e+00 -1.044239e-01 -3.359940e+00 -4.772124e+00 -1.285025e+00 4.219332e-01 1.369450e+00 -1.122581e+00 -8.029695e-01 
-1.682882e+01 -3.318005e+00 -5.790689e+00 9.921951e-01 2.208131e+00 -5.938019e-01 -9.308314e+00 -5.538397e+00 -1.167251e+00 2.455230e-01 -2.072497e+00 2.239566e+00 
-1.489576e+01 -1.661905e+00 -6.508549e+00 -9.483910e-01 1.372365e+00 -1.954750e+00 -6.761148e+00 -1.078392e+01 -6.252392e+00 -6.811151e+00 -6.241830e+00 -7.283653e+00 
-1.615898e+01 -2.206510e+00 -5.995708e+00 3.442339e-01 1.690037e+00 -6.894475e-01 -5.764902e-01 -7.174360e+00 -9.280555e+00 -4.674707e+00 -9.067501e-01 -4.811335e+00 
-1.582283e+01 -2.960531e+00 -7.987740e+00 2.706994e-01 4.092066e-01 -2.103768e-01 -4.723082e-01 1.752080e+00 1.270706e+00 -7.990337e-01 -2.928275e+00 -3.655089e+00 
-1.542452e+01 4.826294e-01 -5.091040e+00 -2.071194e+00 -8.773040e-01 -3.073846e+00 -2.178845e+00 2.384539e+00 -7.685749e+00 -4.665241e+00 -2.466109e+00 -1.772580e+00 
-1.477594e+01 -2.282828e+00 -7.669343e+00 -4.204592e-01 -4.367015e-01 -1.003772e+00 1.548337e-01 -1.929774e-01 -6.572477e+00 -1.998326e+00 -5.865603e+00 -1.033891e+01 
-1.583878e+01 -3.197117e+00 -7.208785e+00 -1.751005e+00 -2.742765e+00 1.047763e+00 2.771196e-01 -4.086335e+00 -8.116693e+00 -9.883291e+00 -6.591161e+00 -3.897062e+00 
-1.653479e+01 -2.688839e+00 -2.766514e+00 6.647521e-01 -8.829840e-01 -1.512337e+00 -4.811064e+00 -9.485595e+00 -1.132848e+01 -3.901029e+00 -6.986084e+00 -4.990408e+00 
-1.662394e+01 -2.361283e+00 -5.649114e+00 -7.511997e-01 -1.043240e+00 2.304895e-02 -8.798138e-01 8.770148e-01 -4.656337e+00 -4.455893e+00 -2.955827e+00 1.590794e-01 
-1.333769e+01 2.339598e+00 -4.047735e+00 7.336701e-01 2.516471e+00 1.783012e+00 -3.531162e+00 -5.948361e+00 -6.850092e+00 -7.404162e-01 -4.349869e+00 -1.911440e+00 
-1.404680e+01 -5.760533e-01 -4.731523e+00 -2.473398e-01 -4.983696e-01 -1.260793e+00 -2.133415e+00 -5.982092e+00 -2.781730e+00 -5.201172e+00 -7.102528e+00 -4.359354e+00 
-1.395397e+01 4.160801e-01 -1.857733e+00 8.830474e-01 -2.443350e+00 -7.776491e+00 -3.478900e+00 -4.216359e-01 -2.209636e+00 -5.738924e+00 -5.245664e+00 -4.501307e+00 
-1.469456e+01 -1.162480e+00 -7.694016e+00 -1.970950e+00 -3.547696e+00 -5.025521e+00 -4.906365e+00 -3.894651e+00 -4.131085e+00 -3.953457e+00 -5.471335e+00 -7.839434e+00 
-1.307229e+01 8.074386e-01 -6.339364e+00 2.329666e+00 -1.507374e+00 -4.227070e+00 -4.006300e+00 -2.000190e+00 -8.306152e-01 -2.917274e+00 -4.000539e+00 -2.847366e+00 
-1.181357e+01 -5.474750e+00 -5.446445e+00 6.067159e-01 -1.455443e+00 -3.310642e+00 -4.471875e+00 2.393657e-01 1.973956e+00 -2.128304e+00 -4.243594e+00 2.676923e-01 
-6.148913e+00 -1.108076e+01 -2.993268e+00 1.587396e+00 -1.677367e+00 -2.003205e+00 -7.236628e+00 1.125782e+00 3.269287e+00 -2.154154e+00 -1.225195e+01 2.076647e+00 
-1.053195e+01 -2.544141e+00 -7.331562e+00 2.832207e+00 -1.647750e+00 -4.926926e+00 -6.411369e+00 2.006361e+00 2.358059e+00 -5.268892e+00 -9.359236e+00 -2.894455e+00 
-1.398791e+01 -9.686328e-01 -7.203498e+00 3.735817e-01 1.923321e+00 1.707591e+00 -3.948915e+00 -7.608938e-01 6.158580e-01 -2.273209e+00 -3.017165e+00 2.770944e+00 
-1.354993e+01 -5.955907e-01 -5.895254e+00 -3.313037e+00 -1.577156e+00 -1.179473e+00 -3.823897e+00 -7.706239e-01 1.622019e+00 -3.308664e+00 -5.031146e+00 9.205565e-02 
-1.361332e+01 9.780855e-01 -2.903389e+00 2.162904e-01 -5.660641e+00 -5.212599e+00 -2.278816e-02 3.932930e+00 -7.138325e+00 -3.090578e+00 -4.535851e+00 -3.206889e+00 
-1.417152e+01 4.068047e+00 -1.281448e+00 6.112242e+00 1.891233e-02 -4.731843e+00 -7.550541e+00 -2.056301e+00 -8.940077e-01 -4.224335e+00 -6.054864e+00 -2.730848e+00 
-1.359941e+01 1.940608e+00 -1.559311e+00 3.385200e+00 8.504327e-02 -4.808811e-01 -1.727617e+00 4.871601e-01 -2.237741e+00 -4.389265e+00 -4.434496e+00 -1.945811e+00 
-1.305266e+01 2.389357e+00 -6.323197e-01 2.595116e+00 2.448718e+00 1.504338e-02 -1.792175e+00 -6.927827e-01 -3.395045e+00 -3.085117e+00 -2.154828e+00 1.841704e-01 
-1.287313e+01 9.625166e-01 -2.377624e+00 3.303751e+00 -2.003153e+00 5.346758e+00 3.708296e+00 1.191623e+00 -2.575939e+00 4.157240e+00 8.251419e-01 -3.205858e+00 
-1.439562e+01 2.562752e+00 -1.047057e+00 3.872572e+00 -9.126009e-01 -1.594499e+00 -3.223056e+00 -1.611309e+00 -6.841036e+00 -3.731730e+00 -6.671685e-02 -2.881050e+00 
-1.489944e+01 -7.907076e-02 -2.107398e+00 4.357636e+00 -6.744484e-01 -3.370473e+00 -1.779878e+00 5.130387e+00 -2.300197e+00 -5.055902e+00 -4.213745e+00 -4.064793e+00 
-1.263595e+01 2.272438e+00 -2.130896e+00 2.991477e+00 2.188251e+00 1.863489e+00 -2.482313e-01 1.507204e+00 -2.209324e+00 -5.466953e+00 -7.067759e+00 -1.416839e+00 
-1.361700e+01 -1.057162e+00 -4.688052e+00 2.858257e+00 -9.259894e-01 -1.779049e+00 -6.970195e+00 -7.095546e+00 -2.855428e+00 -5.208454e+00 -4.094871e-01 -3.585503e-01 
-1.395029e+01 -1.276090e-01 -3.630060e+00 2.144346e+00 -9.081753e-03 -8.735757e-01 -1.995757e+00 -6.616106e-02 -3.294179e+00 -2.146508e+00 -2.525807e+00 -1.199613e+00 
-1.667833e+01 -3.299994e+00 -5.177982e+00 -2.340271e+00 -2.074964e+00 4.334401e-01 -3.617240e+00 -9.652269e-01 -7.970860e+00 -4.039744e+00 -3.947073e+00 3.866165e-01 
-1.758864e+01 -1.424404e+00 -5.253175e+00 1.805362e+00 -3.326989e+00 1.011527e+00 -1.724542e+00 -3.938112e+00 -7.038396e+00 -7.515653e+00 -5.929893e+00 3.034383e-01 
-1.581506e+01 -9.777910e-01 -4.514167e+00 2.379788e+00 9.346028e-01 -3.635921e+00 1.075052e+00 4.914054e+00 -4.730566e-01 -3.771779e+00 -5.395236e+00 -7.700231e+00 
-1.457515e+01 -2.945926e-01 -3.643571e+00 8.668896e-01 -4.855710e+00 -1.107844e+00 -4.408341e+00 -2.561296e+00 -3.786017e+00 -2.679891e+00 -4.300668e+00 -2.385074e+00 
-1.360309e+01 8.065227e-01 -8.417750e+00 -7.347122e-01 -3.220287e+00 -1.777363e+00 -2.245794e+00 -7.106213e-01 -2.081914e+00 -3.489614e+00 -2.684429e-01 3.117406e+00 
-1.460418e+01 -9.240631e-01 -7.662881e+00 -1.698483e-01 -3.734323e+00 -1.647167e+00 1.150883e+00 -2.019651e+00 1.523651e+00 1.327580e+00 -1.195071e+00 -1.058691e+00 
-1.470151e+01 5.204831e-01 -6.422194e+00 -7.808774e-01 -1.650184e+00 -3.772016e+00 5.181191e+00 4.693215e-01 -5.477629e+00 -3.326140e+00 -1.297738e+00 -5.005876e+00 
-1.511904e+01 -1.937260e+00 -7.842052e+00 5.206508e-01 -1.042023e+00 -6.157119e-01 -3.555414e+00 -2.320637e+00 -6.067211e+00 -4.475553e+00 -2.136787e+00 -1.906628e+00 
-1.549240e+01 -3.121104e+00 -8.268538e+00 6.133109e-01 3.930781e+00 1.944388e+00 -6.268247e+00 -2.881094e+00 -1.433000e+00 -4.022268e+00 -8.983993e+00 -7.304963e+00 
-1.568747e+01 -3.648003e+00 -8.117565e+00 5.157045e-01 -4.022160e-01 -8.925363e-01 -5.984735e+00 -4.255964e+00 -3.236408e+00 -1.753662e+00 -7.983725e-02 -6.273328e-01 
-1.345588e+01 3.934900e-01 -4.988824e+00 2.821655e+00 -3.301429e+00 -1.987194e+00 -7.505452e+00 -4.976319e+00 -2.938494e+00 -1.007208e-01 1.386367e+00 7.567940e-01 
-1.443897e+01 -9.716855e-01 -5.051094e+00 2.177651e+00 -3.671032e+00 -6.339279e+00 -9.117371e+00 -3.121428e+00 -2.655257e+00 1.819458e+00 7.498340e-02 -1.213017e+00 
-1.412654e+01 -3.309200e-01 -5.336593e+00 -2.898870e+00 -4.209817e+00 -3.696595e+00 -1.251795e+00 -1.634661e+00 -4.745961e+00 -4.285137e+00 -3.511476e+00 -3.343686e+00 
-1.470069e+01 -1.347475e+00 -3.887362e+00 1.816665e-01 -6.436767e+00 -6.880287e+00 -5.888410e+00 -2.183766e+00 1.291004e+00 -3.001013e+00 -3.482283e+00 -6.691437e+00 
-1.454529e+01 -2.016326e+00 -7.782133e+00 -4.067508e+00 -3.510370e+00 -1.250259e+00 -4.005959e+00 -1.411841e+00 -4.567026e+00 -4.690727e+00 -2.294888e+00 -1.723429e+00 
-1.414085e+01 -1.251668e-01 -7.950143e+00 -7.093213e-01 -3.610581e+00 -3.028762e+00 -3.298546e+00 -2.403667e+00 -5.471696e+00 -3.380388e+00 -5.095301e-01 1.117004e+00 
-1.549568e+01 -3.316783e+00 -7.820317e+00 -1.134041e+00 -4.411643e-01 -1.844357e+00 1.951402e-01 -3.823621e+00 -5.365521e+00 -1.794803e+00 -1.502088e+00 2.388205e-01 
-1.602607e+01 -1.297105e+00 -7.543630e+00 -1.591736e+00 -1.758915e+00 -2.451939e+00 -5.799257e+00 -1.622012e+00 -6.377615e+00 -4.048119e+00 -2.019032e+00 -4.795180e+00 
-1.767615e+01 -3.635182e+00 -6.277095e+00 -5.207788e+00 -5.820085e+00 -7.534921e-01 3.745528e+00 7.142582e+00 -4.902318e-01 -2.046385e+00 -5.864291e+00 -9.933857e-01 
-1.620969e+01 -4.005476e+00 -7.710464e+00 1.814924e+00 -1.465991e+00 -1.522449e+00 -4.862985e+00 -7.612181e-01 4.636129e+00 3.811725e+00 -1.101916e+00 4.390513e+00 
-1.760581e+01 -4.851995e+00 -7.339786e+00 -2.768288e+00 -4.804996e+00 -2.938034e-01 -3.575909e+00 4.948109e+00 3.376399e+00 9.911669e-01 -1.109460e+00 -3.108587e+00 
-1.592261e+01 -2.243448e+00 -4.628132e+00 -1.690661e+00 -2.470938e+00 -1.560232e-01 -4.670675e+00 -1.126423e+00 -2.114079e+00 -1.845411e+00 -5.906604e+00 -4.963255e+00 
-1.605797e+01 -2.538340e+00 -8.793129e+00 -3.910217e+00 -4.783087e+00 -3.201514e+00 -4.954528e+00 -5.381742e+00 -1.590388e+00 2.881126e+00 1.225314e+00 3.065317e-01 
-1.566947e+01 9.322947e-01 -2.479840e+00 1.323265e+00 -3.141579e+00 -7.598682e+00 -9.136499e+00 -2.897959e+00 -4.935826e+00 8.954128e-01 1.346350e+00 -3.393180e+00 
-1.445533e+01 5.113249e-01 -1.708522e+00 5.269161e-01 -4.143686e+00 -7.352616e+00 -7.027923e+00 -2.717303e+00 -2.216819e+00 -1.453657e+00 -3.356983e+00 -4.487902e+00 
-1.666034e+01 -3.461788e+00 -3.308139e+00 -1.490502e+00 -3.475479e+00 -2.727078e+00 -5.537265e+00 -9.723623e-01 -3.800694e+00 -6.270486e+00 -8.046212e+00 -2.103231e+00 
-1.538526e+01 -2.259322e+00 -3.257619e+00 4.952599e-01 -3.286418e+00 2.880757e-01 1.592888e+00 3.902118e+00 -2.916010e+00 -7.185429e+00 -7.563710e+00 -3.852723e+00 
-1.601667e+01 -1.434172e+00 -4.376705e+00 9.395269e-02 -5.114553e+00 -3.713449e+00 -3.680774e+00 9.662079e-01 1.957093e+00 -5.395229e+00 -8.273195e+00 -3.174580e+00 
-1.596677e+01 -1.382887e+00 -5.249650e+00 1.949463e+00 -1.276524e+00 -1.648010e+00 1.020057e+00 -3.644262e+00 -6.243960e+00 -4.374984e-01 -9.087181e-01 -2.412571e+00 
-1.521841e+01 -9.808437e-01 -2.352364e+00 -3.056161e+00 -1.346712e+00 -5.313722e+00 -3.828337e+00 -1.073232e+00 -5.942924e+00 3.939883e+00 4.387463e-01 -4.991096e+00 
-1.519142e+01 -1.047136e-01 -2.869904e+00 2.709869e+00 1.719249e+00 -5.175382e-01 -3.696146e+00 -2.561944e+00 -3.805282e-02 -5.242678e+00 -2.408051e+00 -7.613804e-01 
-1.351108e+01 6.868562e-01 -4.785568e+00 -8.395730e-01 -5.032194e+00 -5.296026e+00 -1.489877e+00 -4.718470e+00 -6.244897e+00 -4.728591e+00 -2.942051e+00 -3.159800e+00 
-1.365789e+01 -6.743508e-01 -4.973551e+00 5.635185e-01 -1.581213e+00 -2.957133e+00 -1.604451e-01 1.346332e+00 -2.091283e+00 -3.945083e+00 -6.157532e+00 -5.121363e+00 
-1.383210e+01 -3.611419e-01 -3.362772e+00 1.196641e+00 7.682612e-01 3.083003e-01 2.671599e+00 -1.785803e+00 -4.461163e+00 -6.908725e+00 -6.798135e+00 -4.894856e+00 
-1.503725e+01 7.020715e-02 -6.445105e+00 6.658334e-02 -4.204730e-01 -5.405740e-02 4.985124e+00 2.487030e+00 -3.814747e+00 -6.213689e+00 -7.658176e+00 -1.726523e+00 
-1.485200e+01 2.034936e+00 -3.212385e+00 3.442576e+00 -1.960959e+00 -4.882264e+00 -3.355248e+00 -3.977033e+00 -3.718565e+00 3.633324e+00 -5.131845e+00 -4.301954e+00 
-1.459968e+01 -1.049530e+00 -7.409104e+00 7.878414e-02 -3.080317e+00 -7.445312e+00 -9.506089e+00 -4.120066e+00 2.073980e-01 -2.896885e+00 -3.985450e+00 1.276486e+00 
-1.499881e+01 -1.750434e+00 -5.649702e+00 1.278089e+00 -3.055162e+00 -4.511900e+00 -3.607676e+00 -2.986179e+00 -6.260511e+00 -4.425673e+00 -4.910766e+00 -9.500781e-01 
-1.462627e+01 -2.900619e-02 -4.426638e+00 6.535406e-01 -5.523916e+00 -4.738585e+00 -6.854058e+00 -6.020040e+00 -5.641575e+00 -2.317264e+00 -7.348729e-01 -1.345003e+00 
-1.598640e+01 -3.965534e-01 -4.325009e+00 -6.018224e-01 -5.155936e+00 -3.891257e+00 -8.934967e+00 -7.367666e+00 -2.654945e+00 3.710874e+00 8.700793e-01 -9.827307e-01 
-1.558891e+01 -2.517887e+00 -6.952658e+00 -2.515039e+00 -4.464386e-01 4.431311e-01 -7.019724e+00 -7.262904e+00 -7.172364e+00 -3.606121e+00 1.327325e+00 1.407784e+00 
-1.433960e+01 -1.141111e+00 -6.821658e+00 -3.264893e+00 -4.584289e+00 -3.472439e+00 -2.950134e+00 -1.443302e+00 -1.117505e-01 -3.426263e+00 -3.106712e+00 2.597026e+00 
-1.473750e+01 -1.557807e+00 -6.910950e+00 -1.329583e+00 -2.926146e+00 -2.692527e+00 9.162168e-01 2.915157e+00 -2.469452e+00 -5.628607e+00 -3.120488e+00 -3.994520e-01 
-1.417929e+01 -1.173165e+00 -3.406830e+00 -4.936640e-01 -1.730109e+00 -5.065549e+00 -7.570353e+00 -4.285479e+00 -2.273341e+00 -1.769317e+00 -8.552525e-01 -2.983476e+00 
-1.500494e+01 -1.345338e+00 -4.810240e+00 5.338408e-01 -4.039418e+00 -5.322149e+00 -3.229205e+00 -7.971908e+00 -6.401036e+00 9.536662e-01 -2.229942e+00 -1.752988e+00 
-1.413431e+01 -8.273403e-02 -4.434275e+00 4.770814e+00 -5.713977e-01 -7.619190e-01 5.611241e+00 3.355608e+00 -3.550872e+00 -5.232483e+00 -6.522278e+00 -4.462811e+00 
-1.447373e+01 6.116115e+00 -4.449243e-01 2.826931e+00 -5.282518e+00 -7.002056e+00 -8.296014e-01 3.458748e+00 2.569471e+00 -6.671343e+00 -9.731854e+00 2.993138e-01 
-1.356711e+01 2.056916e+00 -3.401543e+00 1.745347e+00 -1.829509e+00 -7.110343e+00 -4.429519e+00 3.762653e+00 3.855746e+00 -2.877953e+00 -8.211395e-01 1.070259e+00 
