-2.634363e+01 -5.303441e+00 4.260889e+00 -1.945415e+01 1.806212e-01 5.184827e-01 -4.113075e+00 3.479648e-01 1.658720e+00 -3.171823e+00 8.949970e+00 1.773117e+00 
-2.829641e+01 -5.792619e+00 2.655595e+00 -1.433269e+01 3.191204e+00 1.213272e-01 -3.874918e+00 -2.259845e+00 -1.268285e+00 -3.976590e+00 5.713241e+00 -6.382280e+00 
-2.748986e+01 -7.360522e+00 2.437491e+00 -1.394144e+01 4.605341e+00 -3.007495e+00 -5.762998e+00 -2.043470e+00 -1.273199e+00 6.451617e-01 4.172829e+00 -8.580564e+00 
-2.815609e+01 -7.658668e+00 -2.554742e+00 -2.004334e+01 3.464390e+00 -4.468368e+00 -4.035347e+00 -1.687507e+00 2.795453e+00 5.076048e+00 2.104131e+00 -4.723797e+00 
-3.047278e+01 -6.764651e+00 -5.837847e+00 -1.792480e+01 5.398300e+00 -5.632018e+00 9.144217e-01 -9.581771e+00 -1.039122e+01 1.968232e+00 2.671482e+00 -1.463845e+00 
-2.650766e+01 1.059259e+00 2.022707e+00 -8.606543e+00 8.841105e+00 -3.155334e+00 6.698868e+00 -1.471430e+00 -9.203303e+00 -1.711182e+00 9.325150e-01 4.097384e+00 
-2.487286e+01 3.671727e+00 1.687584e+00 -8.101021e+00 4.791529e+00 -6.443328e+00 6.881891e+00 -2.225915e+00 4.392711e-01 1.208433e+00 3.242417e+00 -1.778805e+00 
-2.101121e+01 -3.407450e+00 -3.160161e+00 -4.780072e+00 3.983939e-01 6.258950e+00 -1.285023e+00 2.824223e+00 2.320040e+00 -1.432045e+00 -2.742182e+00 -4.419412e+00 
-2.168401e+01 -3.046048e+00 -2.560236e+00 -1.839911e+00 1.013807e-01 5.502243e+00 2.525480e+00 9.280402e-01 -1.082379e+00 -2.840056e+00 -5.709818e-01 1.532567e-01 
-6.953621e+00 -4.928966e+00 -1.043452e+01 -4.767676e+00 -4.320015e+00 -2.863778e+00 -6.065325e+00 -1.359770e-01 -2.449652e+00 -1.627908e+00 -1.150943e-01 -4.756443e+00 
-7.864144e+00 -8.023443e+00 -9.546174e+00 -1.200535e+01 -2.714149e+00 -1.026498e+01 -3.849612e+00 -6.997177e+00 2.515774e+00 -3.756412e+00 2.550342e+00 -1.044052e+00 
-1.100454e+01 -6.150226e+00 -6.517433e+00 -1.568268e+01 -8.145167e+00 -1.341647e+01 -2.417510e+00 -6.734917e-01 4.796201e+00 -1.193546e+00 3.816218e+00 2.811336e+00 
-4.617250e+00 -3.237503e+00 -1.165344e-02 -4.924562e+00 3.995022e-01 -1.084449e+01 -1.360944e+00 -1.794356e+00 5.298231e+00 1.706749e+00 -1.013566e+01 -4.566087e+00 
2.038049e+00 -7.516131e+00 -1.177442e+00 -9.831803e+00 4.693224e-01 -1.188503e+01 -6.467977e+00 1.272692e+00 9.266969e+00 5.397489e+00 -1.082953e+01 -4.180318e+00 
7.378778e-01 -9.739787e+00 -1.670786e+00 -1.380896e+01 2.766742e+00 -7.433383e+00 -4.475507e+00 4.215928e+00 6.504167e+00 6.093000e+00 -1.278318e+01 -1.055087e+00 
1.757926e+00 -1.344110e+01 -3.467814e+00 -1.391006e+01 3.126371e+00 -6.854392e+00 4.358492e-01 1.040543e+00 4.690554e+00 7.795137e+00 -1.147716e+01 -4.023988e+00 
7.504960e-01 -1.623785e+01 -3.629333e+00 -1.592247e+01 7.813749e+00 -8.160214e+00 4.923379e-01 -4.773553e-01 3.842509e+00 4.775259e+00 -8.819607e+00 -4.251587e+00 
3.517635e-01 -1.583133e+01 -4.342979e+00 -1.698581e+01 6.370797e+00 -7.482835e+00 3.730272e+00 -2.514563e-01 1.252510e+00 8.307445e+00 -8.255840e+00 -3.218426e+00 
1.093709e+00 -1.468808e+01 -6.407007e+00 -1.486533e+01 5.471445e+00 -8.042253e+00 4.307813e+00 3.049824e+00 -1.256410e+00 5.889143e+00 -7.294964e+00 -5.121980e+00 
1.242602e+00 -1.226370e+01 -6.387778e+00 -1.092962e+01 2.434264e+00 -6.166195e+00 2.799789e+00 -2.559207e-01 8.209120e-01 5.234603e+00 -5.454927e+00 -7.694538e+00 
-9.282182e-01 -1.099436e+01 -4.001813e+00 -1.102530e+01 7.301179e+00 -3.731235e+00 2.241229e+00 -2.407468e+00 -2.716637e+00 8.047959e+00 -2.564773e+00 -9.186115e+00 
-2.830525e+00 -1.461977e+01 -3.631530e+00 -1.275918e+01 8.040941e+00 -5.404851e+00 5.573612e+00 2.001879e+00 2.521917e+00 4.374874e+00 -6.671703e+00 -9.367274e+00 
-4.939265e+00 -1.618725e+01 -7.186580e+00 -1.405068e+01 7.067337e+00 -4.270563e+00 6.431789e+00 1.675382e+00 6.051685e+00 2.916566e+00 -8.924977e+00 -1.193156e+01 
-4.970558e+00 -9.099637e+00 -1.399392e+00 -9.430485e+00 4.437994e+00 -4.391616e+00 2.506312e-02 1.488472e+00 4.454690e+00 1.104185e+01 -1.453755e+01 -1.010249e+01 
-8.317387e+00 -9.785331e+00 -3.661197e+00 -3.391727e+00 6.993638e+00 -3.748749e+00 -4.168208e+00 -3.014329e+00 -9.001573e-01 1.232329e+01 -1.376842e+01 -1.140233e+01 
-1.228604e+01 -6.341681e+00 -1.405330e+01 -1.761661e+00 7.624567e-01 9.398487e-01 -7.187805e-01 6.400808e+00 1.235818e+01 1.695757e+00 -1.039980e+01 -1.685597e+01 
-1.257827e+01 -1.256395e+01 -2.097656e+00 -1.148627e+01 -3.028340e+00 -1.216371e+01 -4.150583e+00 4.048364e+00 5.323210e+00 3.478504e+00 -8.187386e+00 8.208801e-01 
-1.260553e+01 -1.239274e+01 -2.463544e+00 -1.217076e+01 -5.229895e+00 -1.580868e+01 -4.832064e+00 4.966841e+00 9.905357e+00 3.836253e+00 -9.356852e+00 -2.968834e-01 
-2.027583e+01 -1.394166e+01 -3.220541e-01 -3.391339e+00 -4.449681e+00 -1.312131e+01 -1.027887e+00 4.976365e+00 3.845375e+00 6.881315e-01 -1.705683e+00 3.511605e+00 
-2.101979e+01 -1.408209e+01 2.969292e+00 -7.169775e+00 -6.338153e+00 -1.171864e+01 -4.889908e+00 1.945032e+00 4.741330e+00 6.828816e+00 -1.906030e+00 -2.656173e-01 
-1.947533e+01 -1.114365e+01 8.355432e+00 -6.118058e+00 -6.863467e+00 -9.756047e+00 -8.647086e+00 -1.706258e+00 -2.542605e+00 1.862640e+00 -9.225318e+00 5.521372e+00 
-2.298166e+01 -1.123389e+01 8.489480e+00 -1.220059e+01 -3.348073e+00 -1.017741e+01 -4.571311e+00 -1.051478e+00 -3.032350e+00 8.026642e+00 -4.911590e+00 8.339460e+00 
-2.549165e+01 -1.146456e+01 1.436402e+01 -9.182953e+00 -4.080077e+00 -1.466821e+01 -6.928473e+00 -4.361688e+00 -5.468791e+00 -7.712842e-03 -9.913450e+00 9.835636e+00 
-2.385332e+01 -9.331997e+00 1.221978e+01 -8.500401e+00 -3.834044e+00 -9.938399e+00 -3.827016e+00 -2.383607e-01 -8.514957e+00 -4.234409e+00 -6.431215e+00 1.327629e+01 
-2.179404e+01 -1.467603e+00 1.554959e+01 -8.619713e+00 3.333061e+00 4.251538e+00 -2.032482e+00 -4.569729e+00 -8.455173e+00 -4.120156e+00 -9.052568e+00 6.879609e+00 
-1.524221e+01 4.946123e+00 2.194988e+01 -1.281092e-01 -2.510453e-01 1.696041e+00 -4.067884e+00 -9.530877e+00 -1.129741e+01 -9.506038e+00 -1.004140e+01 5.109395e+00 
-6.517539e+00 9.530910e+00 1.621763e+01 -2.853827e-01 -3.103702e+00 -3.677148e+00 -8.031585e+00 -3.478925e+00 -8.594398e+00 -7.671994e+00 3.587133e-01 7.074562e+00 
-6.614446e+00 7.216588e+00 2.075278e+01 -1.982464e+00 2.870139e-01 -2.736029e+00 -1.473838e+01 9.348856e-01 -8.538298e+00 -7.760265e+00 -2.571224e+00 7.220317e+00 
-8.073100e+00 6.662045e+00 2.163619e+01 -1.428133e+00 3.787447e+00 -5.356946e+00 -1.335056e+01 -5.806320e-01 -7.013372e+00 -3.603852e+00 -9.243663e-01 3.029739e+00 
-9.728597e+00 8.415076e+00 2.083849e+01 -2.324902e+00 5.418249e+00 -2.965771e+00 -7.778516e+00 -2.067577e+00 -1.447707e+01 -3.563547e+00 1.021399e+00 6.887885e+00 
-1.043572e+01 9.197341e+00 2.073520e+01 -3.972786e+00 5.420465e+00 -3.355715e+00 -1.059572e+01 -1.827987e+00 -1.232522e+01 -8.873150e+00 4.808992e+00 8.463145e+00 
-9.697809e+00 7.987888e+00 1.809267e+01 -6.994683e+00 6.624588e+00 -3.127518e+00 -1.054556e+01 9.021969e-02 -4.155161e+00 -6.307286e+00 -3.427447e+00 7.969708e-01 
-9.782098e+00 8.772262e+00 1.574956e+01 -2.900538e+00 4.989353e+00 -5.624291e+00 -7.478447e+00 -4.664970e+00 -4.763657e+00 -9.040032e+00 2.172945e+00 1.556094e+00 
-1.067092e+01 8.393991e+00 1.418712e+01 -1.873999e+00 6.680001e+00 -6.484022e+00 -8.434237e+00 -3.007484e+00 -4.831632e+00 -6.109758e+00 7.132513e+00 4.330501e+00 
-1.395112e+01 1.139822e+01 1.507602e+01 -3.964264e+00 7.514519e+00 4.788187e-01 -4.469632e+00 -3.144690e+00 -1.850165e+00 -2.027960e+00 7.687253e-01 -1.284984e+00 
-1.344186e+01 8.310072e+00 8.279616e+00 3.205235e+00 6.292110e+00 -5.292659e-01 -6.202641e-01 5.600787e+00 1.101410e+00 -5.347627e+00 -6.787467e+00 -6.866446e+00 
-1.612144e+01 4.019635e+00 -2.558038e+00 -1.098479e+00 2.186014e+00 1.637833e+00 -4.724896e-01 7.637152e+00 2.747543e+00 -2.386708e+00 -3.193769e+00 -1.894214e+00 
-1.880254e+01 -2.484511e-01 -4.069937e+00 -1.033013e+00 1.457889e+00 1.527598e+00 -2.373222e+00 1.704252e+00 -8.534759e-01 -7.366541e+00 -3.683704e+00 -6.497230e+00 
-1.999772e+01 1.196982e-01 -4.802812e+00 -2.832360e+00 -2.823867e+00 -1.965413e+00 -1.416529e+00 -6.720035e-01 1.076022e+00 1.625473e+00 -2.230742e+00 -3.366940e+00 
-1.904985e+01 -1.854729e+00 -3.506271e+00 -2.722733e+00 -1.669616e+00 -4.659992e+00 -3.595639e+00 3.193578e+00 1.076431e+00 -7.052096e+00 -5.520156e+00 -6.716169e-01 
-1.988870e+01 -1.545619e+00 -2.689890e+00 -3.366935e+00 -4.999931e+00 -3.022949e+00 -1.609947e+00 1.123284e+00 -2.612218e+00 -5.989640e-01 1.951094e+00 -7.396667e-01 
-2.016731e+01 -2.661874e+00 -1.145028e+00 2.949021e-01 -6.123151e+00 -1.032639e-01 -4.749364e+00 -4.347402e+00 4.853529e+00 5.430133e+00 -5.731256e+00 5.095984e-01 
-1.988164e+01 -2.036484e+00 -5.928495e+00 4.119823e+00 3.185663e+00 5.437235e-01 -3.256706e+00 -3.761374e+00 1.681914e-01 1.497563e+00 -1.888110e+00 1.363899e+00 
-2.043027e+01 -1.940335e+00 -7.841443e+00 -1.897016e-01 3.947590e+00 1.773309e+00 -1.408395e+00 1.868840e+00 -5.373528e-01 -1.519317e+00 2.350712e+00 2.539597e+00 
-2.065589e+01 -1.573451e+00 -4.462195e+00 -9.342325e-01 4.371829e-01 -3.695177e+00 -5.256859e+00 -8.538035e-02 1.202962e+00 -3.504720e-01 5.264454e-01 -1.802255e+00 
-2.020769e+01 -8.784798e-01 -4.627559e+00 -4.279360e-01 -1.050099e+00 -5.072195e-02 -4.012751e+00 1.746217e+00 1.509258e+00 -2.624874e+00 -2.159420e+00 2.608106e+00 
-1.930322e+01 -1.834487e+00 -6.248785e+00 -1.447663e-01 -7.348000e-01 1.057701e-02 -2.052366e+00 3.709961e+00 2.633706e+00 1.998544e+00 1.225263e-01 1.066871e+00 
-1.917300e+01 -2.180883e-01 -4.496806e+00 -3.613078e-01 -3.890235e-01 -1.506959e+00 3.097663e-01 2.988563e-01 7.103508e-01 -5.756471e-01 -4.465021e+00 -1.151644e+00 
-1.933553e+01 8.399720e-01 3.614278e-02 6.299797e-01 -1.815352e+00 -4.013520e+00 -4.416306e+00 -3.691729e+00 -1.783418e+00 -3.173488e+00 -6.514364e+00 3.711616e+00 
-1.921338e+01 -1.230183e+00 -8.714359e-01 -4.658985e-01 -2.112919e+00 2.233823e+00 -2.065020e+00 -4.026559e+00 -1.131926e+00 -1.399532e-01 -1.818580e+00 -5.254019e-01 
-1.876822e+01 -1.120539e+00 -4.524825e+00 3.908317e+00 1.781500e+00 1.424059e+00 -2.869419e+00 -2.255628e-01 2.181224e+00 -1.897052e+00 -1.689555e+00 2.930883e+00 
-1.970448e+01 -9.661946e-01 -1.996020e+00 3.242423e+00 -2.696971e+00 -3.125457e+00 -3.881697e+00 -3.121773e+00 7.709547e-01 -4.369980e+00 -3.550737e+00 2.821911e+00 
-1.982259e+01 -1.815932e+00 -5.941131e+00 -2.145548e+00 -7.724808e-01 1.420453e+00 2.342909e+00 1.965866e+00 -3.592264e-01 1.430277e+00 1.117742e-01 -7.484028e-01 
-1.962827e+01 -1.647250e+00 -7.371721e+00 -3.320286e-02 -3.608513e+00 8.692776e-01 3.339822e+00 -7.791493e-01 1.799993e+00 -1.034658e+00 -2.507070e+00 6.668485e-01 
-2.039091e+01 -5.853941e-01 -2.469038e+00 -1.948375e+00 1.296413e-01 4.699175e+00 3.534595e+00 -6.467103e+00 -6.891755e+00 -2.083920e+00 -2.225366e+00 -2.779781e+00 
-2.094005e+01 -1.809607e+00 -4.433628e+00 1.123880e+00 -3.197573e-01 -2.155595e-01 2.934911e+00 -2.968792e+00 -3.252244e+00 3.121422e+00 -6.032380e-01 -1.089040e-02 
-1.929010e+01 -1.284161e+00 -5.841144e+00 -2.603423e+00 -3.307621e+00 -1.575984e+00 3.612323e+00 -1.565480e+00 5.249502e+00 -1.915039e+00 -4.702708e-01 1.833350e+00 
-1.978927e+01 -2.964237e+00 -4.596794e+00 3.471974e-01 -2.650424e+00 -3.182635e+00 -1.038281e+00 4.503486e-01 3.981324e+00 -1.306265e-01 2.604819e+00 3.557585e+00 
-2.115910e+01 -2.760975e+00 -1.151071e+00 4.009809e+00 1.883790e-01 2.179221e+00 -3.028040e+00 -1.749116e+00 9.109989e-01 -2.999943e+00 4.999237e-01 -1.488674e+00 
-1.873844e+01 -9.906536e-01 -4.745127e+00 1.814018e-01 -5.001594e+00 -2.243165e-01 -5.123094e+00 2.578085e+00 3.753241e+00 -2.962636e+00 -3.891577e+00 4.401692e-01 
-2.089866e+01 -2.438370e+00 -3.405185e+00 5.356869e-02 -5.790216e-04 1.480722e+00 -4.210236e+00 -1.151779e+00 9.605467e-01 6.658139e-01 5.798474e-01 4.703855e+00 
-1.855421e+01 4.288087e-01 -8.237547e+00 -2.771543e+00 -2.169440e+00 2.735033e+00 1.399773e+00 3.033752e+00 1.671005e+00 2.240374e+00 -1.438673e+00 -2.672648e+00 
-1.875661e+01 -9.548086e-01 -4.278702e+00 -3.312703e+00 -3.842910e+00 4.973629e-01 3.370552e+00 8.447046e-01 5.469659e-01 1.167461e+00 1.244325e+00 -5.728451e+00 
-9.938058e+00 -2.601992e+00 -3.335963e+00 -9.734185e+00 -1.118457e+01 -3.911011e+00 -2.523256e+00 -3.388744e+00 -2.907867e+00 -2.446666e+00 2.849966e+00 -1.221073e+00 
-1.017023e+01 -5.918288e+00 -3.667789e+00 -1.273439e+01 -8.809014e+00 -1.049988e+01 -2.084000e+00 -6.928425e+00 -2.535644e+00 -5.255358e+00 1.928514e+00 -4.295727e+00 
-1.127003e+01 -2.967611e+00 9.316351e-01 -8.656513e+00 -3.571941e+00 -3.325323e+00 3.279718e+00 -1.679769e+00 3.250245e-01 3.893415e-01 1.310629e+00 -5.511427e+00 
-8.711577e+00 5.325483e-01 1.150449e+01 -1.321218e+00 -4.006932e+00 -5.039633e+00 -1.611237e-01 -3.317909e+00 -1.471390e+00 -2.268922e-01 -5.821214e+00 -4.361938e+00 
-1.315241e-02 -3.881870e+00 1.000083e+01 -3.107395e+00 -6.139775e+00 -1.190666e+01 -3.558130e+00 -6.398598e-01 -4.931546e+00 5.256588e+00 -3.141800e+00 2.141873e+00 
-8.721938e-01 -8.814564e+00 1.413548e+01 -3.719832e+00 -1.231277e+01 -1.111802e+01 -6.697547e+00 -2.399729e+00 -6.978566e+00 2.244371e+00 -1.505336e+00 4.424759e+00 
-1.245690e+00 -1.061525e+01 1.484803e+01 -4.963299e+00 -1.035116e+01 -1.148633e+01 -6.816400e+00 -2.175268e-01 -7.189451e+00 1.934922e+00 -1.637228e+00 5.725981e+00 
-2.904720e+00 -1.042801e+01 1.674010e+01 -1.149557e+01 -6.986484e+00 -1.296935e+01 -7.250233e+00 -1.297021e+00 -9.271688e+00 7.409075e+00 -4.548170e+00 6.368776e+00 
-2.444411e+00 -1.047566e+01 1.455191e+01 -8.065382e+00 -1.155306e+01 -1.347519e+01 -8.143207e+00 -1.290175e+00 -7.539562e+00 7.450047e+00 -2.842176e+00 5.770122e+00 
-1.083169e+00 -8.619736e+00 1.283674e+01 -5.297602e+00 -1.739469e+01 -1.415000e+01 -6.723306e+00 -2.697654e+00 -8.071074e+00 3.908535e+00 1.055089e+00 4.646841e+00 
-9.221615e-01 -4.194776e+00 8.871301e+00 -4.326458e+00 -2.049837e+01 -1.721546e+01 -6.432728e+00 -4.096204e+00 -6.438454e+00 1.768705e+00 2.192657e+00 2.666500e+00 
-3.405407e+00 -5.618876e+00 8.006024e+00 -1.845334e+00 -1.932472e+01 -1.153629e+01 -6.647385e+00 -1.618458e+00 -1.954993e+00 -6.938973e-01 4.025884e+00 4.642703e+00 
-8.326977e+00 -2.518073e+00 7.023730e+00 1.369862e+00 -2.060698e+01 -1.393519e+01 -4.237350e+00 5.774354e-01 2.254932e+00 2.905573e+00 8.498742e+00 8.716493e+00 
-9.535288e+00 2.623788e+00 -6.456400e-01 -5.993160e-02 -1.503576e+01 -1.330057e+01 -7.077152e+00 -1.016869e+01 -4.389387e+00 -1.060307e+00 2.681159e+00 3.687247e+00 
-7.863135e+00 1.319452e+00 2.063362e+00 -6.930379e+00 -2.747319e+01 -2.749875e+01 -1.111858e+01 -3.932807e+00 -7.973617e+00 1.980224e+00 -2.107810e+00 7.339787e-01 
-1.237588e+01 -7.941386e-01 -4.258924e+00 -6.541457e+00 -2.040140e+01 -2.642164e+01 -1.817109e+01 -1.186755e+01 -1.957450e+00 7.201221e+00 7.851826e+00 8.115999e+00 
-1.407226e+01 4.421282e-02 -4.594047e+00 -6.949360e+00 -1.364601e+01 -1.572883e+01 -1.118094e+01 -1.777689e+00 6.264208e+00 9.365034e+00 7.731403e+00 3.086294e+00 
-1.661203e+01 -1.328018e+00 -6.548748e+00 -4.830043e+00 -8.620056e+00 -9.256899e+00 -1.048907e+01 -2.331275e+00 2.701681e+00 6.282201e+00 5.238717e+00 3.281247e+00 
-1.849667e+01 1.344579e-01 -5.431305e+00 -3.691166e+00 -4.065670e+00 -1.019658e+00 -4.046192e+00 -3.056592e+00 -4.339839e+00 9.725983e-01 -2.391015e-01 -2.170551e+00 
-1.966360e+01 -1.294282e+00 -5.800489e+00 -2.032048e+00 -1.272305e+00 -1.138135e+00 -3.278398e+00 2.872489e-01 -1.214643e+00 -5.923020e-01 -4.634612e-01 -3.356364e+00 
-2.123178e+01 -1.269401e+00 -4.091362e+00 -1.913899e+00 -4.301175e+00 -3.930071e+00 -2.205112e+00 1.042627e+00 3.063666e+00 9.109749e-01 5.750873e+00 2.714319e+00 
-2.081891e+01 -1.630803e+00 -1.237324e+00 -1.129468e+00 -6.034490e+00 -3.955827e+00 -5.729105e+00 -2.674779e-02 -3.543126e-01 3.010167e+00 5.250544e+00 1.397464e+00 
-3.103858e+01 -1.931480e+00 1.320098e+01 -3.631898e+00 5.626047e+00 -1.685642e+01 1.124734e+01 -1.303271e+00 -6.417571e+00 2.228383e+00 -5.189710e+00 -4.025827e+00 
-2.794411e+01 -1.450735e+00 8.833942e+00 -5.633454e+00 5.505247e+00 -1.511018e+01 1.144437e+01 -1.339581e+00 -8.384332e+00 4.136375e+00 -7.278478e+00 -5.661321e+00 
-1.339290e+01 -5.110721e+00 -4.315510e+00 -2.024849e-01 -1.037055e+01 -5.502724e+00 -1.589159e+00 4.081400e+00 -2.644158e+00 1.028761e-01 -1.676294e+00 -3.781216e+00 
-1.793138e+01 -2.684225e+00 -6.230655e+00 -3.236778e+00 -5.144005e+00 -4.998424e+00 -6.039954e-01 2.373318e+00 -8.010617e-01 8.077142e-01 -2.563698e+00 -1.796355e-01 
-1.936228e+01 -1.624899e+00 -5.096182e+00 5.889182e-01 5.613078e-01 1.718087e-01 -1.456749e+00 -2.996719e-01 -7.642080e-01 1.193443e+00 1.357203e-02 1.987382e+00 
-2.085172e+01 -1.449891e+00 -4.811053e+00 7.690466e-01 -6.411522e-01 -6.786500e-01 1.878797e+00 4.907315e+00 -4.718350e-01 1.837990e+00 3.784254e-01 -2.234003e+00 
-2.041917e+01 -5.870810e-01 -3.014574e+00 3.801015e+00 -1.220217e+00 -3.731235e+00 -2.576130e+00 -5.290582e+00 5.973327e-01 1.500227e+00 -3.709867e+00 2.910652e+00 
-1.910941e+01 -1.297234e+00 -4.006758e+00 1.585629e+00 -1.355979e+00 1.074294e+00 3.061510e-01 1.564962e+00 1.468719e+00 3.151067e+00 -8.663052e-01 -1.367748e+00 
-1.935975e+01 -1.085116e+00 -5.009929e+00 -9.915637e-01 7.558071e-01 1.992233e+00 -2.112019e+00 2.548323e+00 4.048743e-01 -5.969654e-01 2.185780e-01 2.069226e+00 
-1.891307e+01 -1.181440e-01 -3.538135e+00 -3.929400e+00 -2.128989e+00 -1.475640e-01 -4.115787e+00 5.165358e+00 2.045275e+00 -4.629465e+00 -1.262339e+00 -1.235327e+00 
-1.988315e+01 -5.381631e-01 -4.930818e+00 -1.456024e+00 -2.598336e+00 -1.411662e+00 -6.283985e-01 -2.419322e-01 3.097244e+00 3.933518e+00 -9.401360e-01 -2.561378e+00 
-1.957628e+01 -1.758580e+00 -3.569999e+00 1.223435e+00 -4.694606e+00 -2.488772e+00 -1.849459e+00 -6.092042e-01 4.654782e-01 -6.612536e-01 -4.150702e+00 1.546898e+00 
-1.814488e+01 -1.239460e+00 -6.632253e+00 6.226196e-01 -2.022042e+00 -4.027943e+00 -6.031432e+00 -1.543796e-02 2.091547e+00 1.307696e+00 -8.591371e-01 -8.127742e-01 
-1.984530e+01 -1.203615e+00 -5.063768e+00 -9.288092e-01 -6.577761e-01 2.138527e+00 -1.139960e+00 9.030395e-01 -3.499574e+00 4.798910e+00 1.734977e+00 -2.159593e-01 
-1.945363e+01 -7.991991e-01 -3.871061e+00 -2.087054e+00 -3.944315e+00 -2.134990e-01 -4.285253e+00 2.709636e+00 -1.159771e+00 2.684264e-01 -1.208221e+00 4.507445e-01 
-1.950108e+01 -3.134185e+00 -3.418370e+00 -2.192033e+00 -1.644680e+00 7.343169e-01 -5.803218e+00 -2.426813e+00 5.498323e-01 3.476839e+00 2.414508e+00 5.138362e+00 
-2.130345e+01 -1.748037e+00 -3.409030e+00 -1.069038e+00 2.083276e-01 2.073518e-01 1.455358e+00 1.787885e+00 2.215621e+00 2.625437e+00 2.103162e-03 2.091296e+00 
-2.001034e+01 -1.499653e+00 -4.415498e+00 -3.574567e+00 -6.566678e-01 -3.021404e+00 -2.424288e+00 -3.642323e+00 4.822671e-01 1.229085e+00 2.894050e+00 2.690410e+00 
-1.941224e+01 -1.787256e+00 -5.032454e+00 -4.178094e+00 -2.545140e+00 -3.676118e+00 -1.252034e+00 -3.531605e+00 -1.508244e+00 9.892532e-01 -8.035848e-01 3.649084e+00 
-1.901402e+01 -1.977867e+00 -2.984908e+00 -4.199399e+00 -8.189498e+00 -1.337485e+00 9.822081e-01 4.873684e+00 2.997739e+00 2.200402e+00 5.307888e+00 -1.122677e+00 
-2.043986e+01 -3.910546e+00 -2.773396e+00 -1.881747e+00 -1.965521e+00 1.872726e+00 1.485184e+00 5.039462e+00 8.475286e-01 -4.204228e-01 -9.777682e-01 2.425107e+00 
-1.901906e+01 -4.173268e+00 -5.938933e+00 -2.249525e-01 -5.074739e+00 -1.078381e+00 -4.929224e+00 4.519507e+00 2.338058e+00 4.279608e+00 4.340561e+00 1.557473e+00 
-2.043128e+01 -1.354586e+00 -4.928071e+00 -3.507164e+00 -2.431543e+00 2.396085e+00 -1.918601e+00 3.354892e+00 -2.904328e-01 -4.068192e+00 3.282916e+00 -2.489190e+00 
-1.944455e+01 -3.279252e+00 -7.420616e+00 -5.832725e-01 -7.375706e-01 4.582140e-01 1.710235e+00 1.642643e+00 -1.793246e+00 -3.419315e+00 -3.975152e-01 4.433496e+00 
-2.002195e+01 -1.388322e+00 -3.230481e+00 -8.641179e-01 -3.154127e+00 -5.759768e+00 9.397286e-01 4.961832e-01 3.213392e-01 3.200568e-01 -2.623976e-01 -1.976977e+00 
-2.062611e+01 -2.100759e-01 -1.815823e+00 -2.494184e+00 -2.055844e+00 1.172167e+00 5.178643e+00 3.183161e+00 -3.858430e-01 1.918136e-01 1.107774e+00 -3.446025e+00 
-1.808129e+01 -1.816354e+00 -2.149298e+00 -1.157133e-01 5.890143e-01 2.439252e-01 1.658265e+00 3.069468e+00 2.289329e+00 2.025192e+00 -1.498168e+00 -3.709028e+00 
-1.834727e+01 2.214733e+00 -1.909768e+00 2.042568e-01 -2.325150e+00 3.706029e+00 2.947112e+00 2.672433e+00 -1.774410e+00 -6.160056e+00 -1.086006e+00 -2.720927e+00 
-1.741152e+01 2.551255e+00 -3.703997e-01 2.832195e+00 -5.064988e-01 3.806477e+00 -2.013954e+00 1.233108e+00 -4.150656e+00 -4.884619e+00 -1.985953e+00 -4.111349e+00 
-1.635816e+01 4.827623e+00 1.807350e+00 2.626113e+00 1.734175e-01 6.153866e+00 -7.684906e-01 -2.115743e-01 -1.658935e+00 -3.518044e-01 5.705289e-01 3.919904e+00 
-1.523969e+01 6.465529e+00 2.855570e+00 6.621317e-01 -1.595362e+00 2.857115e+00 2.794818e+00 7.081184e+00 -5.193354e-01 -4.501996e-02 -2.592728e+00 2.789726e+00 
-1.876115e+01 2.517518e+00 1.301369e+00 8.643404e-01 -1.163920e-01 2.805089e+00 3.780434e+00 3.890026e+00 -3.137179e+00 -3.287408e+00 -4.504445e+00 -4.464013e+00 
-1.303757e+01 7.666127e+00 1.002505e+00 3.484919e+00 -3.402601e-01 -2.237395e+00 -3.474527e+00 3.145660e+00 -2.130399e-01 1.072195e+00 -1.191376e+00 -1.076237e+00 
-1.341965e+01 6.390044e+00 3.925766e+00 7.341831e-01 -4.682415e+00 -1.245279e+00 -8.977367e-01 -1.993468e+00 7.852867e-01 -3.876994e+00 -6.716928e-01 2.378591e-01 
-1.450733e+01 6.709275e+00 1.815590e+00 -7.622389e-01 -1.236287e+00 -2.749937e+00 -7.834036e-01 7.950009e-01 -3.762464e+00 -5.565807e+00 -7.156980e+00 -1.143367e+00 
-1.458152e+01 4.106084e+00 1.690331e+00 2.136473e+00 -2.317947e+00 3.396443e+00 3.519230e+00 1.066437e+00 -4.639992e+00 -2.719474e+00 -6.266350e+00 6.714465e-01 
-1.503174e+01 3.971982e+00 -2.583259e-01 5.102976e+00 2.051915e+00 3.298056e+00 2.981909e+00 -1.091905e-01 -2.839073e+00 -3.351696e+00 -7.205005e+00 -6.398373e+00 
-1.497067e+01 6.401430e+00 2.075499e-01 3.644129e+00 2.530683e+00 2.180251e+00 2.581517e+00 -2.564615e+00 -4.498720e+00 -7.611834e-01 -4.081531e+00 -3.371078e+00 
-1.575703e+01 2.275881e+00 -2.874482e+00 3.856410e+00 2.340616e+00 1.539960e+00 -1.054098e+00 -5.380168e+00 -6.357786e+00 2.151770e+00 -6.770688e-01 3.005830e+00 
-1.688307e+01 2.797953e+00 -6.363006e-01 4.374327e+00 1.835250e+00 3.840371e-01 -2.898793e+00 -1.380059e+00 -1.647879e+00 5.961093e+00 1.637425e-01 6.589549e-02 
-1.687146e+01 2.703069e+00 -2.874431e-01 2.493244e+00 -4.167629e+00 -1.813453e+00 -3.052830e-01 -2.878611e+00 8.897056e-01 -3.321515e-01 -6.777856e-01 -3.549479e+00 
-1.747410e+01 2.476613e+00 -2.598692e+00 -2.911933e-01 -1.987132e+00 -9.073620e-01 -3.894351e+00 -1.413343e-01 1.220161e+00 1.044881e+00 -3.531383e+00 -2.689661e+00 
-1.862891e+01 8.429239e-01 -3.250259e+00 5.800086e-01 -1.643018e+00 -6.055033e-01 -2.299561e+00 -1.490478e+00 3.420738e+00 6.201924e+00 -9.681582e-02 -8.633518e-01 
-1.938852e+01 -4.512917e-01 -1.185133e+00 2.951119e+00 -1.664876e-02 -1.311729e+00 8.204244e-01 1.642345e+00 -7.586216e-02 1.015901e+00 9.009756e-01 -2.113537e+00 
-1.830235e+01 3.917582e+00 8.426353e-01 -3.048514e+00 -1.406959e+00 -1.314305e+00 -4.085508e+00 2.200099e+00 -3.698730e-01 5.105028e+00 2.835989e+00 1.062273e+00 
-1.786526e+01 1.179867e+00 -2.499804e+00 -6.252476e+00 1.499448e+00 3.365366e-03 -9.619079e-01 3.197448e+00 2.479330e+00 4.283938e+00 -2.382704e+00 -5.690824e-01 
-1.797731e+01 -2.408604e-01 -4.672059e+00 -1.049670e+00 -1.823110e+00 -4.959790e+00 -2.126414e-01 5.351970e+00 1.641112e+00 2.946545e+00 -1.504261e+00 3.152964e+00 
-1.742666e+01 2.609028e+00 1.674949e+00 3.214145e+00 -1.100525e+00 -4.844508e-01 -3.008608e+00 1.727764e+00 -2.920151e+00 7.064520e-01 1.995827e-01 -1.855591e+00 
-1.516398e+01 5.657119e+00 2.047979e+00 5.342760e+00 2.414870e+00 3.140945e+00 2.843173e+00 -3.808696e+00 -5.300083e+00 1.316690e+00 6.805584e-01 -1.269351e+00 
-1.884645e+01 2.054063e+00 -3.566154e+00 1.124494e-01 -1.654100e+00 2.902446e+00 2.652467e+00 6.363903e+00 4.229064e+00 -4.623933e-01 -3.767212e+00 -3.590860e+00 
-2.021980e+01 -1.576403e+00 -2.118533e+00 -2.664240e+00 -4.293971e+00 3.084797e+00 1.632506e+00 4.379027e+00 4.014902e+00 -1.127259e+00 6.644303e-01 -5.534494e-01 
-1.924518e+01 -1.045475e+00 -2.958537e+00 -9.285830e-02 -2.833287e+00 2.299758e+00 2.645236e+00 7.432137e-01 3.951022e+00 1.212763e+00 -2.137916e+00 -1.516721e+00 
-1.997249e+01 2.090998e-01 -1.030207e+00 3.625922e+00 -1.308878e+00 -2.393476e+00 -6.115036e+00 -5.288499e+00 -1.861221e+00 3.326611e+00 -3.696267e-02 2.202106e+00 
-2.131657e+01 -2.078233e+00 -5.557113e+00 2.787260e+00 -4.388951e-01 -2.848324e+00 -1.724280e+00 -2.134246e+00 -3.373862e+00 1.517549e+00 1.284466e+00 5.620228e+00 
-1.957678e+01 -3.095985e-01 -2.283896e+00 -3.109493e-01 4.264552e+00 4.275749e+00 -3.997838e+00 2.926062e-01 -3.425866e+00 1.895949e+00 -1.745891e-01 1.843006e+00 
-1.992959e+01 2.284983e-01 -2.255878e+00 -3.088414e+00 -2.446505e+00 1.043284e-01 -7.734616e-01 3.005478e+00 3.433432e+00 2.824630e+00 2.008080e+00 -6.836487e-02 
-2.079822e+01 -3.531854e+00 -4.702275e+00 -1.087245e+00 -3.780847e+00 -3.397028e-01 1.496030e+00 -1.382142e+00 3.397661e-01 5.579694e+00 4.873796e-01 1.513333e+00 
-1.996542e+01 -2.958333e+00 -5.401089e+00 -1.509094e+00 -6.721835e-01 -1.482233e+00 -3.533275e+00 -3.660428e-01 1.277079e+00 1.132153e+00 -1.469921e-01 5.623978e-02 
-1.924720e+01 -6.743741e-01 -6.005958e+00 -3.042704e+00 -7.355534e+00 2.692278e+00 1.818693e+00 1.260787e+00 1.453977e+00 1.139148e+00 1.524595e+00 2.934101e+00 
-1.863648e+01 5.498382e-01 -7.521702e+00 -5.430471e+00 -5.207176e+00 4.700617e-01 -3.635793e-01 -5.060814e+00 -3.174589e-01 -3.302839e-02 -3.500202e+00 -1.104745e+00 
-2.055343e+01 -1.788100e+00 -4.276505e+00 -1.152711e+00 -6.438450e+00 -3.744628e+00 2.238065e+00 4.860638e-01 1.675100e+00 2.170090e+00 -2.105301e+00 2.153291e-01 
-2.031721e+01 5.283313e-01 -4.057301e+00 -1.832938e+00 -6.084916e+00 -6.225022e-01 -2.196526e+00 -2.751227e+00 -9.939296e-01 -1.093616e+00 6.253644e-01 -5.208039e-01 
-1.964240e+01 1.188548e-01 -6.488865e+00 -5.234848e+00 -4.636977e+00 4.775412e+00 2.317150e+00 2.304021e-01 6.472900e-01 2.984185e+00 3.547708e-01 -5.293944e+00 
-1.984126e+01 8.745518e-01 -2.977216e+00 -9.787803e-01 -3.955952e+00 -1.174708e+00 -1.338349e+00 -1.973527e+00 -1.409148e+00 1.575508e+00 -3.311683e+00 -2.132388e+00 
-1.947433e+01 1.682119e+00 -4.568775e+00 6.969953e-01 8.754990e-01 -4.260261e+00 -4.630964e+00 -4.486989e+00 -4.442210e+00 -2.244141e+00 -1.845460e+00 -6.555241e-01 
-2.075279e+01 -2.553074e+00 -6.204834e+00 -3.674509e+00 -3.319258e+00 1.766612e+00 -5.926976e-01 -2.074423e+00 1.343416e+00 5.395823e+00 3.079344e+00 1.686676e+00 
-1.996593e+01 -5.917197e-01 -1.911416e+00 -1.215853e+00 -6.416839e+00 2.763879e+00 -7.928936e-01 3.609066e+00 2.155427e+00 -2.478774e-01 4.072118e+00 -1.770069e+00 
-1.974839e+01 -7.616673e-01 -4.494060e+00 1.328026e+00 2.172161e+00 -3.773063e-01 5.682588e-01 -1.159219e+00 -1.237720e-01 2.005872e+00 -1.244061e+00 4.158001e-01 
-1.911092e+01 -1.107466e+00 -7.106370e+00 3.103970e-01 3.003355e+00 1.827911e+00 1.251094e+00 5.238625e-01 -3.931581e+00 -1.465355e+00 -4.315567e+00 -2.453785e+00 
-2.027482e+01 -1.273197e+00 -3.011278e+00 8.930060e-01 -9.445086e-03 3.837899e+00 -1.729251e+00 -3.345588e+00 -3.933629e+00 -1.600260e+00 -1.888468e+00 7.509141e-02 
-1.839674e+01 8.933536e-02 -1.164806e+00 2.420418e+00 6.012051e-01 2.122043e+00 -4.166400e+00 -2.047288e-01 4.370336e+00 2.385938e+00 -2.792000e+00 8.014916e-02 
-1.902007e+01 -1.901538e+00 -1.881200e+00 1.316792e+00 -3.210094e+00 -1.118045e+00 3.260286e+00 1.549783e+00 6.575271e-01 3.727995e+00 5.608521e-01 -4.582717e-01 
-2.074371e+01 -2.981106e+00 -3.775468e+00 -3.961714e-01 -3.927691e+00 3.881580e-01 -1.604072e+00 -1.750604e+00 5.547462e-01 5.143334e+00 3.255677e+00 2.713399e+00 
-1.927496e+01 -2.082029e+00 -3.662845e+00 -3.348341e+00 -5.132368e+00 2.382177e+00 -4.155103e+00 8.610741e-01 2.584568e+00 2.251699e+00 3.274314e+00 -9.125499e-01 
-1.898272e+01 8.399720e-01 -3.832604e+00 -1.494374e+00 -1.129340e+00 5.308455e-01 -2.802989e+00 3.623054e+00 2.209888e+00 7.036670e+00 4.384644e+00 -2.345274e+00 
-2.017993e+01 -6.828082e-01 -7.557962e+00 -3.084927e+00 -4.946181e+00 -3.361381e+00 3.997803e+00 4.004612e+00 2.877350e+00 -4.517342e-01 1.550042e+00 1.305965e+00 
-1.876367e+01 -1.872862e+00 -7.986480e+00 -1.630342e+00 -6.298810e+00 -3.302658e+00 -3.526044e+00 2.803092e+00 1.214428e+00 3.490365e-01 -2.917799e+00 1.340449e+00 
-1.937288e+01 -2.523555e+00 -6.101551e+00 1.008282e-01 -3.942653e+00 7.301959e-01 5.619320e-01 3.445371e+00 2.189005e+00 7.164450e-01 -1.191734e+00 -5.534494e-01 
-1.897313e+01 -3.135028e+00 -5.068713e+00 5.412713e-01 -1.500606e+00 9.248067e-02 -8.209121e-01 3.853418e+00 3.805245e+00 2.344634e+00 -1.452293e+00 -2.428037e+00 
-1.928909e+01 -1.309463e+00 -5.388453e+00 -2.633638e+00 -4.749465e+00 -2.495572e-01 -1.493741e-01 5.185052e-01 -3.586794e+00 -9.147421e-01 2.771835e+00 -1.879041e+00 
-2.137360e+01 -2.456082e+00 -4.433628e+00 3.292394e+00 9.990698e-01 -9.016958e-01 -5.795922e-01 -1.250293e+00 -1.597512e+00 1.552191e+00 2.618080e+00 -2.228026e+00 
-1.968530e+01 -2.536628e+00 -4.122128e+00 4.407254e+00 5.613078e-01 -2.534618e+00 -6.243830e+00 2.444748e+00 7.103508e-01 -1.514654e+00 -1.268791e+00 -6.951967e+00 
-1.868796e+01 -1.478989e+00 -4.107844e+00 -2.066911e+00 -3.940991e+00 9.037905e-01 -4.538774e+00 -5.318632e-03 9.994479e-01 3.513813e+00 1.303461e+00 -4.025367e+00 
-2.148363e+01 -2.067269e+00 -4.872034e+00 4.606977e-01 5.280601e-01 -1.569398e-02 -3.804420e+00 7.236206e-02 1.006263e-01 -7.395319e-01 5.149766e-01 3.241245e+00 
-1.935521e+01 -2.164261e+00 -6.082871e+00 -8.486230e-01 -2.206567e+00 -3.681784e+00 3.504317e+00 2.674516e+00 2.098099e+00 3.635394e+00 1.277656e+00 2.990119e-01 
-1.990284e+01 -2.296255e+00 -6.047711e+00 -2.321415e+00 -1.080577e+00 -6.317124e+00 -1.150806e+00 4.851710e-01 -3.596359e-01 1.372984e+00 2.357813e-01 1.734954e+00 
-1.996946e+01 -1.244521e+00 -3.756240e+00 -7.595273e-01 -1.411946e+00 -4.501336e+00 -3.476334e+00 -3.000043e+00 -1.202358e+00 1.993440e-02 4.693587e+00 3.988873e+00 
-2.154975e+01 -2.014556e+00 -4.300128e+00 -1.987887e+00 -4.148235e+00 9.686952e-01 5.400531e+00 6.132944e+00 2.936726e+00 -2.261129e+00 -5.477865e+00 -4.623102e+00 
-2.030460e+01 -1.262232e+00 -7.587079e+00 -2.799821e+00 -2.322934e+00 1.581685e+00 1.130435e+00 4.800467e+00 3.976001e+00 2.726366e+00 -2.803110e+00 1.844386e+00 
