-2.943033e+01 -4.762290e+00 5.072435e+00 -1.636859e+01 -8.835345e-01 -5.183531e+00 -3.112339e-02 -1.831347e+00 8.642483e-01 -2.827183e+00 1.635525e+00 -2.119394e+00 
-2.932097e+01 -7.016387e+00 1.995320e-01 -1.967627e+01 -4.484287e-03 -2.848432e+00 -6.580359e+00 -1.423730e+00 -1.926926e+00 -6.358513e-01 2.761483e+00 5.866251e-01 
-2.847453e+01 -4.611327e+00 1.461442e+00 -1.289776e+01 2.414108e+00 -5.648201e-01 -3.475979e-01 1.338187e+00 -4.164171e-01 -2.003569e+00 -1.291222e+00 2.114828e-01 
-2.855065e+01 -5.208146e+00 -1.413040e+00 -1.434534e+01 2.494699e+00 -7.982521e+00 -5.946358e+00 -1.988622e-01 -1.444529e-02 6.233542e+00 1.953026e+00 4.291265e-01 
-2.764110e+01 1.285310e+00 -3.079750e-01 -1.184988e+01 5.159443e+00 -1.906013e+00 3.852086e+00 -2.412033e-01 3.853485e+00 9.941906e-01 5.732241e-02 3.129030e+00 
-2.313334e+01 4.639574e+00 -8.441076e-01 -3.293510e+00 9.093050e+00 -5.462168e+00 5.059455e+00 2.196435e+00 3.025133e+00 -1.183198e+00 8.940675e-01 -1.482774e+00 
-1.710855e+01 4.099831e+00 3.062683e+00 1.757984e+00 8.619581e+00 2.072641e+00 -3.606970e+00 6.117019e+00 8.238223e-01 5.416738e+00 -2.537406e+00 -2.166797e+00 
-1.961173e+01 -6.461827e-01 -1.027192e+00 -7.343811e-01 5.730585e+00 4.589460e+00 -5.515715e-01 -1.629387e+00 -8.300844e-01 2.306136e+00 2.711978e+00 -1.568404e+00 
-1.978757e+01 -3.266727e+00 -4.401428e+00 -2.702363e+00 -1.191443e+00 5.628522e-01 1.871228e+00 -9.233656e-01 -1.533853e+00 -2.789569e+00 2.126480e+00 -2.200437e+00 
-1.965846e+01 5.309114e-01 -3.251039e+00 -4.044712e+00 -6.351930e-01 2.889370e+00 -2.385231e+00 -2.753106e+00 -3.926360e+00 -2.023349e+00 4.921834e+00 -2.810553e+00 
-1.504135e+01 -1.337046e+01 2.221211e+00 -2.771780e+00 3.650998e+00 -1.035699e+01 -3.588130e-01 -9.742414e+00 4.935325e+00 -3.287628e+00 -4.843667e+00 6.169925e+00 
-1.228428e+01 -9.783758e+00 1.066648e+00 -6.820491e+00 2.872686e+00 -3.822652e+00 5.930373e+00 -6.081924e+00 2.405013e+00 -6.268526e+00 -1.040347e+00 1.424579e+00 
-3.241307e+00 -3.808537e+00 2.063174e+00 -4.990458e+00 -1.044716e+00 -1.133374e+01 -2.927408e+00 -3.487446e-02 6.592792e+00 3.307600e-01 -4.590930e+00 -7.128767e+00 
1.232505e-01 -8.460251e+00 -6.037723e-01 -1.239416e+01 3.288779e+00 -1.678281e+01 -4.062231e+00 -2.776629e+00 6.831025e+00 4.912193e+00 -1.117025e+01 -7.900859e-01 
3.096886e-01 -1.064280e+01 -9.490680e-01 -1.482904e+01 3.307612e+00 -1.472836e+01 1.134190e+00 -1.180773e+00 6.833568e+00 7.823700e+00 -1.373185e+01 -2.332451e+00 
2.057968e+00 -1.305365e+01 -3.026209e+00 -1.390938e+01 3.487627e+00 -1.069368e+01 2.913091e-01 -2.387158e+00 6.840178e+00 7.727720e+00 -1.470408e+01 -2.117356e+00 
2.140829e+00 -1.443878e+01 -4.069252e+00 -1.326651e+01 4.094684e+00 -1.031913e+01 3.303600e+00 9.792958e-01 -7.469442e-01 5.602537e+00 -8.648102e+00 -4.582285e+00 
1.818055e+00 -1.540535e+01 -4.895815e+00 -1.468137e+01 4.145929e+00 -6.189552e+00 2.450906e+00 2.621854e-01 -2.443057e+00 6.146641e+00 -7.451050e+00 -5.750017e+00 
9.537914e-01 -1.700142e+01 -5.037154e+00 -1.684964e+01 4.138921e+00 -5.614106e+00 6.063552e+00 -3.132160e+00 -2.565097e+00 8.074351e+00 -5.808454e+00 -6.867289e+00 
2.064230e+00 -1.604932e+01 -6.090931e+00 -1.752037e+01 1.883262e+00 -2.899415e+00 6.241941e+00 -2.753778e+00 -3.896867e+00 8.434601e+00 -4.155436e+00 -7.872426e+00 
7.504920e-01 -1.089923e+01 -7.423212e+00 -1.587869e+01 1.433444e+00 3.457244e+00 6.409816e+00 -2.152266e+00 -5.446785e+00 7.226742e+00 -4.557059e+00 -1.154586e+01 
-4.641761e+00 -7.825795e+00 -5.499933e+00 -2.288181e+01 2.774138e+00 5.248194e+00 4.042040e+00 -6.852129e+00 -5.429750e+00 7.974480e+00 -2.791259e+00 -8.704264e+00 
-5.406302e+00 -4.043046e+00 -1.243030e+01 -5.110279e+00 -4.697570e+00 -4.695412e+00 -1.177862e+00 -3.277329e+00 -3.293274e+00 4.130408e+00 -7.691503e+00 -1.155351e+01 
-5.802784e+00 -7.644226e+00 -8.082792e+00 -7.115401e+00 -1.239184e+00 -3.856472e+00 6.386250e-01 -8.803852e+00 -8.687985e+00 4.560373e+00 -8.284073e+00 -1.061718e+01 
-1.131307e+01 -6.962620e+00 -1.451579e+01 -6.432731e+00 -1.221226e+00 5.159079e-01 -3.454866e+00 -1.226474e+00 4.708360e-02 1.206077e+01 -5.618996e+00 -1.780809e+01 
-1.304159e+01 -5.910432e+00 -1.397011e+01 -4.076547e+00 -1.536143e+00 1.416430e+00 -6.051934e-01 1.593570e-01 -8.099986e-01 7.244084e-01 -8.460133e+00 -1.176504e+01 
-1.418576e+01 -2.276992e+00 -1.225556e+01 -4.344044e+00 3.126220e-01 -1.494115e+00 9.609726e-02 1.486717e+00 -2.364069e-01 -1.120292e+00 -7.300302e+00 -6.746489e+00 
-1.677229e+01 -4.387572e+00 -1.178980e+01 -2.599786e+00 -2.502791e+00 -2.675798e+00 3.042765e-01 -5.219307e+00 -2.122191e+00 3.112240e+00 -1.633290e+00 -4.910534e+00 
-1.662246e+01 -2.640129e+00 -1.040504e+01 -6.202374e+00 -4.528943e+00 -3.026114e+00 -3.997394e+00 -1.265455e+00 1.365632e+00 2.984483e+00 6.328607e-03 2.791096e+00 
-1.848058e+01 -3.012779e+00 -9.856383e+00 -1.302978e+00 -7.937461e-01 3.858037e+00 5.072773e+00 4.160928e+00 3.572706e-01 -1.918289e+00 -2.424252e+00 -2.855917e+00 
-2.008000e+01 -9.203069e+00 -3.330355e+00 -1.773861e+00 -6.783727e+00 -5.399576e+00 6.408414e+00 4.772513e-01 2.246869e+00 2.148223e+00 3.080101e+00 -3.420559e-01 
-1.988922e+01 -1.246345e+01 2.956785e-02 -4.406828e+00 -1.025087e+01 -1.192382e+01 6.104557e+00 -1.639132e+00 2.396369e+00 1.528243e+00 6.725600e+00 6.354948e+00 
-8.361853e+00 -6.341884e-01 9.979330e+00 -1.483037e+01 -5.653269e+00 -5.528294e+00 -8.808647e+00 -9.354959e+00 -3.808219e-01 9.578738e-01 -1.024380e+01 4.853359e+00 
-1.005184e+01 -8.773828e-01 1.319792e+01 -1.263159e+01 -8.433643e+00 -1.136301e+01 -8.836685e+00 -9.106289e+00 -5.029558e+00 7.954208e-01 -9.523558e+00 1.014205e+01 
-2.186971e+01 -8.399452e+00 2.076937e+01 -7.514215e+00 -4.202201e+00 -1.531037e+01 -9.079561e+00 2.545581e+00 -8.039389e+00 -4.784725e+00 -1.217375e+01 1.152692e+01 
-2.240541e+01 -7.608243e+00 1.497926e+01 -8.457750e+00 -2.549657e+00 -8.677599e+00 -2.628808e+00 7.683304e+00 -5.704596e+00 -5.361254e+00 -5.909698e+00 1.113597e+01 
-1.934677e+01 1.285724e+00 1.529653e+01 -4.550525e+00 7.291526e-01 -8.445906e+00 -8.052333e+00 -2.745377e+00 -7.694623e+00 -5.038618e+00 -4.926299e+00 9.584433e+00 
-1.675446e+01 4.031588e+00 1.461309e+01 -4.110592e+00 1.907351e+00 4.755257e-01 -2.530676e+00 -3.681250e+00 -7.852260e+00 -3.058054e+00 -2.098562e+00 8.058888e+00 
-1.185552e+01 7.689017e+00 1.717866e+01 -2.387115e+00 2.438636e+00 4.760305e-01 -3.952183e+00 -5.147403e-01 -5.095409e+00 -6.685845e+00 -5.035731e+00 9.617563e+00 
-8.537692e+00 7.652207e+00 2.163470e+01 -4.535050e+00 4.941761e+00 -6.487370e+00 -7.305831e+00 -2.780662e+00 -9.821947e+00 -9.189113e+00 -7.978110e+00 1.559486e+01 
-8.052567e+00 5.403485e+00 2.414122e+01 -2.308413e+00 1.452278e+00 -1.461304e+00 -1.539678e+01 8.999903e-01 -7.553259e+00 -5.703346e+00 -3.872923e+00 7.635324e+00 
-9.626934e+00 8.009968e+00 2.456643e+01 -3.451797e+00 4.918547e+00 -3.425392e+00 -1.574025e+01 -4.048542e+00 -4.596822e+00 -5.536353e+00 -1.617657e+00 1.019455e+01 
-9.353298e+00 9.186648e+00 2.239506e+01 -6.804574e+00 2.435570e+00 -1.408303e+00 -1.168776e+01 -3.074697e+00 -5.836298e+00 -7.725415e+00 -1.807115e+00 8.339226e+00 
-9.140846e+00 8.102613e+00 1.901606e+01 -2.016598e+00 4.411353e+00 -4.217893e+00 -1.243847e+01 -6.390745e+00 -3.075380e+00 -8.391439e+00 -4.646763e+00 8.206703e+00 
-9.463620e+00 8.906230e+00 1.458685e+01 -8.011448e-01 5.392455e+00 -5.367270e+00 -1.088483e+01 -3.544818e+00 -9.213015e+00 -9.166414e+00 1.249907e+00 7.156713e+00 
-8.812291e+00 1.010318e+01 1.180659e+01 -3.209060e+00 6.962219e+00 -3.692924e+00 -1.144488e+01 -8.326347e-01 -2.643407e+00 -3.507151e+00 -1.106230e+00 2.468453e+00 
-1.130199e+01 7.838739e+00 9.115196e+00 6.093647e+00 7.021786e+00 2.451224e+00 -1.548393e-01 2.766695e+00 -5.271097e+00 -3.911175e+00 -1.053747e+00 4.887619e-01 
-1.267691e+01 5.637581e+00 1.319507e+00 4.898089e+00 4.655752e+00 6.193642e+00 2.964695e+00 7.504523e-01 -4.410795e-01 2.105096e+00 -6.112556e+00 -5.467641e+00 
-1.682624e+01 3.431046e+00 -7.427255e-01 -2.027652e+00 -4.174607e+00 -1.642015e+00 -4.820648e+00 -2.496035e+00 -5.856384e+00 -1.703955e+00 -5.161912e+00 -1.861484e+00 
-1.780757e+01 2.171647e+00 3.730744e-01 -8.714457e-01 -5.245060e+00 -4.878141e+00 -1.410924e+00 -8.165376e+00 -7.539784e+00 -1.337544e+00 2.311480e-01 -4.394714e+00 
-1.756958e+01 1.381265e+00 -3.563534e+00 -2.264199e+00 -4.092265e+00 -4.761538e+00 -5.234203e+00 -4.314014e+00 -4.017128e+00 -5.594395e+00 -5.251980e-01 -7.192370e-01 
-1.936749e+01 -1.059779e+00 -3.699506e+00 3.160022e+00 -1.992093e+00 -2.278034e+00 -3.203579e+00 3.905537e+00 -7.689284e+00 -4.478302e+00 -1.653762e+00 -5.566014e+00 
-1.866027e+01 -2.181037e+00 -5.438508e+00 -3.766162e+00 -1.341674e+00 2.584485e+00 -4.853327e-01 -1.420370e+00 -8.245586e+00 -2.562264e+00 -1.072730e+00 1.243634e+00 
-1.916659e+01 -5.150728e-01 -4.039434e+00 -3.497338e+00 -4.446600e+00 -6.054763e-02 -2.451470e+00 1.035751e+00 -1.064844e-01 -3.373557e+00 2.082558e+00 1.022932e+00 
-2.018598e+01 -1.439873e+00 -5.267947e+00 -1.269817e+00 -5.937964e+00 -1.756094e+00 2.769398e-01 3.739533e+00 3.106239e+00 3.144666e+00 -9.044795e-02 5.041629e-02 
-1.897967e+01 1.332874e+00 -5.426580e+00 -1.809233e+00 -5.664282e-01 -2.688922e+00 7.171303e-01 -4.656776e+00 1.121720e-01 -1.606030e+00 -9.886089e-01 -8.873296e-02 
-1.675783e+01 1.703042e+00 -6.215572e+00 -6.503738e-01 -4.572304e+00 -1.136228e+00 -3.088625e+00 -2.072632e-01 -6.543880e+00 -2.620631e+00 -6.346300e-01 -4.201536e+00 
-1.746360e+01 -5.932424e-01 -9.057850e+00 3.585985e-01 -1.674986e+00 -1.404264e+00 -8.460981e+00 -8.390194e-01 -1.651063e+00 -4.198959e-01 -5.776808e-01 6.595128e-01 
-1.977842e+01 -1.925435e+00 -3.697717e+00 -2.359702e+00 -4.372142e+00 6.627980e-01 -4.972486e-01 -1.344760e+00 -9.368701e-01 8.239555e-01 2.489020e+00 4.323776e+00 
-2.072795e+01 -1.157801e+00 -3.743637e+00 2.627239e+00 9.074153e-01 -5.158566e-01 3.484442e+00 -1.490602e+00 -5.608489e+00 -3.278873e+00 -5.330147e-01 3.385411e+00 
-1.937616e+01 -7.917685e-01 -6.383151e+00 -3.660752e-01 -1.100404e-01 1.209472e+00 2.214339e+00 1.594250e+00 2.897753e+00 7.649406e-01 5.698660e-01 -6.234127e-01 
-1.899172e+01 -1.258305e+00 -3.632117e+00 1.579800e+00 -2.481330e+00 2.888865e+00 3.868558e+00 -1.817242e-01 1.535981e+00 -1.374185e+00 -2.074368e+00 1.194702e+00 
-2.014503e+01 -8.186522e-01 -4.401428e+00 -1.724162e-01 2.242853e+00 -6.509062e-02 -2.910235e+00 1.488733e+00 2.013211e+00 -5.787820e-01 2.836307e-01 1.519894e+00 
-2.075445e+01 -1.060606e+00 -4.248758e+00 -3.051215e+00 -3.365198e+00 1.748574e+00 -1.259872e+00 7.825785e+00 1.037817e-01 6.092971e-01 2.194968e+00 -3.599575e+00 
-2.039169e+01 -1.399412e-01 -2.716695e+00 -8.656978e-01 3.466166e+00 -3.174792e-01 -3.151359e+00 2.154757e-01 -6.495658e-01 -2.539242e+00 -1.831301e-01 -4.898702e-01 
-2.174493e+01 -1.999127e-01 1.788250e+00 4.047847e+00 -4.328406e-01 -8.474953e-01 -5.708474e-01 8.011944e-01 1.000273e+00 -9.130914e-01 6.294208e-01 -1.998085e+00 
-2.036905e+01 -1.458087e-04 -3.635695e+00 -1.463298e-01 -5.712461e-01 -2.149316e+00 1.897163e+00 -7.781961e-01 4.719380e-01 -3.443920e+00 -5.789471e+00 1.562199e+00 
-1.984008e+01 1.472256e+00 -2.762019e+00 -2.365008e+00 -5.730356e+00 -2.497612e+00 -1.477514e+00 1.864091e+00 -2.376443e+00 -2.933539e+00 -3.021289e+00 1.079509e+00 
-1.946094e+01 1.423865e+00 -3.977412e+00 -3.550838e+00 -2.590390e+00 -2.156383e+00 -1.708473e+00 2.140652e+00 2.784526e-01 1.392379e+00 7.515082e-01 -7.110818e-01 
-1.925620e+01 1.029708e+00 -4.728833e+00 -1.421473e+00 -3.084508e-01 -2.927682e+00 -4.039801e+00 -1.192870e+00 3.783734e-01 1.971827e+00 1.093576e+00 3.685627e+00 
-2.114419e+01 -1.802597e+00 -3.781804e+00 -7.082946e-01 3.520038e+00 -5.547245e-01 -2.432194e+00 2.858771e+00 4.280881e+00 9.416609e-01 -4.414127e+00 -1.160641e+00 
-2.124246e+01 -1.748829e+00 -5.411075e+00 -1.600362e-01 2.676028e+00 3.756073e+00 4.189588e+00 2.627575e+00 1.965412e+00 -3.447163e+00 -5.610062e+00 -2.351310e+00 
-1.981937e+01 -7.049133e-01 -4.751494e+00 6.132734e-01 4.746791e-01 1.565066e-01 4.429310e+00 8.502563e-01 -1.257227e+00 7.691560e-01 -1.635895e+00 -1.375226e+00 
-1.949129e+01 -1.349296e+00 -5.013299e+00 3.369335e-01 -2.571994e+00 -1.446161e+00 -1.231484e+00 1.247456e+00 3.483294e+00 2.626178e+00 1.497060e+00 7.324005e-01 
-1.879805e+01 -4.618772e+00 -4.605981e+00 -3.037508e+00 -3.454110e+00 -4.343582e+00 -5.215160e-02 -1.240924e+00 2.842580e+00 4.766758e-01 9.372447e-01 -1.574521e+00 
-5.129776e+00 -3.413553e+00 -4.019158e+00 -9.819553e+00 -5.515739e+00 -8.554433e+00 -2.379624e+00 -1.874024e+00 -7.978795e-02 -3.751641e+00 -9.454317e-01 2.045398e+00 
-8.450013e+00 -2.811357e+00 -3.879608e+00 -1.299061e+01 -4.681365e+00 -1.542344e+01 2.490509e+00 -7.481533e+00 7.211046e-01 -4.725386e+00 4.280593e-02 3.856378e+00 
-9.634160e+00 -1.552371e+00 4.708055e+00 -3.878908e+00 -5.590636e+00 -1.663743e+01 1.776601e+00 -5.703878e+00 1.906426e+00 1.828986e-01 1.458349e+00 2.974080e+00 
3.111339e-01 -6.314102e+00 9.258921e+00 1.831380e+00 -1.279867e+01 -9.167233e+00 -4.341205e+00 -4.593600e+00 -8.987324e-01 -1.847601e+00 -4.143525e+00 4.547536e+00 
-9.182979e-01 -9.203897e+00 1.400301e+01 -5.654558e+00 -1.081194e+01 -1.425135e+01 -7.971375e+00 -5.638105e-02 -7.258582e+00 3.720222e+00 -4.479638e+00 6.469121e+00 
-3.047643e+00 -9.945060e+00 1.522138e+01 -7.173322e+00 -8.323707e+00 -1.385611e+01 -6.054303e+00 1.053897e+00 -8.448480e+00 4.349282e+00 -4.355689e+00 5.303937e+00 
-3.018738e+00 -1.193777e+01 1.586665e+01 -9.257146e+00 -7.553717e+00 -1.616496e+01 -6.527438e+00 2.463915e-01 -7.701997e+00 5.959220e+00 -5.610062e+00 6.114877e+00 
-1.384152e+00 -1.058903e+01 1.319970e+01 -6.794405e+00 -1.298876e+01 -1.675151e+01 -6.038181e+00 -1.227146e+00 -8.510517e+00 5.607401e+00 -2.728354e+00 6.361064e+00 
-1.224432e-01 -7.133849e+00 1.092218e+01 -3.837347e+00 -1.844877e+01 -1.770049e+01 -4.002651e+00 -1.911325e+00 -7.882007e+00 -2.970024e-01 -5.840085e-01 5.402310e+00 
-5.810493e+00 -2.251348e+00 9.814734e+00 -1.807906e+00 -1.713260e+01 -1.820527e+01 -9.776646e+00 -3.000096e+00 -5.918422e+00 8.213614e-01 5.958832e+00 6.974238e+00 
-1.170040e+01 -2.869674e+00 1.809719e+00 7.552016e-01 -1.599426e+01 -9.460508e+00 -3.637110e+00 -3.275649e+00 1.387498e+00 2.828190e+00 3.864363e+00 1.740086e+00 
-1.353009e+01 -9.820226e-01 2.814595e+00 2.546768e+00 -1.161128e+01 -1.003293e+01 -2.095976e-02 1.505535e+00 -3.006732e+00 -4.417341e+00 -1.340355e+00 3.935382e+00 
-9.037751e+00 4.426985e+00 3.027033e-01 -7.171375e-01 -1.530618e+01 -2.018803e+01 -8.403504e+00 -4.444734e+00 -3.721688e+00 -5.192641e+00 -2.778975e+00 1.694212e+00 
-8.588276e+00 4.001395e+00 9.616871e-01 -8.860365e-01 -1.961033e+01 -2.621002e+01 -1.340331e+01 -4.731713e+00 -8.487298e-02 -8.018711e-01 3.838308e+00 9.555380e+00 
-1.357827e+01 2.000346e-01 -5.943629e+00 -3.468157e+00 -1.174224e+01 -1.626945e+01 -1.028483e+01 -5.797297e+00 -2.875539e+00 1.899193e+00 9.688824e+00 1.037804e+01 
-1.660560e+01 6.520236e-02 -3.764510e+00 -3.996519e+00 -9.102895e+00 -7.625643e+00 -6.944848e+00 -8.931220e-01 -4.157475e+00 9.372780e-02 8.940675e-01 3.619875e+00 
-1.885875e+01 -2.816734e+00 -2.113770e+00 -9.665067e-01 -6.695252e+00 -6.090616e+00 -1.996209e+00 4.437489e+00 2.498578e+00 2.584506e-01 -1.354863e-01 1.659043e+00 
-1.873061e+01 -3.971979e-01 -4.934579e+00 -8.223677e-01 -5.111911e+00 1.656200e+00 1.162227e+00 -1.164643e+00 2.609432e+00 -1.121756e-01 5.918350e-02 -9.985549e-01 
-1.947202e+01 2.103745e-01 -2.918863e+00 -1.387428e+00 1.358985e+00 -2.468840e+00 -7.352094e+00 -1.424738e+00 -9.732281e-01 3.573491e-01 -7.930839e+00 -2.913004e+00 
-2.084020e+01 -3.492208e-01 -4.660847e+00 2.222235e+00 1.514472e+00 -4.660077e+00 -4.701138e+00 -1.958370e+00 -3.212930e+00 2.176757e+00 -2.865984e-02 -1.280931e+00 
-2.062823e+01 -3.751048e+00 -1.693332e+00 -3.093661e+00 4.821250e-01 -3.456184e+00 3.645308e+00 -1.395502e+00 -5.163040e+00 6.591522e+00 -2.594728e+00 -3.692342e+00 
-1.787839e+01 -6.225179e+00 3.802773e+00 -9.003798e+00 -1.453362e+00 -1.887662e+01 6.693697e+00 2.736788e+00 -1.671403e+00 3.477030e+00 -1.018350e+01 -4.050154e+00 
-1.704448e+01 -4.770562e+00 -7.952057e-01 -3.529172e+00 -6.976005e+00 -1.480105e+01 1.875434e+00 5.777282e+00 1.065107e+00 3.156339e+00 -8.479115e+00 -4.989539e+00 
-1.799449e+01 -2.101213e+00 -6.154743e+00 -2.640021e+00 -4.366448e+00 -1.311386e+00 -1.386391e+00 -2.118326e+00 5.853428e+00 2.096666e+00 -2.242610e+00 1.540791e+00 
-2.214623e+01 -3.186489e+00 -2.338003e+00 -2.621009e+00 -7.581310e+00 -2.940301e+00 1.638166e+00 2.932027e+00 3.288538e+00 5.049678e+00 6.528705e-01 -4.638752e-01 
-2.099773e+01 -8.335417e-01 -1.698699e+00 -3.364516e-01 -1.643889e+00 2.155655e-01 -9.283269e-01 5.337061e-01 -6.988906e-01 -7.807944e-01 2.320777e+00 -1.268188e+00 
-1.905579e+01 -3.890843e+00 -4.228482e+00 1.654080e+00 -7.324272e-01 4.646513e-02 -7.176943e-01 -1.289986e+00 -1.489359e+00 -2.839180e+00 -1.047791e+00 -2.060778e+00 
-1.588827e+01 -5.275149e+00 -4.415144e+00 5.920326e+00 1.290658e+00 -1.117551e+00 2.308615e+00 4.604501e+00 -1.321299e+00 -8.742286e+00 -1.056167e+01 -3.582245e+00 
-1.989356e+01 -2.559064e+00 -4.739567e+00 2.877934e+00 1.410230e+00 4.412009e-01 -1.479967e+00 2.162158e+00 1.120280e+00 -2.417321e+00 -1.640734e+00 -8.150615e-01 
-2.085851e+01 -3.186147e-01 -1.576445e+00 2.738659e+00 -4.012550e+00 -2.124856e-01 1.827770e+00 2.690414e+00 3.428376e+00 1.207552e+00 -1.188862e+00 3.944666e-01 
-1.907988e+01 -1.851401e+00 -5.936473e+00 -6.612296e-03 1.023858e-01 3.891353e+00 2.126371e+00 1.489069e+00 6.450834e-01 7.130594e-01 -3.629112e-01 1.039352e-01 
-1.915985e+01 -2.357229e+00 -5.711643e+00 -2.181518e+00 -1.003106e+00 3.128634e+00 -5.291329e+00 -4.523368e+00 -3.095212e+00 -1.734603e-01 3.521187e-01 2.606583e+00 
-2.017008e+01 -7.293155e-01 -1.688561e+00 5.544683e-01 -1.277289e+00 6.824844e-01 6.239839e+00 -2.872409e-01 -3.127248e+00 -3.726024e+00 6.223487e-01 2.160702e-01 
-1.862848e+01 -2.800190e+00 -6.093317e+00 -3.121337e-01 -7.234420e+00 -4.936464e-01 4.072298e-02 8.393022e+00 2.292634e+00 2.259443e+00 -4.094392e+00 -8.451340e-01 
-1.955537e+01 -1.565193e+00 -2.501407e+00 3.071593e+00 -6.087319e+00 -4.850883e+00 8.878093e-01 3.932412e-01 -2.814772e+00 -7.175642e-01 -1.805999e+00 1.078490e+00 
-2.079395e+01 -5.622227e-01 -5.004950e+00 3.526559e+00 3.957593e+00 -1.573870e+00 6.365222e-01 9.574532e-01 -4.133575e+00 -7.244541e+00 -4.344895e+00 3.195401e-01 
-2.089319e+01 -1.144979e+00 -5.799309e+00 1.178333e+00 3.318124e+00 2.575399e+00 3.085607e+00 4.049026e+00 -6.899918e-01 -3.541522e+00 -1.264422e+00 -4.233138e+00 
-1.980829e+01 -1.048612e+00 -1.625346e+00 4.040330e+00 8.066772e-01 7.233713e-01 2.577426e+00 7.400267e-02 -2.100325e+00 2.497448e+00 -5.332760e+00 -1.267169e+00 
-1.870074e+01 -1.005184e+00 -2.767386e+00 3.466606e-01 -7.188495e-01 1.572911e+00 1.732092e+00 2.456194e+00 7.068665e-01 8.659414e-02 -1.591601e+00 2.160702e-01 
-1.875421e+01 -1.695062e+00 -4.978710e+00 -2.253587e+00 -3.954735e+00 -2.628349e+00 1.293654e+00 -1.291330e+00 -5.710021e-01 -1.748379e+00 5.054724e-01 4.219907e-01 
-1.883611e+01 -5.804924e-02 -5.387816e+00 7.021443e-01 -3.825966e+00 -2.255824e+00 1.870177e+00 5.344462e+00 3.917556e+00 -9.409776e-01 -7.623007e-01 4.970591e+00 
-1.944986e+01 -1.082940e+00 -4.081776e+00 1.873383e+00 6.161506e-01 -2.165468e+00 -1.790483e+00 -7.775241e-01 -1.270448e+00 2.635581e+00 2.225870e-01 2.614738e+00 
-1.987332e+01 4.320620e-01 -5.058623e+00 -1.786241e+00 -3.636378e-01 1.069144e+00 -2.084177e+00 6.570330e-01 3.887300e+00 1.835963e+00 -1.646690e+00 2.824227e+00 
-1.901195e+01 -2.294776e+00 -5.604894e+00 -2.966587e-01 -2.892604e+00 -3.999324e+00 -6.184327e+00 5.421071e-01 4.967361e+00 2.117094e+00 -2.151408e-01 -9.781668e-01 
-1.955200e+01 -2.437053e+00 -6.790468e+00 3.219006e-01 -2.534765e+00 6.804653e-01 -2.083476e+00 7.931294e-01 -1.767256e+00 -1.998381e+00 -2.704904e+00 2.017874e+00 
-1.991764e+01 -2.709199e+00 -5.091423e+00 6.853428e-01 -2.994219e+00 1.721547e-01 1.286910e-01 4.057763e+00 -3.063261e-01 2.535386e+00 -3.524155e+00 1.164120e+00 
-1.784611e+01 -6.255029e-01 -3.970256e+00 2.955309e+00 5.925053e+00 6.870043e+00 3.057219e+00 5.712762e+00 1.155875e+00 -9.318984e-01 7.563470e-01 2.639714e+00 
-1.979865e+01 -1.785640e+00 -3.395359e+00 2.139112e+00 -9.395975e-01 3.346698e+00 5.290765e+00 -2.338768e+00 -2.304998e+00 5.611395e-02 1.352640e+00 -2.558250e+00 
-2.012817e+01 -2.921374e+00 -2.988042e+00 6.566035e-01 -4.518431e+00 1.872749e+00 4.695667e+00 -4.771038e-01 2.521460e+00 4.335014e+00 1.078315e+00 -7.054750e-01 
-1.955248e+01 9.329267e-01 -2.937947e+00 2.994218e+00 -9.952225e-01 3.350737e+00 7.227463e+00 9.883025e+00 4.266644e+00 1.510408e+00 1.260330e+00 -9.149635e-01 
-2.038639e+01 1.497485e+00 -2.751285e+00 1.145172e+00 -3.932836e+00 3.481979e+00 4.928730e+00 1.227967e+01 4.399108e+00 -3.786985e+00 2.247451e+00 -4.441097e+00 
-1.909722e+01 -1.946942e+00 -4.488497e+00 -1.569412e-01 -1.556290e+00 -5.247133e+00 5.579320e-02 -1.817569e+00 7.648359e-01 3.295770e+00 -2.455146e+00 -3.683676e+00 
-1.896137e+01 3.410709e-01 -2.007617e+00 -5.486807e-01 -3.256576e+00 -2.724761e+00 -1.576697e+00 -1.796063e+00 4.489876e+00 -4.393514e-01 -1.896075e+00 -1.898693e+00 
-2.000677e+01 -1.799702e+00 -5.495162e+00 -1.386101e+00 2.553828e+00 3.260381e+00 -2.666659e+00 5.895905e+00 1.427924e+00 -3.772393e+00 -1.899798e+00 -1.262072e+00 
-1.942289e+01 -2.300566e+00 -6.271034e+00 -4.005625e-01 4.895075e-02 2.946915e+00 -1.099006e+00 6.906371e-01 -3.369041e+00 -3.404361e+00 -1.426337e+00 -8.828521e-01 
-1.900521e+01 -1.813764e+00 -3.838459e+00 2.099319e+00 -2.080567e+00 5.402151e+00 -2.544695e+00 -2.720174e+00 -3.902206e+00 -4.897566e+00 5.918350e-02 1.109582e+00 
-1.829173e+01 -8.058307e-01 -3.747215e+00 -3.824346e-01 -5.617792e+00 1.584016e+00 7.458689e-01 1.670859e-01 1.528353e+00 3.311982e+00 4.395890e+00 2.700988e-01 
-1.826764e+01 1.336596e+00 -3.210486e+00 2.082075e+00 -6.768022e-01 3.187189e+00 -3.139092e+00 2.207860e+00 -2.067019e+00 -2.073609e+00 4.169582e+00 2.400662e+00 
-1.874121e+01 -1.717396e+00 -6.940753e+00 2.039629e+00 -4.847801e+00 -2.293682e+00 4.289122e+00 4.326931e+00 1.075023e+00 4.466339e+00 1.526093e+00 -3.750957e+00 
-1.772423e+01 6.409279e-01 -3.278472e+00 -1.635470e+00 -4.282353e+00 -1.473419e+00 -3.949114e-01 2.046897e+00 3.468463e-01 2.347798e-01 -7.879837e-01 3.300800e+00 
-1.706278e+01 9.457482e-01 -5.859541e+00 4.788617e-01 -4.292865e+00 -7.613024e+00 -4.875321e+00 2.811053e+00 -1.736746e+00 -8.968785e-01 1.263680e+00 -4.271765e-01 
-1.985791e+01 -2.076811e+00 -1.089214e+00 4.077913e+00 3.451274e+00 8.561277e-01 -6.660265e+00 -2.501076e+00 -3.099534e+00 -3.740940e+00 2.572024e+00 6.130678e+00 
-2.117309e+01 -2.796468e+00 -2.538382e+00 2.193496e+00 -8.344794e-01 8.475465e-01 -2.458129e+00 2.844657e+00 -6.001562e+00 -1.882621e+00 1.297551e+00 6.293273e+00 
-2.010071e+01 -2.325867e-01 -3.353017e+00 2.759176e-01 -9.689430e-01 3.264420e+00 5.545207e+00 1.663810e+00 -9.046652e-02 -3.086913e+00 -4.384714e-01 -2.398203e+00 
-2.036616e+01 4.796255e-01 -4.676353e+00 -4.501447e+00 -5.325651e+00 6.334475e+00 2.071347e+00 3.706601e+00 5.670366e+00 -2.797351e+00 -2.860863e+00 -1.894105e+00 
-2.030787e+01 3.290766e-01 -1.762511e+00 1.680345e-01 -5.604214e+00 -1.945890e+00 5.263078e+00 6.211111e+00 -1.581906e+00 1.637517e+00 -3.740413e+00 1.011718e+00 
-1.993740e+01 4.630817e-01 -4.326882e+00 1.669113e+00 2.203872e+00 -1.384578e+00 -5.298424e-01 -9.095880e-01 -4.260193e+00 3.124886e+00 4.014367e+00 2.423599e+00 
-1.965124e+01 -4.079514e-01 -2.320112e+00 -1.737163e+00 -1.353062e+00 -3.086687e+00 -4.685367e+00 4.059107e+00 2.123302e+00 1.156644e+00 -2.106750e+00 2.278843e+00 
-1.869303e+01 2.765499e-01 -3.932685e+00 1.158616e-01 -7.324272e-01 -1.834839e+00 -5.709440e+00 -1.003007e+00 5.339077e+00 5.325297e+00 6.651537e-01 1.411327e+00 
-1.900135e+01 -1.214009e-02 -5.292994e+00 1.211494e+00 -1.734115e+00 -1.121084e+00 -4.781045e+00 -9.925900e-01 1.067904e+00 1.177720e+00 3.241643e+00 4.843675e+00 
-2.005398e+01 2.612468e-01 -4.101456e+00 -1.802601e+00 -4.670040e-01 2.549655e+00 2.454411e+00 -1.782285e+00 -2.999105e+00 1.540889e+00 -7.653537e+00 -2.298301e+00 
-1.941325e+01 -9.030258e-01 -6.068270e+00 -2.606418e+00 -3.387536e+00 1.204424e+00 1.761882e+00 1.294494e-01 -6.477860e-01 -5.597638e+00 -5.243056e+00 2.539812e+00 
-1.920080e+01 -1.496122e+00 -5.431351e+00 -3.834252e+00 -2.718722e+00 1.458832e+00 -7.165293e+00 2.887326e-01 -9.638208e-01 8.028787e-01 1.066776e+00 1.421521e+00 
-2.166978e+01 -6.424603e-01 -2.077856e-01 4.054479e+00 -2.053411e+00 -1.525916e+00 6.505410e-01 -1.156914e+00 -1.324350e+00 5.074803e-01 -3.503683e+00 -5.005849e+00 
-1.930630e+01 -1.415058e+00 -4.378170e+00 3.494923e-02 -1.219913e+00 -5.229970e+00 -3.718770e+00 -1.842100e+00 -1.303840e-01 2.673520e+00 8.951842e-01 3.679620e-01 
-1.969508e+01 -1.217359e+00 -4.551712e+00 -1.184747e-01 6.690843e-02 -5.403614e+00 -9.528513e+00 -3.187607e+00 1.661581e+00 1.261535e-01 1.057107e-01 3.478177e+00 
-1.918876e+01 -1.248378e+00 -5.925142e+00 -3.393434e+00 -1.911940e+00 -3.139184e+00 -4.474383e+00 -1.857894e+00 7.061037e-01 3.956282e+00 4.946781e-01 1.467394e+00 
-1.875277e+01 6.023920e-02 -1.913391e+00 1.998952e+00 -2.439283e+00 -6.154723e+00 -7.163891e+00 1.763951e+00 7.203419e-01 2.231557e+00 -6.461688e-01 3.812033e+00 
-2.022982e+01 -1.654530e+00 -4.604192e+00 2.185979e+00 -4.223288e-01 -1.974663e+00 -8.733031e-01 1.186961e-01 -3.012580e+00 1.755547e+00 3.226010e+00 -6.845772e-01 
-1.984249e+01 -5.598126e-02 -3.844423e+00 -1.003647e+00 -2.355188e+00 -4.108630e-01 2.780698e+00 4.232504e+00 2.572311e+00 -5.899743e-02 3.221544e+00 -3.973188e+00 
-1.967725e+01 -4.782627e-01 -4.044205e+00 -1.242226e-01 2.354541e+00 2.195806e+00 -1.297372e+00 -1.063495e+00 3.887300e+00 -5.366286e-01 5.322720e-01 2.143772e+00 
-1.861354e+01 -6.449419e-01 -4.833197e+00 -4.748426e-01 -2.503667e+00 4.542011e+00 3.339698e+00 8.939416e-01 1.187911e+00 -1.716277e+00 -1.657856e+00 -1.085714e+00 
-1.930486e+01 -8.132755e-01 -6.285347e+00 -3.151139e+00 -4.827717e-01 2.810120e+00 4.588338e-01 2.308672e+00 2.286786e+00 -2.202987e+00 -3.731480e+00 -2.570992e+00 
-1.973940e+01 -2.125615e+00 -4.483727e+00 -2.781507e+00 -2.607097e-01 3.041813e+00 -1.443167e+00 2.404444e+00 6.585587e-01 1.077849e+00 8.352571e-01 -1.716728e+00 
-1.976252e+01 -1.384038e+00 -5.409882e+00 -1.874228e+00 2.424182e+00 3.958993e+00 -1.444920e+00 1.292822e+00 -4.461051e+00 -5.428699e+00 -6.291593e+00 -6.782678e+00 
-2.063257e+01 -3.417276e+00 -4.602403e+00 1.873826e+00 -3.596959e-01 2.746013e+00 -2.680412e-01 -2.304156e+00 3.457361e+00 1.165074e+00 -1.404748e+00 -2.452121e-01 
-1.960258e+01 -9.328047e-01 -2.970747e+00 -2.430003e+00 -3.691940e+00 -4.815044e+00 -1.530785e+00 -3.905725e+00 5.418572e-01 1.742577e+00 -9.279374e-01 2.853790e+00 
-1.990897e+01 -1.135053e+00 -2.185930e+00 -8.798465e-01 -1.011866e+00 3.159426e+00 2.330695e+00 3.897136e+00 8.990808e-01 -3.217913e+00 -1.952652e+00 -2.941437e-01 
-1.939639e+01 3.046029e-02 -4.573181e+00 -1.898546e+00 -2.755075e+00 1.280141e+00 -1.286507e+00 -1.511436e+00 -2.276522e+00 1.192636e+00 3.903074e+00 3.963925e+00 
-1.781287e+01 1.272902e+00 -7.356419e+00 -1.112414e+00 -5.579686e+00 1.837645e-01 -3.087924e+00 -4.159527e-02 -2.850622e+00 -7.185370e-01 2.173751e+00 1.948045e+00 
-2.121452e+01 7.388787e-02 -1.619979e+00 -3.090387e-01 -4.830282e+00 -5.900589e-01 -2.388035e+00 -2.552490e+00 1.282238e+00 1.580772e+00 -1.940369e+00 -2.899242e+00 
-1.882840e+01 -3.230744e+00 -4.876135e+00 4.218251e-01 -2.808072e+00 -6.905096e-01 -1.148857e-01 1.543172e+00 -1.819377e+00 -4.158259e+00 -1.829821e+00 -1.384401e+00 
-2.022693e+01 -2.969351e+00 -5.056834e+00 -5.045726e+00 -1.325907e+00 3.419891e+00 -1.601930e+00 -1.716757e+00 -1.533853e+00 -6.081106e+00 -2.938284e+00 -1.611729e+00 
-2.085658e+01 -1.561471e+00 -3.607666e+00 1.322914e+00 -4.131684e+00 -2.020093e+00 -1.135805e+00 4.839721e-01 -4.415541e+00 -2.040210e+00 -1.728950e+00 -1.843644e+00 
-2.133255e+01 -2.756763e+00 -4.071042e+00 2.709035e+00 1.642366e+00 -1.305833e+00 -2.146561e+00 5.874734e+00 4.868457e+00 -3.018662e-01 -9.871200e-01 -2.678030e+00 
-2.071543e+01 -3.191452e+00 -4.672178e+00 1.276047e+00 -1.548845e+00 -1.488836e-01 -2.948787e+00 4.019782e-01 -1.236124e+00 -4.117895e-01 1.571876e+00 -2.129079e+00 
-1.953272e+01 -1.325721e+00 -5.693752e+00 -4.241024e+00 -2.366576e+00 3.162455e+00 1.988986e+00 4.746646e+00 2.999962e+00 -3.115124e+00 -2.435419e+00 -1.364013e+00 
-2.035893e+01 -5.150728e-01 -2.538978e+00 -8.442961e-02 3.601067e+00 9.081198e-01 4.094175e-01 1.616765e+00 -1.689455e+00 3.246482e+00 -6.822739e-01 -3.776253e-02 
-2.095534e+01 -2.112380e+00 -3.245672e+00 2.004700e+00 3.167455e+00 2.564798e+00 -3.612663e-01 -1.163299e+00 2.952332e-01 1.367411e+00 1.318395e+00 7.182387e-02 
-2.086525e+01 -2.241009e+00 -5.067568e+00 1.746667e-01 2.598503e+00 4.428436e+00 -1.990602e+00 -4.431629e+00 -3.160555e+00 -4.752947e+00 -3.024639e+00 2.328285e+00 
-2.042686e+01 -5.589139e-01 -6.407005e+00 -6.618432e+00 -3.239056e+00 1.030781e+00 2.040155e+00 -1.279577e-01 -4.104845e+00 -9.205493e-01 3.299337e+00 2.849712e+00 
-1.976975e+01 -2.688933e+00 -5.999091e+00 6.367070e-01 4.505895e-01 3.650069e+00 -4.939457e+00 -1.554450e+00 -1.586737e+00 4.208554e+00 1.609470e+00 -8.160809e-01 
-2.000292e+01 -2.478826e+00 -4.456294e+00 5.867448e-01 5.443199e-01 5.317853e+00 1.514715e-01 -5.291901e-01 7.681412e-01 9.698713e-01 3.833932e-02 -2.625021e+00 
-2.025680e+01 8.670934e-02 -4.407988e+00 -3.915164e+00 -2.611851e+00 4.649254e-01 -2.346679e+00 -1.276217e-01 7.401735e-01 1.751656e+00 2.252661e+00 9.576898e-01 
-1.833798e+01 -3.285410e-01 -5.238129e+00 -1.689412e+00 -5.652831e+00 -1.098369e+00 -9.578279e+00 -5.426317e-01 2.810290e+00 4.416728e+00 4.041167e+00 -7.700976e-02 
-1.761776e+01 4.295804e-01 -2.200839e+00 3.250662e+00 6.520659e-01 2.056993e+00 -4.544913e-01 6.896206e-02 -1.110270e+00 3.401634e-01 4.652810e-02 6.279112e-01 
-1.960113e+01 -1.346401e+00 -2.625451e+00 1.848181e+00 2.762687e-01 3.569031e-01 4.437636e-01 -1.360890e+00 -2.262029e+00 4.468441e-01 8.266961e-01 2.751849e+00 
-1.948310e+01 -1.383211e+00 -3.854561e+00 -1.788452e+00 -2.178239e+00 -3.760060e+00 -1.535692e+00 1.547876e+00 -9.104279e-01 -1.871272e+00 -3.053672e+00 1.704406e+00 
-1.913094e+01 -3.402386e+00 -7.610471e+00 -2.677161e+00 -2.287996e-02 -6.206196e-02 -3.162924e+00 -7.314865e-01 3.433715e+00 3.012693e+00 1.854761e+00 1.057082e+00 
