-2.919097e+01 -6.013922e+00 3.518729e+00 -1.489938e+01 2.533243e+00 4.394866e+00 -3.004844e+00 -1.635847e+00 -1.676835e+00 -4.786069e+00 1.005119e+00 -3.478723e+00 
-2.847777e+01 -6.518158e+00 2.622669e+00 -1.531810e+01 2.611442e+00 -4.889929e+00 -9.879586e+00 -4.052057e+00 -3.944130e+00 2.393577e+00 4.052788e+00 -6.361299e+00 
-3.007446e+01 -7.123330e+00 -2.357169e+00 -1.758539e+01 4.074019e-01 -4.807441e+00 -1.833859e+00 -2.678110e+00 -6.291437e+00 2.073112e+00 4.093244e+00 -5.954695e+00 
-2.836746e+01 -4.545926e+00 -1.691117e+00 -1.324658e+01 8.795073e+00 -3.297271e+00 -5.804424e+00 -6.497894e+00 -2.411381e-01 1.420049e+00 -1.867399e-01 3.630330e-01 
-2.590456e+01 -1.039292e+00 -8.462422e-01 -1.060115e+01 7.927383e+00 -5.374706e+00 3.506671e+00 -6.595207e+00 -2.767746e+00 4.773314e+00 2.381013e+00 -2.142022e+00 
-1.957424e+01 -1.432853e+00 -3.242862e+00 -9.423388e+00 4.894753e+00 -1.531599e+00 2.155502e+00 -7.522332e+00 -3.571710e+00 4.397921e+00 8.827761e+00 4.936339e+00 
-2.210677e+01 -2.376248e+00 -1.510350e+00 -2.345400e+00 2.725527e+00 2.714220e+00 7.910572e-02 -3.250098e-01 -7.565377e-02 -1.346875e+00 -4.058597e+00 1.393243e+00 
-9.542193e+00 -6.411025e+00 -8.258984e+00 -5.654553e+00 -4.875331e+00 -6.653063e+00 -4.244880e+00 -1.114355e+00 -5.731682e+00 4.761743e-01 -2.827868e+00 -3.749979e+00 
-1.275692e+01 -6.012151e+00 -8.461132e+00 -5.786116e+00 -6.558222e+00 -1.143270e+00 -6.100644e+00 -6.198487e+00 -2.894671e+00 9.364859e-01 -4.213281e+00 -8.595728e-01 
-1.226027e+01 -8.724136e+00 -5.437335e+00 -1.039317e+01 -2.402415e+00 -3.017234e+00 -5.935169e+00 -7.533172e+00 -1.251074e+00 5.036494e+00 -2.472095e+00 -2.468088e+00 
-7.217566e+00 -3.100950e+00 7.696460e-01 -6.352544e+00 -8.737801e-01 -1.054947e+01 -2.964804e+00 -3.583075e+00 8.356333e+00 4.791848e+00 -2.081419e+00 -5.292497e+00 
1.823725e+00 -7.112263e+00 8.000978e-01 -1.105650e+01 1.502191e+00 -7.528284e+00 -6.839762e+00 6.011516e-01 7.932822e+00 4.751074e+00 -6.945632e+00 -8.784698e+00 
1.522281e+00 -9.847712e+00 -1.980085e+00 -1.474379e+01 4.422344e+00 -7.552396e+00 -7.086952e+00 1.983770e+00 7.616313e+00 7.451950e+00 -1.365574e+01 -3.828838e+00 
1.118661e+00 -1.008633e+01 -5.028497e-01 -1.669714e+01 5.142741e+00 -4.807864e+00 -4.334767e+00 1.744823e+00 4.634704e+00 6.731154e+00 -1.329283e+01 -1.018411e+00 
1.724091e+00 -1.044669e+01 -3.081533e+00 -1.802734e+01 4.924747e+00 -3.974912e-01 -3.215262e+00 1.724830e+00 2.080141e+00 4.760846e+00 -7.546917e+00 -4.813187e+00 
1.664108e+00 -9.736594e+00 -5.613566e+00 -1.814079e+01 6.095057e+00 -2.205888e+00 2.439055e+00 5.462323e-01 -4.548216e-01 6.790126e+00 -9.880660e+00 -9.289246e-01 
3.238937e+00 -1.075923e+01 -9.582017e+00 -1.482848e+01 4.721750e+00 -4.978339e+00 5.494405e+00 2.518840e-01 -4.766732e+00 7.129462e+00 -8.384589e+00 -2.304776e+00 
2.073828e+00 -1.330476e+01 -9.352656e+00 -1.688700e+01 5.297532e+00 -3.542621e+00 3.597375e+00 6.801584e-01 -5.861177e+00 7.364336e+00 -8.388952e+00 -2.128040e+00 
2.703150e+00 -1.337471e+01 -9.059801e+00 -1.364481e+01 -1.663807e+00 1.466744e+00 4.153859e+00 1.600539e+00 -5.748713e+00 -1.248141e+00 -1.027189e+00 -1.782400e+00 
6.631909e-01 -6.579693e+00 -8.582939e+00 -8.766362e+00 4.861367e-01 3.814909e+00 8.341379e+00 2.733852e+00 -6.023128e+00 -2.141131e+00 -7.214942e+00 -1.023829e+01 
-2.889072e+00 -9.559513e+00 -6.347649e+00 -7.782400e+00 2.994940e+00 6.718951e-01 4.043543e+00 1.351234e+00 -3.821383e+00 1.041960e+00 -8.482160e+00 -7.290277e+00 
-6.194283e+00 -1.460763e+01 -1.004527e+01 -1.210900e+01 1.985313e+00 -2.093365e+00 1.490744e+00 1.689422e+00 -5.194088e-01 2.806375e+00 -9.188152e+00 -1.133562e+01 
-1.021218e+01 -6.489825e+00 -1.699800e+01 -7.262059e+00 -3.465603e+00 4.382598e+00 2.940180e-01 3.526569e+00 2.524538e+00 -1.658579e+00 -9.531630e+00 -1.809742e+01 
-1.370751e+01 -6.624406e+00 -1.176807e+01 -3.718929e+00 -7.993124e+00 -4.305320e+00 -2.466747e+00 3.530182e+00 7.344276e-02 -1.783598e+00 -3.231633e+00 -1.265330e+01 
-1.437293e+01 -8.465599e+00 -9.451138e+00 1.031504e+00 -3.989431e+00 -4.426302e+00 1.130177e-01 -2.011370e+00 -2.607391e-01 2.423118e-01 5.827133e-01 -7.135914e+00 
-1.530827e+01 -4.198848e+00 -7.114774e+00 -5.228354e+00 -6.766039e+00 -5.397549e+00 -4.185228e+00 4.939778e+00 2.894709e+00 1.769495e+00 -4.306884e+00 -2.267862e+00 
-1.616329e+01 -7.082602e+00 -7.523606e+00 -4.503184e+00 -1.586232e+01 -6.732590e+00 -1.742337e+00 2.452511e+00 4.781872e+00 6.397547e+00 -1.796246e+00 -1.474791e+00 
-1.805939e+01 -8.444350e+00 -1.489617e+00 -4.280236e+00 -1.344297e+01 -5.650513e+00 -4.872865e+00 -3.963086e-01 6.345779e+00 4.411286e-01 -3.260190e+00 2.990013e+00 
-1.979892e+01 -7.518219e+00 5.723568e+00 -1.087648e+01 -1.586393e+01 -8.235568e+00 -7.120456e+00 -2.105311e+00 3.255561e+00 7.101830e+00 1.398968e+00 9.402822e+00 
-2.251141e+01 -9.693209e+00 1.162344e+01 -7.453888e+00 -7.432875e+00 -1.530798e+01 -9.278975e+00 -1.955006e+00 1.605228e-01 4.720072e+00 8.091863e-01 1.312433e+01 
-2.438972e+01 -8.650648e+00 1.360734e+01 -1.082449e+01 -7.198813e+00 -8.315942e+00 -9.426473e+00 -4.303048e+00 -3.663610e+00 -4.879189e-01 -4.759037e+00 1.855503e+01 
-2.207627e+01 -5.155525e+00 1.112714e+01 -6.933152e+00 1.801254e-02 2.474792e+00 -1.046222e+01 -6.662652e+00 -8.420228e-01 -3.509261e+00 -7.312908e+00 6.210959e+00 
-1.787029e+01 3.530028e-01 1.128069e+01 -6.966240e+00 -1.408856e+00 -2.998621e+00 -8.938630e+00 -1.411834e+00 -3.132454e+00 -7.275323e+00 -8.964852e+00 3.507915e+00 
-1.211133e+01 6.464932e+00 1.676266e+01 3.533162e+00 4.282549e+00 -2.206701e-01 -7.008914e+00 -1.605256e+00 -4.747452e+00 -3.203622e+00 -4.806393e-01 6.723827e+00 
-7.725396e+00 7.541138e+00 2.006182e+01 -5.263703e-01 3.235965e+00 -2.652593e+00 -1.105752e+01 -1.581892e+00 -7.060698e+00 -8.282213e+00 1.067629e-01 7.769138e+00 
-8.766979e+00 8.506669e+00 2.290032e+01 -5.201174e+00 2.691248e+00 -4.206334e+00 -1.230246e+01 -8.132619e-01 -8.700760e+00 -5.367356e+00 9.852881e-01 7.415108e+00 
-8.431985e+00 7.508378e+00 2.156044e+01 -5.333525e+00 3.815496e+00 -4.651348e+00 -1.385301e+01 -6.162267e-01 -7.748662e+00 -4.209837e+00 -6.338942e-02 9.414566e+00 
-8.348109e+00 7.897069e+00 2.030932e+01 -5.559229e+00 6.001326e+00 -4.108194e+00 -1.458028e+01 2.782268e+00 -1.034757e+01 -9.117244e+00 -3.235202e+00 9.934705e+00 
-8.945914e+00 7.501295e+00 2.020760e+01 -4.631989e+00 3.518767e+00 -4.414849e-01 -1.108653e+01 -1.300069e+00 -1.270162e+01 -9.999452e+00 -3.164206e+00 8.793756e+00 
-1.035401e+01 9.438554e+00 2.023546e+01 -1.457944e+00 4.700326e+00 -3.235510e+00 -1.317804e+01 -5.119130e+00 -1.096195e+01 -6.927899e+00 -9.653154e-01 2.808244e+00 
-8.599736e+00 8.901558e+00 1.559643e+01 -2.281588e+00 4.317899e+00 -4.313780e+00 -1.389673e+01 3.002997e-01 -8.673768e+00 -8.057448e+00 5.123531e-02 2.996725e+00 
-9.581336e+00 1.137404e+01 9.857236e+00 2.694943e+00 6.575323e-01 -7.362462e+00 -9.491437e+00 -3.498198e-01 5.763853e+00 -7.792247e+00 -6.821250e-01 3.166120e-01 
-1.026098e+01 1.039612e+01 7.031699e+00 7.673050e+00 5.905809e-01 4.227383e-01 -1.353980e-01 -3.977868e+00 -2.038008e+00 -5.012518e+00 -2.018752e+00 -4.238238e+00 
-1.506274e+01 6.314414e+00 2.349251e+00 4.348929e+00 -2.791268e+00 -1.370430e+00 -2.361742e+00 -3.156157e-01 -2.275791e+00 -5.149668e+00 -2.825092e+00 -4.969788e+00 
-1.820630e+01 3.547736e-01 -6.343755e-01 2.047079e-01 -4.602170e+00 -7.002897e+00 -9.093481e+00 9.422296e-01 -2.979501e+00 -4.822126e+00 -4.461965e+00 5.647320e-03 
-1.774727e+01 1.024340e-01 -3.963987e+00 1.321414e+00 -4.491298e+00 -6.612030e+00 -3.246314e+00 3.040485e+00 -4.836460e+00 -2.666817e+00 -4.266825e+00 -2.051418e+00 
-1.953001e+01 -1.308897e+00 -3.163169e+00 4.607429e-01 4.666047e+00 3.874978e+00 -2.526399e+00 -2.828568e-01 -1.231152e+00 1.214156e+00 -3.489836e+00 7.998377e-01 
-1.879292e+01 -8.870025e-01 -5.596721e+00 -2.242198e+00 -2.133538e+00 -2.958011e+00 -7.339862e+00 -3.045444e+00 8.214960e-01 2.746617e-01 -5.685157e+00 3.328314e-01 
-1.749717e+01 -7.900510e-01 -6.277674e+00 -2.562045e+00 -9.417315e+00 -2.146665e+00 -4.409129e+00 -2.721468e+00 6.213082e-01 1.100594e+00 1.019794e+00 8.814939e-01 
-2.009630e+01 -3.020821e+00 -3.575888e+00 1.662925e+00 -1.786462e+00 8.779043e-01 4.742011e-01 -2.342091e+00 3.068869e+00 5.022004e+00 -4.175205e+00 -5.614089e+00 
-2.122074e+01 1.766104e+00 -2.377254e+00 -8.556706e-01 -5.797296e-01 3.310251e+00 2.057034e+00 3.256549e+00 -1.779339e+00 3.423942e-01 -3.517360e-01 -4.134769e+00 
-2.106875e+01 -3.287567e-01 -4.598938e+00 -1.920776e+00 2.922455e-01 1.262004e+00 2.519344e-01 1.370504e+00 -1.354863e+00 1.697044e+00 1.016225e+00 -4.205799e+00 
-2.062243e+01 -1.237179e+00 -4.142162e+00 -2.470953e-01 -9.728682e-01 -4.397928e-01 -4.454889e+00 -1.075004e-01 -5.508873e-02 2.818506e+00 4.973356e+00 1.829419e-01 
-2.106316e+01 -1.840580e+00 -2.512667e+00 -7.634980e-01 -6.387897e+00 2.803900e+00 5.277249e-01 6.832327e+00 1.851676e+00 -1.391693e+00 -6.087493e-01 7.780254e-01 
-1.950714e+01 -4.960976e-01 -1.704075e+00 3.248474e-01 5.488033e-01 -9.956368e-01 -5.005245e+00 1.150827e+00 -1.996235e+00 -3.113312e+00 -1.962035e+00 3.483306e+00 
-2.041147e+01 -1.273480e+00 -4.586628e+00 2.139938e+00 3.590539e+00 -1.500264e-01 -7.631996e+00 3.785838e-01 -2.421032e+00 -4.042696e+00 -5.878741e-03 3.242253e+00 
-2.061430e+01 -7.630463e-01 -3.698991e+00 -9.596602e-01 9.756854e-01 -5.421629e-01 -1.340704e+00 -2.552856e+00 -3.748120e+00 4.414433e+00 8.303025e+00 3.839014e+00 
-2.158979e+01 -3.738439e+00 -4.092921e+00 3.513467e+00 -9.455521e-01 -9.529122e-01 -4.700854e+00 -4.550185e+00 -4.850598e+00 6.055177e+00 1.233671e+01 4.846853e+00 
-2.057464e+01 -1.723265e+00 -5.265638e+00 3.018729e+00 -1.598104e-01 -2.981277e+00 -7.276941e+00 -5.806585e+00 5.445107e-01 3.512344e+00 1.682555e+00 1.214271e+00 
-2.019949e+01 -2.720670e+00 -7.544339e+00 -2.283164e+00 -9.980419e-01 1.795851e+00 -5.043443e-01 5.085989e+00 -1.263927e+00 -4.237470e+00 -4.076602e-01 -2.052536e+00 
-2.014663e+01 -2.532522e+00 -7.828124e+00 -2.109060e+00 -2.903747e+00 3.388086e+00 1.806576e+00 2.189235e+00 1.388320e+00 -2.617618e+00 -5.686901e-01 -1.138658e+00 
-1.991533e+01 -8.502584e-01 -5.233891e+00 -4.534988e-01 5.295212e-01 7.759573e-01 -2.376859e+00 -1.621395e+00 -4.001958e-01 2.518596e+00 1.297671e-01 -2.222001e+00 
-2.052483e+01 9.579352e-02 -2.773775e+00 1.968299e-01 1.376323e+00 -2.923324e+00 -8.126784e+00 -4.682184e+00 -3.855765e+00 7.821501e-01 1.458859e+00 2.534123e-01 
-2.030421e+01 -2.556870e+00 -4.523133e+00 -1.533178e+00 -2.511679e+00 -1.054859e+00 1.141818e+00 -5.225267e-01 -2.734328e+00 -1.658579e+00 8.750262e-01 8.733353e+00 
-1.983755e+01 -2.600698e+00 -5.066082e+00 -6.925960e-01 -3.591471e+00 -1.993956e+00 3.324244e-01 6.967787e-01 -3.280265e+00 1.057798e+00 2.392515e+00 2.535871e+00 
-1.967235e+01 -1.058328e+00 -5.541648e+00 -2.018069e+00 -2.721103e+00 -1.583630e+00 2.069908e-01 -9.423705e-01 -2.838759e+00 1.602691e+00 -1.979883e+00 9.111362e-01 
-2.067072e+01 -3.755262e+00 -5.850053e+00 7.305643e-01 3.891911e-01 2.428684e+00 1.211685e+00 2.946785e+00 -1.295418e+00 7.659752e-01 -3.377988e+00 -3.810941e+00 
-2.078662e+01 -2.732623e+00 -2.949359e+00 -3.270277e+00 -3.887129e+00 1.169786e+00 3.126693e+00 3.011339e+00 3.627660e+00 6.742949e+00 1.139021e-01 -3.706354e+00 
-1.920976e+01 -2.462113e-02 -2.256095e+00 1.698376e+00 -1.414747e+00 4.366979e-01 4.419844e+00 6.996692e-01 -2.638893e+00 2.167802e+00 1.813284e-01 -3.741793e-02 
-1.813666e+01 -5.806535e-01 -7.378474e+00 5.706409e-01 -1.357437e+00 5.762934e-01 4.679699e+00 1.726364e-01 -5.173534e+00 -2.020156e+00 9.912375e-01 -5.569974e-01 
-2.028489e+01 -1.023797e+00 -1.139098e+00 3.017153e+00 -1.584001e+00 -2.421203e+00 2.852536e+00 5.721656e+00 -1.788657e+00 4.744895e-01 -1.663773e+00 -8.500649e-01 
-1.848080e+01 -2.158440e+00 -4.728521e+00 -5.815163e-01 -1.201574e+00 -8.185229e+00 -2.734365e+00 -1.437608e+00 -5.767350e+00 2.587340e+00 -3.222114e+00 -1.167741e+00 
-1.276150e+01 -1.242113e+01 -1.913998e+00 -1.284520e+01 -2.071942e+00 -6.407290e+00 -2.126809e+00 -6.417924e+00 -5.518630e-01 -4.494921e+00 3.126272e+00 -4.096179e+00 
-1.070934e+01 -5.802753e+00 1.280847e+00 -1.203022e+01 -1.725938e+00 -7.930996e+00 -4.822811e-01 -5.318815e+00 4.425198e+00 2.394588e+00 2.295341e+00 -3.144828e+00 
-9.707911e+00 2.024642e+00 6.972091e+00 -4.719435e+00 3.907979e-01 -5.520224e+00 2.910963e+00 4.583132e-01 6.178045e+00 -7.430110e-01 -2.702534e+00 -1.792467e+00 
-1.018390e+00 -4.923107e+00 7.390641e+00 -8.806934e+00 -1.541152e+00 -1.327962e+01 -1.133413e+01 2.997369e+00 -8.513425e+00 -2.521242e+00 -1.097788e+00 2.131435e-01 
-4.988688e-01 -1.328794e+01 1.628710e+01 -7.227002e+00 -9.218603e+00 -1.110701e+01 -1.156538e+01 -8.016999e-01 -8.775629e+00 2.795929e+00 -3.230443e+00 2.611934e+00 
-1.142424e+00 -1.365273e+01 1.621777e+01 -8.702551e+00 -8.576941e+00 -1.330754e+01 -1.014189e+01 2.108783e+00 -8.547485e+00 3.155147e+00 -4.429441e+00 4.812177e+00 
-1.807330e+00 -1.319055e+01 1.542732e+01 -1.127747e+01 -9.159150e+00 -1.477879e+01 -9.519220e+00 2.340986e+00 -7.578037e+00 5.697644e+00 -4.061770e+00 5.300996e+00 
-6.000280e-01 -1.095269e+01 1.245341e+01 -1.277587e+01 -1.179596e+01 -1.469080e+01 -1.030287e+01 2.945580e+00 -1.062455e+01 7.170237e+00 -1.443646e+00 5.081755e+00 
-5.176772e-01 -8.638696e+00 1.080966e+01 -1.247887e+01 -1.552382e+01 -1.814304e+01 -8.387866e+00 -7.978460e-01 -7.660940e+00 3.395412e+00 -4.838123e-01 8.050461e+00 
-4.124332e+00 -5.766452e+00 1.158521e+01 -7.057624e+00 -1.908510e+01 -1.445222e+01 -3.069808e+00 -4.955817e+00 -2.755857e+00 6.813377e+00 6.557081e+00 9.277540e+00 
-7.441235e+00 -7.413539e-01 5.525307e+00 -2.384396e+00 -2.452958e+01 -1.890786e+01 -1.084506e+01 -3.017020e+00 1.288708e+00 9.285445e+00 7.109977e+00 7.543185e+00 
-9.238208e+00 1.671809e+00 -1.229157e+00 -2.407242e+00 -1.641508e+01 -1.673905e+01 -9.796236e+00 -2.299697e+00 1.891211e-01 1.827792e+00 -9.835602e-01 5.953127e+00 
-1.262272e+01 7.686989e-01 -1.674271e+00 8.936388e-01 -1.561380e+01 -1.603176e+01 -8.348234e+00 -7.251108e+00 -2.208955e+00 4.594379e+00 4.541827e+00 1.120310e+00 
-1.328203e+01 -2.384457e-01 -5.601904e+00 -2.901981e+00 -1.062190e+01 -1.400044e+01 -1.055578e+01 1.217308e+00 -3.138880e+00 -2.991663e+00 -3.293506e+00 1.224897e+00 
-1.467945e+01 9.382534e-01 -7.509352e+00 -3.113899e+00 -7.520180e+00 -9.658174e+00 -3.309235e+00 -4.956540e+00 -4.128252e+00 -2.979532e+00 -3.690925e+00 -1.477587e+00 
-1.172398e+01 -5.004121e+00 -1.786101e+01 -1.081307e+01 -3.055860e+00 4.654175e+00 1.011690e-01 -5.860059e+00 -7.989338e+00 -5.173931e+00 5.862193e+00 1.364160e+00 
-9.373425e+00 -3.846901e+00 -1.955983e+01 -1.155045e+01 2.095113e+00 8.814121e+00 1.179207e-01 -8.953125e+00 -8.708471e+00 -1.777869e+00 4.777820e+00 2.228262e+00 
-1.586947e+01 -8.710653e-01 -4.792016e+00 -2.875983e+00 -4.002285e+00 -2.845457e-01 -1.445301e+00 -3.461915e+00 -4.893657e+00 -2.533824e-01 3.230981e+00 4.111318e-01 
-1.871108e+01 -1.390353e+00 -5.204087e+00 -1.237360e+00 -3.361159e+00 -1.846323e+00 -3.298612e+00 -2.912722e+00 -4.692815e-01 -1.140982e+00 2.386565e+00 2.620883e+00 
-1.959762e+01 -9.852821e-01 -4.503048e+00 -1.673407e+00 -5.183308e+00 -2.522727e+00 -6.130262e-01 6.890708e-01 -4.310433e-01 5.058284e-01 1.107449e+00 -1.504992e+00 
-1.786470e+01 -1.366890e+00 -2.468610e+00 -1.724220e+00 -6.205790e+00 -1.324744e+00 -2.394837e+00 2.812859e+00 2.130589e+00 -2.800597e+00 4.967010e+00 -1.281277e+00 
-1.375580e+01 -6.331781e+00 1.595084e+00 -4.046654e+00 -1.015539e+01 -1.000547e+01 -1.028959e+00 2.789735e+00 4.683557e-01 -1.029779e+00 -8.336358e-01 -1.560921e+00 
-2.261206e+01 -2.635228e+00 3.743554e+00 -1.010365e+01 2.818916e-02 -1.623735e+01 4.901149e+00 2.642079e+00 -5.210487e+00 7.490028e+00 -2.131394e+00 2.902764e+00 
-2.994636e+01 -4.870425e+00 1.110835e+01 -8.279108e+00 7.126109e+00 -1.326058e+01 1.219550e+01 -1.047873e+00 -6.015737e+00 1.208405e+01 -1.309190e+00 -1.269532e+00 
-2.016340e+01 -3.025691e+00 -1.078842e+00 -7.198247e+00 7.405521e-01 -1.238705e+01 4.640884e+00 2.187308e+00 -8.904482e+00 7.966852e+00 -1.015592e+01 -5.267889e+00 
-1.841828e+01 -2.101774e+00 -6.875047e+00 -1.595021e+00 -2.026951e+00 -3.150061e+00 -6.837103e-01 -1.363419e+00 2.794454e+00 -1.863799e+00 -2.082609e+00 -2.298134e-01 
-2.077239e+01 -3.340008e+00 -3.613467e+00 2.527637e-01 4.379317e-01 -9.905606e-01 5.302782e+00 4.012260e-01 1.074703e+00 -1.095490e+00 -2.219048e+00 -6.024047e+00 
-2.094116e+01 -3.238187e+00 -1.772106e+00 1.120131e+00 -7.055982e-01 -2.681782e+00 1.451521e+00 1.205023e+00 2.272295e+00 -6.655061e-01 -1.573739e+00 -1.661593e+00 
-2.205848e+01 -2.817621e+00 -3.686681e+00 2.699670e+00 -3.788754e-01 1.338179e-01 -7.249767e-01 1.225498e+00 1.147002e+00 -3.322575e+00 -1.859309e+00 1.845149e+00 
-2.021576e+01 -1.140670e+00 -3.330978e+00 -1.907676e-01 -6.159192e+00 -2.254112e+00 1.838036e+00 1.468058e+00 -2.857718e+00 -2.887537e+00 -1.121743e-01 2.512381e+00 
-2.027066e+01 -2.508616e+00 -6.448722e+00 2.764269e+00 -2.143179e+00 -1.280750e+00 3.013516e+00 2.200316e+00 -1.616425e+00 -1.356310e+00 -6.948170e-01 -6.436872e-01 
-2.111348e+01 -7.927073e-01 -1.695652e+00 -4.026857e-01 -1.415996e-01 -4.129768e+00 -8.235875e+00 -2.554301e+00 -2.573663e+00 3.741488e+00 1.760294e+00 3.595723e+00 
-1.981621e+01 -2.532964e+00 -4.409101e+00 1.076015e+00 -1.905903e+00 5.335687e-01 -6.961685e-02 -9.226188e-01 3.350996e+00 2.855911e+00 9.289672e-01 -1.034630e+00 
-1.960016e+01 -1.144894e-01 -4.596347e+00 -8.422780e-01 -5.373450e+00 -1.672887e+00 -1.889017e+00 -3.300682e-01 -2.337475e-01 8.060868e+00 9.840982e-01 2.265175e+00 
-2.093556e+01 -3.372768e+00 -4.467413e+00 1.471490e+00 1.160471e+00 -7.316744e-01 6.744046e-01 -2.435943e-01 -2.152723e+00 5.735723e+00 5.673399e+00 6.605053e-02 
-2.059193e+01 -1.479336e+00 -3.817559e+00 -1.554055e+00 -1.236389e+00 -2.224077e+00 -6.265093e-01 1.975098e+00 -1.230188e+00 -1.714181e+00 -6.960068e-01 -7.857466e-01 
-1.972013e+01 -2.220657e-01 -3.551916e+00 -9.639931e-01 -3.141558e+00 1.293730e+00 -5.853862e+00 -3.829248e+00 -4.438976e+00 5.191941e-02 2.354836e+00 2.030274e+00 
-1.996464e+01 -1.641808e+00 -7.439377e+00 -2.604980e+00 -2.340684e-03 2.126227e+00 -1.407095e-01 6.544735e-02 -3.408154e+00 -3.113312e+00 -1.311173e+00 4.262326e-01 
-1.925653e+01 -2.033598e+00 -6.964459e+00 -1.955833e+00 2.887817e+00 -2.786234e-01 8.770595e-01 3.371535e-01 -2.233376e+00 -4.847399e+00 -1.762532e+00 5.017366e-01 
-1.932820e+01 -6.736207e-01 -6.958628e+00 2.278985e+00 -4.379891e+00 -6.331570e+00 -1.940906e+00 5.694919e+00 3.141180e-01 3.316560e+00 7.865787e-01 -1.710251e+00 
-1.841929e+01 -6.076583e-01 -7.815813e+00 7.757982e-03 -3.250287e+00 -5.514693e-01 -8.197669e-01 -1.160121e+00 -1.277423e+00 7.779492e+00 5.725754e+00 4.335034e-01 
-2.009681e+01 -1.339000e+00 -3.761191e+00 -1.020715e+00 -4.297584e-01 -2.619598e+00 -1.180950e+00 7.553112e-01 -2.772566e+00 9.941090e-01 -7.662095e-01 2.692472e+00 
-1.905421e+01 -2.113284e+00 -3.567466e+00 -2.001132e+00 -3.235826e+00 -2.117054e+00 -3.618938e+00 -5.425193e-01 -5.470442e+00 -4.188608e+00 2.633663e+00 -1.660544e-01 
-1.851130e+01 -5.000819e-01 -5.752867e+00 6.517843e-01 -7.040272e+00 1.832230e+00 -4.038340e-01 -3.745665e+00 -3.696696e-01 1.314575e+00 8.393300e-01 3.714223e-01 
-1.961897e+01 -1.175883e-01 -1.869940e+00 -2.042885e+00 -3.505774e+00 -2.078983e+00 -9.644037e-01 8.905302e-02 6.592250e-01 -2.026896e+00 1.344234e+00 5.492273e+00 
-2.049331e+01 -2.946447e+00 -5.625876e+00 4.520771e-01 -1.550793e+00 2.530631e+00 6.064372e+00 4.257381e+00 -1.788657e+00 -3.051645e+00 -3.100746e+00 -2.815966e+00 
-2.064378e+01 -1.915839e+00 -4.953993e+00 -3.611000e+00 -4.554501e+00 -2.488040e+00 -6.485726e-01 -6.646425e-01 -7.960728e-01 -1.642741e+00 4.784008e-01 4.031409e+00 
-2.069817e+01 -1.210174e+00 -3.264891e+00 1.190246e+00 -1.718439e+00 -1.411462e+00 3.475418e-01 1.606802e+00 6.206656e-01 -5.143939e+00 -4.799096e+00 -1.664390e+00 
-1.898609e+01 2.994359e-01 -1.353556e+00 4.084557e-02 1.436847e+00 3.660508e+00 1.918118e+00 2.297870e+00 -5.458874e+00 -3.545991e+00 1.447753e+00 4.937458e+00 
-1.969624e+01 -2.729524e+00 -3.814319e+00 -3.571217e+00 -1.271739e+00 4.149516e+00 2.941607e+00 3.264980e+00 -2.518716e+00 -3.416705e-01 1.174717e-01 2.052645e+00 
-2.017967e+01 -3.628446e-01 -1.020530e+00 -8.832436e-01 -5.458076e+00 1.147821e-01 -1.889834e+00 -1.938626e+00 -4.138534e+00 9.078428e-01 -1.319105e+00 4.167247e-01 
-1.976639e+01 -1.071609e+00 -4.832186e+00 -4.275014e-01 -1.410998e+00 3.303482e+00 -1.257763e+00 -6.304383e-01 4.600012e-01 6.116394e-01 -3.101143e+00 2.181282e+00 
-1.935616e+01 1.847764e-01 -8.569981e+00 -2.719999e+00 -2.980875e+00 2.272590e+00 -3.092280e+00 4.953990e+00 2.870288e+00 -2.003982e+00 3.545901e+00 4.424520e-01 
-2.027930e+01 -1.326162e+00 -7.292950e+00 -3.577913e+00 -3.557192e+00 3.364429e-01 -3.617505e-01 9.179013e-01 5.278004e+00 3.773164e+00 4.593785e+00 2.576139e+00 
-1.922399e+01 -9.662460e-01 -6.915866e+00 -2.480508e+00 -2.916066e+00 2.486637e+00 1.741203e+00 1.464445e+00 3.443229e-01 -2.394202e+00 2.164852e+00 1.629823e+00 
-1.860738e+01 -1.524935e+00 -3.961395e+00 3.360240e+00 -2.965342e+00 3.927432e+00 -4.066941e-01 -4.120947e+00 5.827155e+00 1.069592e+00 -2.881413e+00 3.080059e+00 
-2.028845e+01 -1.819331e+00 -4.919006e+00 -1.043561e+00 -3.726445e+00 -2.777774e-01 3.626592e-01 3.720473e+00 -3.670989e-01 -2.762855e+00 -2.473682e+00 2.120319e+00 
-1.837405e+01 -5.062798e-01 -5.847462e+00 -4.494124e+00 -8.157022e+00 -1.795561e+00 -2.192182e+00 -2.539126e+00 -1.018111e+00 1.530127e-01 4.133700e+00 3.615858e+00 
-1.854689e+01 -1.197336e+00 -4.661786e+00 1.786610e+00 -2.607018e+00 3.851712e+00 8.043325e-01 1.138631e-01 -2.732400e+00 -1.556589e-01 9.682332e-01 1.223779e+00 
-1.900591e+01 -2.207376e-01 -2.112907e+00 6.769939e-01 -2.133715e-01 1.528081e+00 -7.564372e-01 -1.882021e+00 -4.101570e-01 5.350220e+00 2.114084e+00 -1.247160e+00 
-1.976639e+01 4.831568e-01 -3.751472e+00 -1.971589e+00 1.896401e+00 2.463794e+00 -1.132738e+00 7.490484e-01 2.853579e+00 1.954496e+00 -3.509271e+00 1.849623e+00 
-1.993363e+01 -2.840199e+00 -4.843201e+00 -2.774751e+00 4.727465e-01 1.547963e+00 -5.084301e-01 2.505022e+00 7.819726e-01 5.980705e+00 2.649132e+00 5.481576e-01 
-1.972470e+01 -1.563892e+00 -2.812002e+00 -1.531209e+00 -2.623622e+00 -8.234368e-02 1.485641e-01 2.841523e+00 2.077570e+00 2.952624e+00 -2.066347e+00 2.847325e-01 
-1.895559e+01 -3.383393e+00 -7.505464e+00 -2.515959e+00 1.575034e+00 -4.245642e-01 1.722616e-01 5.505680e-01 2.720227e+00 3.774175e+00 2.234658e+00 3.462543e-01 
-1.828967e+01 -7.882802e-01 -7.131620e+00 6.852658e-01 -2.855542e+00 -3.100568e+00 -1.067975e-01 -2.573089e+00 -1.724713e+00 -3.897796e+00 1.291483e+00 2.171214e+00 
-1.852859e+01 -4.256889e-03 -6.659293e+00 -3.636896e-01 -5.674463e+00 -5.161083e+00 9.587752e-01 1.138631e-01 -3.701848e+00 -5.586391e+00 7.377938e-01 -1.370204e+00 
-1.970844e+01 -1.202206e+00 -3.066631e+00 -2.746682e-01 -5.238476e+00 -2.456737e+00 2.220057e+00 6.822692e+00 -3.420364e+00 -2.891244e+00 5.426541e-01 -2.839456e+00 
-1.890374e+01 9.024139e-03 3.763645e-01 4.156705e+00 1.477553e+00 -1.077247e-01 -2.050814e+00 1.570911e+00 -1.391174e+00 4.888661e-02 6.882156e-01 -1.782959e+00 
-1.958999e+01 -2.012791e+00 -4.850976e+00 2.471602e+00 5.471964e-01 1.592380e+00 -2.076963e+00 -2.977910e-01 -4.069770e+00 2.649681e+00 -2.038584e+00 5.030859e+00 
-2.128683e+01 -2.125237e+00 -6.480470e+00 -1.783699e+00 2.506462e+00 1.611415e+00 4.549979e-01 1.634832e-01 6.132750e-01 4.452848e+00 -1.612608e+00 -3.333867e+00 
-1.963270e+01 -2.091592e+00 -3.677610e+00 9.976285e-01 -4.811058e+00 8.922869e-01 1.607189e+00 -5.089984e+00 7.662584e+00 7.937872e+00 -1.269527e+00 -2.421667e+00 
-1.728468e+01 1.094970e+00 -1.698892e+00 3.927850e+00 6.130766e-01 1.454053e+00 -5.043443e-01 -3.695715e-01 -7.523720e-01 3.372262e-02 -5.528251e-01 2.148214e-01 
-1.994939e+01 -9.596055e-01 -4.394199e+00 3.768422e-01 9.397994e-01 -6.555313e-01 3.710551e+00 2.784917e+00 -1.887948e+00 -1.112676e+00 6.973380e-01 2.868648e+00 
-1.990313e+01 -2.175262e+00 -6.002960e+00 2.527637e-01 2.210269e+00 -1.978272e-01 -3.991970e+00 4.669847e-01 -3.934490e+00 -5.260197e+00 -6.607072e-01 -1.582174e+00 
-1.969573e+01 -1.225226e+00 -3.518224e+00 1.987499e+00 -7.671935e-01 -6.500322e-01 1.323227e+00 -2.392586e-01 -1.262963e+00 -4.670262e-01 8.290177e-01 -8.125925e-01 
-2.023355e+01 -1.095957e+00 -4.078019e+00 -2.223291e+00 -5.296322e+00 1.198974e+00 2.689922e+00 5.302053e+00 -2.653674e+00 -3.603951e+00 5.299621e-01 -1.006176e-01 
-1.886866e+01 -2.846397e+00 -4.970839e+00 -2.782629e+00 -2.827690e+00 1.579689e+00 -2.989319e+00 -3.210672e-02 -4.631762e-01 1.333109e+00 1.497728e+00 -2.650486e-01 
-2.142001e+01 -4.656600e+00 -4.570431e+00 1.565632e+00 1.995847e-01 2.861007e+00 -3.932318e+00 -3.456375e+00 3.752657e+00 1.446670e+00 8.796397e-03 2.982183e+00 
-1.924585e+01 -1.285876e+00 -3.406136e+00 -2.145693e+00 3.270602e-01 2.292895e+00 -3.828130e+00 -3.108312e+00 2.162079e+00 2.752796e+00 1.916961e+00 2.830616e+00 
-2.138799e+01 -2.213777e+00 -2.692139e+00 -5.748200e-01 -5.157063e+00 8.774813e-01 4.794919e+00 -1.686913e+00 2.467984e+00 4.960674e+00 1.673433e+00 -1.262820e+00 
-2.069868e+01 -7.597444e-02 -2.365592e+00 1.388771e+00 6.345010e-01 4.633479e-01 -1.804441e+00 3.102390e+00 1.166924e+00 -3.351218e+00 4.131968e-02 6.310513e+00 
-2.003022e+01 -1.543528e+00 -4.720746e+00 3.933860e-01 -1.626850e+00 4.124981e+00 -1.201379e+00 -1.400995e+00 -5.297567e+00 -5.146972e+00 -2.129411e+00 6.180688e-01 
-1.999768e+01 -1.961438e+00 -5.580523e+00 -3.621140e-01 -3.191370e+00 1.183745e+00 -2.493914e-01 4.725160e+00 -2.587159e+00 1.300422e+00 2.668169e+00 3.085093e+00 
-2.039673e+01 -1.224341e+00 -4.059229e+00 -1.990890e+00 -3.794468e+00 3.237915e+00 5.384906e+00 3.693495e+00 -4.596416e-01 -1.224889e+00 1.466395e+00 -8.746736e-01 
-1.732434e+01 3.748962e+00 -2.837270e+00 -1.647702e-01 -6.638028e+00 5.428751e-01 3.122607e+00 -1.507702e+00 -4.742953e+00 2.072661e-01 8.319287e+00 2.136539e+00 
-1.856671e+01 2.554112e+00 -5.737317e+00 -7.713760e-01 -1.841094e+00 9.388188e-01 -1.652242e-01 -3.796730e+00 -5.550131e+00 -1.794044e+00 1.755138e+00 -2.158801e+00 
-1.894441e+01 -2.307630e+00 -7.068125e+00 -1.312595e+00 -3.152270e+00 3.436342e-01 8.921769e-01 2.594397e-02 1.637028e+00 2.665181e+00 3.448728e+00 1.105769e+00 
-2.068190e+01 -1.516523e+00 -2.946767e+00 2.567027e-01 -2.071942e+00 -1.265522e+00 -1.978904e+00 9.889592e-01 4.288323e-01 7.314900e-02 -5.754328e-01 -1.057561e+00 
-1.900439e+01 -1.321735e+00 -3.408727e+00 2.806023e+00 -8.375359e-02 6.358086e+00 -7.218514e+00 -6.521982e+00 1.353616e+00 1.689968e+00 1.123314e+00 1.403666e-02 
-2.059142e+01 -1.655974e+00 -4.920950e+00 4.367150e-01 4.219347e+00 3.104664e+00 -5.205448e+00 -2.847686e+00 3.542508e+00 1.385677e+00 -4.913721e+00 -2.449142e-01 
-1.882749e+01 -1.763792e+01 -9.425870e+00 5.847324e+00 7.855076e+00 5.539549e+00 -9.623816e+00 -4.293413e+00 1.129008e+00 2.154997e+00 -2.078643e+00 -3.389796e+00 
-2.023355e+01 -1.421628e+01 -9.797771e+00 5.445152e+00 1.057116e+01 3.001871e+00 -1.188734e+01 -6.073956e+00 4.501031e+00 4.769944e+00 1.460288e-01 -3.671678e+00 
-2.003428e+01 -3.511776e+00 -7.108943e+00 2.808780e+00 1.998703e+00 -3.491436e+00 -6.128427e+00 -1.653431e+00 2.058302e-01 2.542521e+00 1.644479e+00 1.522998e+00 
-1.968150e+01 -1.383270e+00 -5.322654e+00 1.107920e+00 -3.887129e+00 -1.676271e+00 -2.870422e+00 -5.802009e+00 3.732424e-01 -2.203586e-01 2.954136e+00 4.412285e+00 
-1.820122e+01 -4.699783e-01 -5.352458e+00 -2.299314e+00 -9.118086e-01 1.176131e+00 -2.110875e+00 -5.699155e+00 4.327514e+00 2.535782e+00 3.640267e-03 -2.566523e+00 
-1.808023e+01 3.868510e-02 -5.117915e+00 5.383412e-01 -5.886566e+00 -4.558675e-01 -3.340696e+00 -1.989933e+00 -3.590990e+00 2.187347e+00 2.175957e+00 5.783592e-01 
-1.945783e+01 -2.955541e-01 -4.454454e+00 -1.921958e+00 -3.841602e+00 -7.803213e-01 -5.087369e+00 -4.090838e+00 7.286320e-01 2.671921e+00 1.679779e+00 3.361177e-02 
-1.938107e+01 -3.743549e-01 -3.292104e+00 -2.764116e+00 2.242229e-01 3.124969e+00 -1.326404e+00 2.828757e+00 1.242758e+00 3.933566e+00 1.130453e+00 -9.004009e-01 
-1.954526e+01 -1.339886e+00 -4.601530e+00 -1.800636e+00 -6.857806e-01 3.597479e+00 -9.219115e-01 2.148768e+00 3.697709e+00 3.008562e+00 9.876678e-01 -2.714735e+00 
-2.061328e+01 -2.848168e+00 -6.961867e+00 -9.454798e-01 9.981810e-01 1.526389e+00 2.450495e+00 2.653882e+00 -9.303882e-01 4.380959e-01 -8.185641e-01 1.309281e-01 
-1.936328e+01 -1.033537e+00 -8.630884e+00 -3.729170e+00 -1.996957e+00 -4.336200e+00 -5.045285e+00 1.628480e+00 -1.932291e+00 8.696509e-02 -1.324261e+00 4.708149e+00 
-1.905878e+01 1.440479e-01 -6.878287e+00 -4.219182e+00 2.156531e-01 -3.530776e+00 -4.121898e+00 -1.435681e+00 2.124163e+00 -2.935725e+00 -1.027189e+00 -6.515173e-01 
-2.045366e+01 -1.284991e+00 -9.926699e-01 7.589251e-01 -3.417933e+00 -1.587860e+00 1.545494e+00 2.466241e+00 1.762347e+00 1.705806e+00 3.691859e+00 -3.941815e+00 
-2.059345e+01 -1.662172e+00 -2.696026e+00 -7.220370e-02 -2.173173e+00 -3.133564e+00 7.338562e-02 4.991325e+00 3.784790e+00 2.985311e+00 3.879860e+00 -1.793585e+00 
-2.061582e+01 1.697246e-01 -1.637341e+00 -3.510162e+00 -2.502574e+00 -4.075199e+00 3.761423e-01 4.287972e+00 2.599729e+00 7.596513e+00 4.615600e+00 7.047586e-01 
