-2.874836e+01 -7.005829e+00 1.868500e+00 -1.737904e+01 -5.149198e-01 -5.031243e+00 -5.448655e+00 1.619561e+00 -2.310459e+00 -2.396882e+00 7.148487e+00 -4.593684e-01 
-2.890121e+01 -5.776457e+00 2.371041e+00 -1.960823e+01 8.972180e-01 7.933630e-01 -3.087429e+00 3.728922e+00 4.451526e-01 -3.205542e+00 -1.287281e+00 -5.432856e+00 
-2.780003e+01 -5.558927e+00 2.224517e+00 -1.335123e+01 4.399532e+00 2.134389e+00 -2.462362e+00 -3.293945e-01 -1.007733e+00 -4.462720e+00 7.840758e-01 2.989405e+00 
-2.909680e+01 -6.021648e+00 -1.487625e+00 -1.827343e+01 2.588340e+00 -4.167386e+00 -3.646503e+00 -2.375900e+00 3.338830e+00 6.431595e-02 1.739990e+00 3.803243e-01 
-3.245676e+01 -5.256706e+00 -2.030127e+00 -1.902156e+01 7.244996e+00 -5.661754e+00 -1.220945e+00 -4.321589e+00 -1.865019e+00 3.981369e+00 3.493127e+00 2.718063e+00 
-2.614662e+01 2.889932e+00 2.805769e+00 -1.635812e+01 7.825919e+00 -4.215484e+00 -6.743225e-01 -5.212599e+00 2.089516e+00 5.425262e+00 2.452854e+00 3.053220e-01 
-1.906730e+01 2.703477e+00 3.984168e-01 -4.109934e+00 8.395806e+00 -5.240302e+00 3.771289e+00 1.697829e-01 -1.096753e+00 -9.141166e-01 -2.409823e+00 -4.197005e-01 
-2.078755e+01 -4.599675e+00 -5.644182e+00 -3.017938e+00 1.224318e+00 -1.703917e+00 -4.621043e+00 -2.421613e+00 -4.309457e-01 9.621052e-02 1.795115e+00 -6.268944e-02 
-2.191229e+01 -2.264210e+00 -2.434581e+00 -3.792360e+00 -4.889501e+00 -5.486982e+00 -1.385305e+00 -2.966913e+00 3.065385e+00 -1.308147e+00 -2.128770e+00 1.329020e+00 
-2.059087e+01 -1.101087e+00 -3.582554e+00 -1.804335e+00 -2.413073e+00 -2.481228e-01 -1.418509e+00 6.540724e+00 9.564338e-01 -2.520474e+00 1.324049e+00 -5.573194e+00 
-1.505868e+01 -1.045524e+01 -1.169753e+00 -1.153781e+01 -1.370548e-01 -9.559587e+00 -3.311972e+00 -4.188122e+00 1.829173e+00 1.026801e+00 -2.117494e+00 4.205443e+00 
-1.388244e+01 -1.034562e+01 -4.309119e+00 -1.127200e+01 -3.851391e-01 -1.152303e+01 -4.573312e+00 -1.161497e+01 4.538762e+00 4.888371e+00 4.633496e-01 7.909225e+00 
-9.445405e+00 -3.129893e+00 3.095184e+00 -3.589818e+00 -1.664848e+00 -1.105253e+01 3.301010e-01 -1.087335e+01 9.264251e+00 3.154103e+00 -5.940734e+00 -1.813744e+00 
-1.494807e-01 -7.186820e+00 2.664241e-01 -8.890396e+00 6.729711e-01 -9.612924e+00 6.164861e-01 1.447318e+00 2.246394e+00 7.342924e+00 -1.556586e+01 -4.386490e+00 
5.271144e-01 -8.054551e+00 1.521565e+00 -1.526777e+01 3.687945e+00 -8.324282e+00 1.009955e+00 -9.289789e-01 4.734272e+00 7.659544e+00 -1.299629e+01 -5.610195e+00 
7.248883e-01 -9.706691e+00 1.510667e+00 -1.511001e+01 3.674261e+00 -8.652394e+00 1.798551e+00 1.666499e+00 3.509817e+00 8.575184e+00 -1.412719e+01 -5.594528e+00 
9.248537e-01 -8.759391e+00 -1.344734e+00 -1.734782e+01 5.892010e+00 -4.986955e+00 8.489147e-01 2.308940e+00 2.628680e+00 5.250175e+00 -1.201783e+01 -1.073575e-01 
2.544847e+00 -9.108397e+00 -4.614882e+00 -1.675252e+01 2.357913e+00 3.359218e+00 -2.517979e+00 2.024045e+00 -1.672533e+00 7.867523e+00 -7.770711e+00 -4.335822e+00 
2.488966e+00 -9.395249e+00 -7.270476e+00 -1.664529e+01 5.195432e+00 -7.144645e-02 -2.354864e+00 2.743220e+00 -1.983938e+00 4.519589e+00 -7.297556e+00 -1.023053e+00 
3.446061e+00 -1.307107e+01 -9.763805e+00 -1.667118e+01 4.003568e+00 -1.469142e+00 8.439341e-01 -2.522526e-01 -3.549695e+00 3.199619e+00 -5.939064e+00 -3.430315e-01 
3.037912e+00 -1.558719e+01 -9.457437e+00 -1.992868e+01 4.010631e+00 1.271359e-01 -1.094354e+00 2.204451e+00 -6.012041e+00 3.146794e+00 -5.124302e+00 -2.589434e+00 
1.295200e+00 -1.296555e+01 -1.281175e+01 -2.054493e+01 1.346595e+00 8.609858e-01 -6.328174e-01 8.101831e-01 -5.430887e+00 2.639803e+00 -5.422608e-01 -4.650498e+00 
-2.298697e+00 -8.823592e+00 -1.186539e+01 -1.055017e+01 3.929408e+00 3.323978e+00 -3.513687e+00 4.668911e+00 -6.505182e+00 3.744485e+00 -1.981353e+00 -6.753563e+00 
-3.147318e+00 -1.012502e+01 -1.499507e+01 -1.500278e+01 3.498130e+00 2.453931e+00 -2.589368e+00 5.750122e+00 -3.925597e+00 7.190428e+00 -6.032321e-01 -9.609985e+00 
-8.080709e+00 -6.216640e+00 -2.081668e+01 -1.106946e+01 -4.468817e+00 4.807393e+00 2.532777e+00 3.865655e+00 8.438206e+00 1.103406e+01 9.653195e-01 -1.088269e+01 
-1.141931e+01 -5.466041e+00 -1.830760e+01 -1.113149e+01 -5.206449e+00 7.295500e-01 3.908256e+00 7.158267e+00 4.748716e+00 7.399404e+00 -7.189108e-01 -5.827868e+00 
-1.277743e+01 -3.352545e+00 -1.325737e+01 -8.010390e+00 -7.230410e+00 2.093911e+00 1.146091e+00 -6.420437e-01 -6.140261e-01 7.772926e-01 -4.258592e+00 -6.919902e+00 
-1.420622e+01 1.046987e-02 -1.311327e+01 -6.293927e+00 -6.571795e+00 -1.161983e+00 -3.443128e+00 -5.187799e-01 7.333782e-01 3.281107e-01 -1.739973e+00 -4.678499e+00 
-1.554134e+01 -1.011958e+00 -9.453198e+00 -6.514956e+00 -4.999859e+00 2.466312e+00 -6.656065e-01 -1.660807e+00 -8.085279e-01 2.188960e+00 -5.240398e+00 -2.262758e+00 
-1.759523e+01 -2.879920e+00 -1.063266e+01 -6.019490e+00 -6.027645e-01 -1.413901e+00 -2.500547e+00 -1.177955e+00 -5.918549e-01 -1.219441e+00 -7.732003e-01 -1.144056e+00 
-1.801378e+01 -5.960863e+00 -8.653977e+00 -5.337916e+00 -4.816665e+00 -3.766888e+00 -2.974120e+00 3.050155e+00 8.916230e+00 3.401950e+00 1.812237e+00 -1.886079e+00 
-1.983593e+01 -4.821986e+00 -9.219487e+00 -2.400866e+00 -3.224559e-01 5.614455e-01 -3.480924e-01 3.819942e+00 2.524878e+00 1.310862e+00 -9.665548e-01 -2.956112e+00 
-1.771849e+01 -1.285493e+00 -9.126850e+00 -1.292847e+00 -2.041524e-01 3.525418e+00 -7.208083e-01 -2.098352e+00 -4.591636e-01 3.237916e-01 -3.633009e+00 9.150075e-01 
-1.805323e+01 -3.501778e+00 -9.053588e+00 -2.012217e+00 -3.094643e+00 -8.629186e-01 1.722597e+00 -1.920803e+00 -1.124867e-01 1.433879e-01 -9.995462e-01 2.595393e+00 
-2.042542e+01 3.936241e-01 -4.499842e+00 -2.669140e+00 -4.448953e+00 -1.142934e+00 2.806295e+00 -2.949362e+00 -1.108175e+00 4.490443e-01 9.669900e-01 1.629696e+00 
-2.059197e+01 -1.896081e+00 -5.276055e+00 7.637874e-01 -5.784858e-01 2.540126e+00 -3.910060e+00 -6.697984e-01 3.011301e+00 -5.187567e-01 3.531547e+00 2.392720e+00 
-1.393887e+01 -3.532193e-01 1.672615e+01 -4.869155e+00 6.102878e-01 -5.262684e+00 -6.819568e+00 -2.461302e-01 -6.533736e+00 1.034110e+00 -6.016322e+00 4.155108e+00 
-1.479297e+01 1.872968e+00 1.782326e+01 -5.059371e+00 -2.699256e-01 -6.330362e+00 -5.419186e+00 -1.918354e+00 -6.612007e+00 -4.639469e+00 -5.156876e+00 7.210869e+00 
-1.989620e+01 -4.290306e-01 1.552187e+01 -6.062627e+00 -4.575644e+00 -7.514713e+00 -5.833822e+00 -7.569713e+00 -9.607471e+00 -6.395000e+00 -3.901951e+00 1.096265e+01 
-2.076125e+01 1.002823e-01 1.163414e+01 -9.255628e+00 9.500251e-03 -1.106157e+01 -1.042180e+01 -5.821979e+00 -8.175749e+00 -5.359423e+00 -9.718455e+00 2.905403e+00 
-1.711147e+01 2.216168e+00 7.595648e+00 -6.481267e+00 -1.967228e+00 -1.211068e+01 -8.643302e+00 -4.209754e+00 -7.843516e+00 -7.840223e+00 -4.582659e+00 8.998591e+00 
-1.629846e+01 1.936486e+00 5.986912e+00 -6.821026e+00 -2.959123e+00 -8.138081e+00 -4.654247e+00 1.649765e+00 -8.032643e+00 -6.171406e+00 -3.759128e+00 3.506421e+00 
-1.560598e+01 2.831537e+00 5.844021e+00 -5.866660e+00 2.590989e+00 -3.295909e+00 -4.716505e+00 1.300381e+00 -5.452386e+00 -3.685954e+00 -4.660335e+00 4.907465e+00 
-1.483296e+01 2.494484e+00 4.929155e+00 -4.467771e+00 5.521208e+00 -6.021297e+00 -4.127547e+00 2.679139e+00 -2.735071e+00 -1.947368e+00 -1.133600e+00 6.839191e+00 
-1.697506e+01 6.792164e+00 1.190963e+01 6.224605e-01 1.038622e+01 -2.135846e+00 -8.928027e+00 -4.255468e+00 -2.690288e-01 -3.978654e+00 -4.293254e+00 3.523422e+00 
-1.599167e+01 3.128294e+00 1.067749e+01 -8.836562e-01 2.739751e+00 2.480599e+00 -3.492934e+00 4.124428e+00 7.153956e+00 -1.456324e+00 -1.369551e+00 3.338416e+00 
-1.473380e+01 5.206957e+00 3.901066e+00 6.103395e+00 5.851840e+00 4.996927e+00 3.541471e-02 -5.983707e-01 4.328135e+00 -3.882305e+00 -1.826419e+00 1.688698e+00 
-1.586950e+01 4.833364e+00 2.129458e+00 1.980266e+00 -1.044196e+00 2.367735e+00 1.279711e-01 -2.408242e-01 1.412959e+00 -6.043495e+00 -1.997222e+00 2.123712e+00 
-1.523947e+01 3.254646e+00 -3.254994e+00 -1.885269e+00 -9.093690e+00 -5.301734e+00 -9.827055e-01 -3.196706e+00 -4.920278e+00 -3.564688e+00 6.049201e-01 1.515693e+00 
-1.940532e+01 -5.113302e-01 -2.126396e+00 2.695543e-01 -2.054631e+00 1.989143e+00 2.715788e-01 1.153852e+00 -1.639612e+00 -1.756997e+00 1.129441e+00 8.406719e-01 
-2.000193e+01 -2.466715e+00 -4.169255e+00 -3.155567e+00 -3.285782e+00 3.059678e+00 2.710004e+00 2.190982e+00 2.663616e+00 5.481742e+00 -1.254290e+00 7.133346e-01 
-1.972308e+01 -2.849527e+00 -3.393647e+00 -5.007591e-01 -1.714865e-01 7.700284e-01 2.408650e-01 2.761996e+00 -2.515605e-01 3.652456e+00 -2.007245e+00 3.049886e-01 
-2.052732e+01 -2.059656e+00 -2.809367e+00 1.973282e+00 2.703554e+00 -1.262114e-01 -4.536372e+00 -4.890562e+00 -1.061041e-01 2.291288e+00 4.288678e+00 -2.435763e+00 
-1.989072e+01 -8.873131e-01 -3.632808e+00 3.404627e+00 -3.436446e-01 -3.265908e+00 -2.632948e+00 -5.468106e+00 -4.052577e+00 -1.088540e+00 5.427507e+00 7.798159e-02 
-1.892924e+01 -8.108189e-01 -5.041133e+00 -2.326504e+00 -1.602606e+00 -7.148151e-01 -9.906182e-02 -2.204065e+00 -1.088019e+00 3.650130e+00 3.917839e+00 3.819910e-01 
-1.848767e+01 -1.242807e+00 -1.024440e+00 -2.094383e+00 -6.048258e+00 -5.740806e+00 -1.409793e+00 -9.942842e-01 -6.398925e-01 -5.460423e+00 -1.143205e+00 -2.683625e-01 
-2.017999e+01 -2.413100e+00 -2.222666e+00 -2.996985e+00 -2.797118e+00 1.988191e+00 -2.646672e-01 8.232442e-01 -2.878848e+00 1.782304e+00 2.675859e+00 2.129712e+00 
-1.813431e+01 -2.209229e+00 -5.222774e+00 5.522080e-01 -4.098015e+00 -6.286200e-01 -8.231987e+00 -3.253032e+00 -6.211917e+00 -7.307228e-01 -1.538814e-01 9.116741e-01 
-1.983922e+01 -9.914913e-02 -3.258021e+00 1.196806e+00 -2.337282e-01 2.056766e+00 -2.931785e+00 -3.221603e+00 -5.431559e+00 -6.020571e+00 -5.614579e+00 6.876671e-01 
-2.096670e+01 -1.854078e+00 -4.765644e+00 -5.808717e-01 -2.025055e+00 3.804005e+00 4.420844e+00 -1.345300e+00 -3.222837e+00 -3.407209e+00 -1.685683e+00 -8.497139e-01 
-2.084069e+01 -2.442469e+00 -2.099150e+00 2.082564e+00 2.285960e+00 2.492028e+00 -1.055339e+00 1.047323e+00 -3.459666e+00 7.832729e-01 3.418792e+00 1.369022e+00 
-1.960858e+01 -1.558004e+00 -3.884078e+00 1.076432e+00 -5.129640e+00 -9.333986e-01 -1.738928e+00 -3.450988e+00 -2.055490e+00 -2.644730e+00 2.165120e+00 7.222537e+00 
-1.903936e+01 -1.105527e+00 -4.340603e+00 1.437966e+00 2.504468e+00 2.674419e+00 2.246780e-01 2.551794e+00 -1.805224e+00 -1.282565e+00 -2.257107e-01 -8.477138e-01 
-1.914235e+01 -2.287090e+00 -4.532537e+00 -1.934554e-01 -2.862585e-01 -7.343401e-01 -2.344073e+00 -1.462442e+00 -2.666206e+00 -3.719088e-01 -7.744532e-01 1.805702e+00 
-1.961789e+01 -7.479843e-01 -4.568866e+00 3.659344e+00 -1.104672e+00 -3.072088e+00 -3.702950e+00 -1.551828e+00 -4.755673e+00 -5.303850e-01 1.731091e-01 1.487025e+00 
-2.037831e+01 1.409199e-01 -5.566681e+00 -1.773522e+00 1.589382e+00 -2.510628e+00 -4.254553e+00 -9.759171e-01 -5.465824e+00 -4.536386e-01 3.510249e+00 6.875525e+00 
-2.019532e+01 -1.622204e+00 -6.556626e+00 -3.735254e+00 -1.073330e+00 2.966690e-01 6.305979e-01 5.295182e-03 1.524823e+00 3.119218e+00 3.785743e-01 2.746544e-01 
-1.909853e+01 8.174160e-01 -6.079515e+00 -1.939910e+00 -2.557421e+00 2.421072e+00 1.856659e+00 2.917912e+00 6.256359e+00 -1.998532e+00 -4.593100e+00 -3.485462e+00 
-1.168392e+01 -3.152431e+00 -1.822526e+01 -1.451800e+01 -3.629216e+00 9.834336e+00 -4.344498e-02 -7.653385e+00 -5.127545e+00 4.198076e-01 7.777411e+00 1.239684e+00 
-1.241256e+01 -3.192044e+00 -1.681572e+01 -1.232538e+01 -2.444856e+00 1.012721e+01 3.209310e+00 -1.078804e+01 -1.137848e+01 -6.340423e-01 8.135722e+00 2.840734e+00 
-1.908921e+01 -1.423456e+00 -4.651815e+00 -3.060665e+00 -3.687043e+00 -3.322578e+00 -3.712081e+00 -6.940741e+00 -3.062936e+00 3.297296e+00 5.089658e+00 1.670364e+00 
-2.029887e+01 8.560046e-01 -8.452203e-01 2.616648e+00 -6.371962e-01 -2.533612e-01 3.393178e+00 -1.913457e+00 -4.004540e+00 -1.199174e+00 -2.564339e+00 2.302051e+00 
-1.932096e+01 -2.490619e+00 -3.888922e+00 -2.156008e+00 -2.827577e+00 -1.245321e+00 -3.613714e+00 4.803913e-01 -3.079963e-01 5.636654e-01 -1.730915e-01 -1.390397e+00 
-9.791646e+00 -8.099970e+00 -2.665265e+00 -7.965199e+00 -3.078310e+00 -6.183211e+00 -1.264552e-01 -1.014805e+01 5.212968e+00 3.343477e+00 1.180194e+01 -1.242726e+00 
-7.880196e+00 -2.937291e+00 2.058012e+00 -4.291934e+00 -2.779461e+00 -1.107872e+01 -2.549108e+00 -1.326352e+01 4.082573e+00 8.380917e-01 7.864692e+00 -7.217098e-01 
-1.179439e+00 -1.018307e+01 1.703675e+01 -6.272974e+00 -1.046963e+01 -1.253832e+01 -1.602540e+01 -1.706210e-01 -5.861209e+00 6.228033e-01 8.458824e-01 1.399689e+00 
-1.539925e+00 -1.330943e+01 1.886225e+01 -8.148431e+00 -1.020124e+01 -1.217116e+01 -1.898056e+01 2.376694e+00 -7.471309e+00 2.657411e+00 2.708303e-01 2.006708e+00 
-1.294488e+00 -1.392685e+01 1.683332e+01 -6.834995e+00 -8.927712e+00 -1.090919e+01 -1.305612e+01 3.701168e+00 -5.125865e+00 2.449432e+00 -1.176614e+00 -7.367104e-01 
-9.723519e-01 -1.145991e+01 1.519915e+01 -1.026915e+01 -7.527051e+00 -1.286263e+01 -1.263858e+01 2.033433e+00 -3.499305e+00 3.857113e+00 -9.235408e-01 6.546661e-01 
-5.625598e-01 -9.845337e+00 1.426067e+01 -1.224034e+01 -8.466416e+00 -1.455700e+01 -1.385427e+01 -3.062274e-02 -2.690392e+00 3.379026e+00 1.183313e+00 1.699032e+00 
-1.269835e+00 -6.824496e+00 1.122605e+01 -1.230648e+01 -1.356759e+01 -1.668712e+01 -9.321911e+00 1.411400e+00 -6.356030e+00 5.619952e+00 -3.342898e-01 5.575819e+00 
-5.367207e+00 -5.395010e+00 1.130537e+01 -1.053661e+01 -1.854252e+01 -2.084545e+01 -6.151336e+00 -3.777107e+00 -1.538834e+00 3.292645e+00 3.566627e+00 5.276143e+00 
-1.261746e+01 -4.197056e+00 8.899227e+00 -4.088982e+00 -1.511348e+01 -1.954823e+01 -5.252750e+00 -2.895893e+00 8.094552e+00 3.030512e+00 3.844756e+00 6.959862e+00 
-9.675502e+00 -4.527962e+00 5.191929e+00 3.587053e-01 -1.215987e+01 -1.945204e+01 -5.565699e+00 1.135077e+00 4.631814e+00 3.212909e+00 2.849169e+00 2.679729e+00 
-1.126920e+01 -6.376823e-01 -1.700145e+00 -7.164468e-01 -1.793953e+01 -2.108117e+01 -1.014786e+01 -9.763252e-01 2.644468e+00 6.612339e+00 4.197221e+00 4.055438e+00 
-1.591223e+01 -2.298701e+00 -8.213194e+00 -4.504334e+00 -1.204068e+01 -1.222116e+01 -1.012462e+01 -2.490592e+00 3.800394e+00 7.886793e+00 9.843757e+00 4.291112e+00 
-1.695041e+01 -5.632371e-01 -2.990403e+00 -3.167892e+00 -1.246048e+01 -1.247356e+01 -1.294614e+01 -4.546485e+00 1.722012e+00 6.672473e+00 7.398637e+00 2.751731e+00 
-1.703477e+01 -1.244856e+00 -5.897874e+00 -4.429974e+00 -6.166561e+00 -6.062252e+00 -6.891372e+00 -5.570962e+00 -5.638490e+00 -1.432736e+00 2.345528e+00 3.531089e+00 
-1.778697e+01 1.259648e+00 -3.072747e+00 -4.823553e+00 -4.308578e+00 7.605515e-03 -3.113992e+00 1.701911e-01 -2.438447e+00 -3.105540e+00 -2.899682e+00 -6.730417e-01 
-2.040405e+01 -1.807635e+00 -2.882024e+00 2.770711e+00 1.129852e+00 6.052575e-01 -3.947830e+00 -3.941594e+00 -7.464591e+00 -4.141026e-01 2.245301e+00 8.060042e-01 
-1.810254e+01 -1.753249e-02 -4.309724e+00 9.687935e-01 -5.849614e+00 -6.198450e+00 -1.891279e-01 -1.195914e+00 -5.269162e-02 1.254050e+00 -3.015361e+00 3.132743e+00 
-2.050431e+01 -1.752996e+00 -3.845328e+00 -6.572868e-01 -2.621870e+00 -5.471869e-01 -4.687451e+00 -2.103658e+00 -1.114222e+00 -9.931886e-01 1.414253e+00 4.610122e+00 
-1.963597e+01 -1.920327e+00 -5.262130e+00 -5.890883e-01 -3.106561e+00 -2.246328e+00 -2.473154e+00 2.570977e+00 -3.590573e-01 -2.175281e+00 -1.565169e-02 -1.460733e+00 
-1.994386e+01 4.769252e-02 9.403132e-01 -4.689620e+00 2.855406e+00 -5.907482e+00 1.471076e+00 2.402816e+00 -5.527634e+00 7.565854e+00 -1.373309e+00 -5.546526e+00 
-2.884917e+01 -5.814704e+00 1.425219e+01 -1.497074e+01 -1.445592e-01 -1.529324e+01 6.663780e+00 4.286058e+00 -9.085775e+00 7.640275e+00 -7.495923e+00 -3.377126e+00 
-1.742978e+01 -2.886067e+00 5.951795e+00 -1.344901e+01 -3.568740e+00 -1.693142e+01 6.794521e+00 9.962314e+00 -1.144264e+01 2.182315e+00 -1.066435e+01 4.716605e-01 
-1.729281e+01 -1.176216e+00 -4.286111e+00 -1.811730e+00 -8.710087e+00 -7.386135e+00 9.340002e-01 2.965258e+00 2.780855e+00 1.952076e+00 -8.153792e-01 1.979041e+00 
-1.859505e+01 -2.614239e+00 -7.068854e+00 -2.046316e+00 -2.506657e+00 -2.718735e+00 2.827878e+00 6.192565e+00 3.328752e+00 1.352392e+00 1.241779e+00 1.762367e+00 
-2.013835e+01 -1.750264e+00 -2.609409e-01 -2.953026e+00 -5.475857e-01 -1.883451e+00 -5.800203e+00 1.620279e-01 1.051165e+00 4.596758e-01 -1.435116e+00 1.014011e+00 
-1.773493e+01 -3.972695e+00 -4.031813e+00 2.619113e+00 -1.486068e+00 -2.121083e+00 -2.068479e+00 -3.522416e+00 -4.318296e+00 -1.031306e-01 2.715115e+00 -2.784774e+00 
-1.616315e+01 -7.533434e+00 -4.584608e+00 -1.168364e+00 -2.955150e+00 1.599948e-01 4.506344e+00 1.300228e+01 1.649452e+00 -9.688115e+00 -5.908161e+00 4.633269e-01 
-1.613575e+01 -8.244762e+00 -5.452853e+00 -1.160558e+00 -2.948970e+00 -5.676642e-01 4.138194e+00 1.348472e+01 2.148304e+00 -1.073864e+01 -4.817358e+00 -1.342396e+00 
-1.822799e+01 -2.189081e+00 -5.898479e+00 -3.039712e+00 -2.106279e+00 -2.643016e+00 -4.387784e+00 1.495481e+00 1.412287e+00 -2.888590e+00 -1.449732e+00 2.234715e+00 
-1.950010e+01 9.109848e-01 -4.564022e+00 -2.150257e+00 -3.180416e-01 1.457209e+00 -4.363296e+00 5.012988e+00 4.747142e-01 3.703046e-01 -4.658247e+00 -3.216787e+00 
-2.091958e+01 9.574278e-01 -3.723023e+00 -8.249069e-01 -1.392926e+00 6.943099e-01 2.300348e+00 8.224784e+00 1.057202e+01 4.826242e+00 -3.342898e-01 -4.153483e+00 
-1.836222e+01 7.935115e-01 -6.690282e-01 -3.293607e+00 -4.279579e-01 2.359640e+00 -2.887790e+00 5.255434e+00 -4.312816e-01 3.757442e+00 -5.216177e+00 -2.453618e-01 
-1.998824e+01 9.789187e-02 -2.346182e+00 2.551904e-02 -2.102747e+00 -3.563067e+00 -4.830644e+00 -9.044894e-01 -1.477590e-01 8.272518e+00 7.715474e-01 -8.935694e-02 
-1.932808e+01 -2.050117e-01 -5.927542e+00 -3.733854e-02 -3.198820e+00 -2.997322e+00 -4.094343e+00 2.014250e+00 2.459036e+00 6.804039e+00 -3.672812e-01 -1.095055e+00 
-1.927877e+01 -1.170410e+00 -6.725553e+00 5.394722e-01 -1.669262e+00 -2.578727e+00 -3.216925e+00 -3.346092e+00 -1.802201e+00 2.859411e+00 -2.336453e-01 4.551787e+00 
-1.845809e+01 4.501434e+00 1.087443e+00 3.110470e+00 -1.301550e+00 1.747701e+00 -2.680264e+00 7.852855e-01 -6.449314e-01 3.309257e+00 -2.829235e-01 -1.253060e+00 
-1.712846e+01 2.466140e+00 -2.407335e+00 4.404186e+00 4.056981e+00 1.798656e+00 -3.862771e-01 -2.175086e+00 -2.359168e+00 -4.772696e+00 -4.123286e+00 3.449419e+00 
-1.502088e+01 4.862733e+00 2.724636e+00 6.378653e+00 3.074797e+00 1.964380e+00 5.986390e-01 -7.865317e-01 -1.133370e+00 -1.464298e+00 -3.143150e+00 -5.740532e+00 
-1.904429e+01 -8.275520e-01 -1.368953e+00 2.350838e+00 2.386030e-01 1.038013e-01 2.919604e+00 7.295816e+00 2.439321e-01 -1.639054e+00 1.509756e-01 -2.228423e+00 
-1.832442e+01 -3.890760e-01 -4.089938e+00 7.379048e-01 -1.701928e+00 -6.257626e-01 3.998295e-01 5.984405e+00 8.422186e-01 3.844488e+00 1.859010e+00 4.453451e+00 
-1.995591e+01 -2.215376e+00 -6.893268e+00 5.961672e-01 1.709010e+00 2.094387e+00 9.734300e-01 1.090180e+00 -3.037070e+00 2.831835e+00 8.613889e+00 5.389480e+00 
-1.914126e+01 7.767784e-01 -4.413260e+00 1.714046e+00 3.831410e+00 3.596850e+00 1.883637e+00 1.070180e+00 2.272597e+00 2.378001e+00 2.559345e+00 -5.330374e-01 
-1.902019e+01 9.451340e-01 -3.557124e+00 -2.248857e+00 -2.218096e-01 -2.861124e+00 -4.596970e+00 -2.852628e+00 -1.258335e+00 2.204665e-01 1.909541e+00 3.062407e+00 
-1.808774e+01 3.461567e-01 2.755062e-01 4.877466e+00 -8.543802e-01 5.545529e+00 -2.065574e+00 1.230994e+00 3.900605e-01 1.365349e+00 2.945637e+00 -4.413157e+00 
-1.860656e+01 4.294808e-01 -6.139457e+00 -2.232013e+00 9.409197e-01 8.165197e+00 8.219391e+00 -4.755152e-01 -3.439846e+00 -3.458041e+00 2.039836e+00 3.885766e+00 
-1.973842e+01 -1.650548e+00 -7.556864e+00 -9.074845e-01 3.379249e-01 2.029621e+00 2.205717e+00 1.235076e+00 2.290401e+00 -2.121037e-01 1.377920e+00 -2.261424e+00 
-1.966391e+01 -2.140589e+00 -4.192263e+00 -5.262308e-01 -1.540805e+00 -3.935945e+00 -6.165448e+00 -2.392634e+00 7.090802e+00 4.429222e+00 -5.197097e-01 -1.115055e+00 
-1.904320e+01 -4.498616e-01 6.212301e-01 5.630936e+00 -3.515768e+00 2.950148e+00 1.985325e+00 1.736702e+00 -1.860547e-01 -4.349428e+00 -1.826966e-01 -3.055782e+00 
-1.609412e+01 6.818436e-01 -9.644980e-01 5.135896e-01 -1.452078e+00 1.564358e+00 1.479377e+00 1.638336e+00 1.124398e+00 -2.329771e+00 2.118347e+00 -4.526828e+00 
-1.726049e+01 3.525108e+00 -7.719583e-01 -2.600531e+00 -1.663965e+00 4.235933e+00 1.357352e+00 7.158986e-01 -3.556749e+00 2.254078e+00 -3.567861e+00 1.369834e-01 
-1.820060e+01 2.867052e+00 9.221491e-01 3.697552e+00 1.485646e+00 2.135818e+00 8.725727e-01 3.759028e-01 -2.133425e+00 -5.473712e+00 3.063274e-01 1.151682e+00 
-1.930836e+01 2.335349e+00 -5.570161e-01 5.370467e+00 1.502420e+00 2.706325e+00 1.128659e+00 4.783195e+00 -2.839208e+00 2.147430e+00 -1.053836e+00 -1.129722e+00 
-1.723638e+01 3.135124e+00 -8.833649e-01 2.780571e+00 1.356306e+00 1.816753e+00 -6.170455e-01 -1.885702e+00 -4.554684e-01 -1.557988e+00 -4.488455e-02 -3.613654e-01 
-1.464724e+01 4.979865e+00 9.227545e-01 5.084527e+00 2.633366e+00 -2.178705e+00 1.187596e+00 1.073037e+00 3.276683e+00 1.963704e+00 3.400417e+00 -2.703626e-01 
-1.682933e+01 1.404441e+00 -2.286846e+00 4.115370e+00 1.485646e+00 -3.415440e+00 -1.242112e+00 6.917046e+00 -9.805227e-01 3.625212e+00 6.738262e-01 1.950373e+00 
-1.728569e+01 -1.377378e-01 -3.431791e+00 1.405099e+00 1.371315e+00 -7.313273e+00 -8.330769e+00 1.653846e+00 8.385234e-01 -4.971704e+00 -9.168590e-01 6.183317e-01 
-1.436620e+01 5.191248e+00 -3.196716e-01 4.282579e+00 2.671606e-02 3.073012e+00 6.125459e+00 -2.540796e+00 -6.555907e+00 -4.944793e+00 -1.836441e+00 -3.162119e+00 
-1.554462e+01 3.058288e+00 -6.575243e-01 3.551706e+00 4.336407e+00 5.572673e+00 5.270453e+00 2.156697e+00 1.169076e+00 3.474046e+00 -7.038767e-01 -4.765502e+00 
-1.562790e+01 2.787485e+00 -4.710393e-01 4.607138e+00 1.025233e+00 3.034915e+00 2.518665e+00 -1.852233e+00 -6.063102e+00 3.600959e+00 1.030885e+00 -4.471493e+00 
-1.697342e+01 1.914630e+00 -2.177861e+00 2.795361e+00 -2.833757e+00 2.033431e+00 1.948385e+00 -4.073838e+00 -1.893573e+00 2.643125e+00 -1.886137e+00 3.919913e-01 
-1.782313e+01 1.542062e+00 -2.344366e+00 -2.067679e+00 7.047541e-01 6.460341e+00 -1.388210e+00 -2.636713e+00 1.887960e+00 4.258121e+00 1.379173e+00 -3.811472e+00 
-1.743471e+01 2.556977e+00 -4.280662e+00 -2.557393e+00 -1.428682e+00 -1.282942e+00 -3.128519e+00 -1.130609e+00 5.465921e+00 7.840612e+00 -9.389924e-01 -3.379792e+00 
-1.932479e+01 -1.281054e+00 -5.721682e+00 6.401264e-01 6.972498e-01 2.619654e+00 8.294073e-01 4.061571e+00 4.605947e+00 1.980648e+00 2.629922e+00 1.179682e+00 
-1.922727e+01 7.897551e-01 -5.821585e+00 -8.175120e-01 -3.689250e+00 -2.762196e-01 -3.258015e+00 4.970948e+00 9.474542e+00 4.703980e+00 6.054343e+00 2.291384e+00 
-1.895883e+01 1.947755e+00 8.115008e-02 4.151523e+00 7.577258e-01 -2.885411e+00 -1.248753e+00 -2.504061e+00 -1.900292e+00 -3.147644e-01 -2.084503e+00 -2.891110e+00 
-1.817102e+01 2.679573e+00 -4.945468e+00 2.494220e+00 5.180423e+00 -1.526765e+00 -4.411857e+00 6.914091e-01 -1.151741e-01 -5.133171e+00 -6.365028e+00 -2.663103e+00 
-1.849699e+01 5.595893e-01 -3.035208e+00 3.243580e+00 2.026399e+00 1.934854e+00 8.231548e-02 6.271748e+00 6.699447e+00 4.872513e-01 -2.923486e+00 4.699937e-01 
-1.786203e+01 2.256464e+00 -8.549078e-01 -1.128924e+00 3.164849e+00 5.842212e+00 7.933836e+00 7.603568e+00 3.610259e+00 3.252445e+00 -1.208770e+00 -1.902413e+00 
-1.923166e+01 -7.414960e-01 -6.224223e+00 1.767044e+00 8.354177e-01 3.613042e+00 5.455151e+00 3.106073e+00 1.209723e+00 1.950083e+00 -7.041978e+00 -7.697114e-01 
-1.946285e+01 -9.002898e-01 -5.942073e+00 -6.461943e-01 -4.932897e-01 7.510399e+00 6.168624e+00 5.014621e+00 2.644132e+00 -2.006838e+00 -8.863733e-01 2.003708e+00 
-2.165918e+01 -2.862504e+00 -3.499604e+00 -3.269764e-01 -2.564484e+00 2.641560e+00 4.454463e+00 2.328123e+00 1.811369e+00 -3.184189e-01 -7.377033e-01 -3.253122e+00 
-2.100614e+01 -2.413100e+00 -2.977688e+00 5.316663e-01 -2.051706e-02 2.580128e+00 3.541739e-01 2.044764e-01 1.128093e+00 -1.910822e+00 -5.698231e-01 2.331323e-02 
-1.979813e+01 -2.429492e+00 -6.503950e+00 1.220650e-01 1.425611e+00 3.477320e+00 3.008840e+00 2.811791e+00 -1.130010e+00 -8.321631e+00 -3.962923e+00 6.163316e-01 
-2.024518e+01 -2.106782e+00 -6.356215e+00 -4.954183e-01 1.238886e+00 6.090671e-01 2.776412e+00 2.246900e+00 -7.058118e+00 -5.376035e+00 -3.783767e+00 -3.804472e+00 
-1.917578e+01 -9.019973e-01 -4.760800e+00 9.963194e-01 1.674137e+00 8.181263e-01 -3.026417e+00 -2.366512e+00 -6.052920e-01 6.077440e+00 -2.500862e+00 -6.743751e-01 
-1.964199e+01 3.014212e-01 -6.112211e+00 -1.429654e+00 -2.094360e+00 -3.431631e+00 -3.118143e+00 4.282793e+00 4.544473e+00 4.242173e+00 -2.230667e+00 -1.929747e+00 
-1.888925e+01 -3.364862e-01 -7.333445e+00 -8.869276e-02 -1.874527e+00 8.209836e-01 -2.488952e-01 -4.099960e+00 -1.697727e+00 3.145465e+00 1.065788e-02 -6.693749e-01 
-1.914455e+01 -1.631425e+00 -6.132797e+00 1.351691e+00 6.623767e-01 2.954911e+00 2.172513e+00 -4.286488e+00 -3.115005e+00 -1.576926e+00 1.358710e+00 1.456691e+00 
-2.018382e+01 -4.246142e-02 -3.098783e+00 -3.577083e+00 -1.375269e+00 4.743104e+00 1.628354e-01 4.556259e+00 -1.453172e+00 -1.226750e+00 -1.531167e+00 9.686759e-01 
-2.120720e+01 -1.589080e+00 -6.864811e+00 -5.364621e+00 1.226526e+00 6.982751e+00 -7.374103e-01 -1.814682e+00 -1.589559e+00 4.415932e+00 -2.475806e+00 -2.190089e+00 
-2.007261e+01 -1.506438e+00 -4.100837e+00 -3.108732e+00 -4.374351e+00 3.780194e+00 1.974118e+00 -2.500796e+00 -1.779358e+00 2.236802e+00 -1.949196e+00 -1.433399e+00 
-1.968856e+01 5.073410e-01 -3.534721e+00 -4.847366e-01 -1.155436e+00 -3.429250e+00 -3.900929e+00 1.193852e+00 2.816463e+00 3.052439e+00 2.463712e+00 4.110773e+00 
-2.092944e+01 -2.484814e+00 -3.423920e+00 3.398054e+00 2.672960e-01 2.120103e+00 -1.119672e+00 -2.258758e+00 -2.018433e-01 -3.118829e+00 2.142569e+00 5.176473e+00 
-2.073441e+01 -2.698929e+00 -5.664768e+00 2.551904e-02 3.520507e-01 3.136349e+00 -2.024899e+00 -7.065327e-01 -1.355417e+00 -2.068634e+00 4.098247e+00 3.786576e-01 
-1.824279e+01 -3.075595e+00 -7.970400e+00 -1.448964e+00 -4.140393e+00 2.961577e+00 1.373539e+00 -3.057116e+00 4.135649e+00 6.544563e+00 -2.935597e+00 -7.757115e-01 
-1.748565e+01 1.689223e-01 -1.439793e+00 4.792424e+00 -4.377441e+00 -1.168173e+00 3.258701e+00 2.975365e-01 2.875922e+00 1.353388e+00 8.415764e-02 -2.845109e+00 
-1.971322e+01 6.517922e-01 -3.663081e+00 -2.992877e+00 -1.481212e+00 6.814521e-01 8.318976e-01 3.836268e+00 3.771168e+00 5.220606e+00 2.937990e-01 -1.147056e+00 
-1.989839e+01 -1.778608e+00 -4.099626e+00 -4.653057e+00 -4.105078e+00 -1.809637e+00 2.124782e+00 -1.928558e+00 -2.865075e+00 3.500624e+00 4.687786e-01 2.001041e+00 
-2.013944e+01 -1.619131e+00 -5.483127e+00 -5.336105e-02 1.870132e+00 3.856865e+00 -3.663547e-01 -4.977908e+00 -7.937471e-01 7.756889e+00 4.458099e-01 -2.189089e+00 
-1.854356e+01 -1.188851e+00 -4.658475e+00 -4.254137e+00 -1.325829e+00 1.325773e+00 5.337276e+00 -1.169792e+00 -8.527656e-02 -5.491985e+00 9.376273e-02 3.538089e+00 
-1.986607e+01 -1.362670e+00 -5.300880e+00 -4.796848e+00 1.863069e+00 4.478328e+00 1.889863e+00 -6.404110e-01 -3.101903e+00 1.190261e+00 3.450113e+00 2.076523e-01 
-2.027641e+01 -1.414919e+00 -4.674823e+00 5.029079e-01 2.383075e+00 3.993063e+00 2.954054e+00 1.755885e+00 -6.889147e+00 -2.702871e+00 2.130875e+00 -1.019386e+00 
-1.899718e+01 -7.206650e-01 -6.991354e+00 6.130114e-01 -2.728696e+00 3.448271e+00 1.483528e+00 6.873275e-01 -6.963282e-01 1.249731e+00 -3.012985e-01 -2.044084e+00 
-1.937355e+01 -2.914093e-01 -7.674325e+00 -4.962399e-01 -4.460430e+00 -4.395619e-01 -1.626865e+00 -2.136311e+00 -3.598404e+00 -3.165674e+00 5.990736e-01 3.643092e+00 
-2.069113e+01 -2.017994e+00 -8.202901e+00 2.900960e-01 -5.105055e-01 3.124444e+00 2.900927e+00 -4.542811e+00 -4.030070e+00 1.611535e+00 3.949159e+00 3.018406e+00 
-2.057718e+01 -2.565406e+00 -5.995960e+00 -1.869246e+00 -9.776749e-02 -8.976824e-01 -2.714298e+00 -3.193849e+00 1.804650e+00 -2.388908e+00 2.779845e+00 4.492452e+00 
-2.083686e+01 -2.517597e+00 -3.436030e+00 -1.480187e+00 -1.727972e+00 1.163383e+00 2.513685e+00 2.978727e+00 -1.925486e+00 -2.751377e+00 -2.685447e+00 -2.944445e+00 
-2.023751e+01 -3.365864e+00 -3.870758e+00 -1.722990e+00 -4.340802e+00 -1.545813e+00 2.430674e+00 2.239553e+00 1.151272e+00 1.786291e+00 -3.969317e-01 2.267383e+00 
-1.990770e+01 -2.509401e+00 -6.205453e+00 -9.374754e-01 -2.224141e+00 -1.262114e-01 -1.023795e+00 1.662009e+00 3.398289e+00 2.385311e+00 -2.630322e+00 8.970070e-01 
-1.923330e+01 -1.390331e+00 -4.414471e+00 -1.468273e+00 -1.388953e+00 1.138018e-01 1.227026e+00 9.141656e-02 2.271925e+00 1.528476e+00 5.659523e-02 1.558028e+00 
-1.847891e+01 -1.305983e+00 -7.225066e+00 -2.464134e+00 1.975499e-01 1.362918e+00 -1.101410e+00 6.113382e+00 -2.062209e+00 2.556080e+00 -3.341098e+00 -1.416065e+00 
-2.027038e+01 4.468969e-01 -2.578683e+00 -4.436547e+00 -1.098050e+00 5.202653e+00 -1.434696e+00 2.618324e+00 -2.039030e+00 -4.309892e+00 -1.313173e+00 -1.040720e+00 
-2.032955e+01 -4.942556e-01 -5.220958e+00 -7.226109e+00 -2.392767e+00 -3.262224e-01 -4.052838e+00 -2.752222e+00 2.223887e+00 7.425318e+00 2.778592e+00 2.430054e+00 
