-2.008533e+01 6.775345e+00 4.934885e+00 -1.078938e+00 6.636203e+00 -1.027999e+01 2.044032e+00 2.680289e+00 4.119742e+00 -9.148192e-01 -4.676428e+00 4.565961e+00 
-1.939604e+01 2.620192e+00 -7.064876e-01 -5.046511e+00 8.569665e+00 -8.854783e+00 2.025930e+00 -1.941215e+00 -1.787528e+00 3.648183e+00 -6.165466e+00 -2.277853e+00 
-1.662029e+01 2.654158e+00 -7.551891e-01 -9.221415e+00 3.583699e+00 -1.123920e+01 4.495347e+00 -1.859499e+00 -5.601899e+00 4.040009e+00 -7.521300e+00 -3.677838e-01 
-1.512769e+01 1.763438e+00 -3.232142e+00 -1.448858e+01 -8.444094e-01 -9.585268e+00 7.045469e+00 -5.269407e+00 -1.096840e+01 3.716943e+00 3.671008e-01 2.856867e+00 
-1.685308e+01 -5.176088e-01 4.362327e-01 -8.566738e+00 3.861334e+00 -1.245766e+01 -3.699477e-01 -7.575816e+00 -2.449921e+00 5.380300e+00 -3.150506e+00 -3.055960e+00 
-1.063260e+01 -7.332810e-01 -6.766080e-01 -1.037417e+01 -4.521717e-01 -9.809890e+00 -2.891785e+00 -3.592281e+00 -6.696531e+00 4.294315e+00 1.735127e+00 -2.713259e+00 
-3.274086e+00 -3.560104e+00 -1.756510e+00 -6.660274e+00 5.368177e+00 -1.027679e+00 2.735303e+00 1.338074e+00 -2.298356e+00 -5.325099e+00 -4.673989e+00 -2.912142e+00 
4.591544e-01 -3.385983e+00 8.848981e-01 -5.583619e+00 2.676118e+00 -3.686257e+00 -1.526968e+00 -1.519119e+00 -9.828395e+00 1.689748e+00 -5.208031e+00 -7.028184e-01 
3.646488e+00 -3.611549e+00 -1.402660e+00 -1.312069e+01 6.454284e-01 -2.807514e+00 -4.600807e-01 -4.605055e+00 -1.190726e+01 7.058169e+00 -1.203934e+00 -3.214416e+00 
3.252606e+00 -5.384085e+00 -1.704045e+00 -1.591014e+01 -7.746462e+00 3.688998e+00 -5.852219e+00 -6.043464e+00 -1.226839e+01 7.427190e+00 2.045737e+00 1.629413e+00 
2.061459e+00 -5.426296e+00 2.655797e+00 -2.081729e+01 -6.982319e+00 3.190212e+00 -3.162184e+00 -5.194767e+00 -1.443520e+01 2.700408e+00 7.130699e-01 3.154494e+00 
1.023632e+00 -4.115114e+00 2.777668e+00 -2.154953e+01 -8.440734e+00 5.210686e+00 -3.256465e+00 -3.888264e+00 -1.660576e+01 1.543936e+00 -9.390469e-01 3.407513e+00 
1.265489e+00 -2.317845e+00 2.521456e+00 -2.138025e+01 -8.034448e+00 4.636281e+00 -3.280978e+00 -1.787433e+00 -1.718254e+01 2.693152e+00 -1.803208e+00 1.374303e+00 
1.613591e+00 -1.985433e+00 4.102725e+00 -2.173734e+01 -8.843693e+00 4.511492e+00 -3.117306e+00 -3.515712e+00 -1.506813e+01 8.376834e-01 7.334928e-01 -4.881360e-01 
2.577997e+00 -1.432402e+00 2.990355e+00 -2.111096e+01 -7.976777e+00 3.443143e+00 -2.846530e+00 -2.830771e+00 -1.710208e+01 -8.106744e-02 -8.183388e-01 1.473977e+00 
2.403514e+00 -1.655989e+00 3.646060e+00 -1.990210e+01 -8.924654e+00 3.445751e+00 -2.033825e+00 -5.036481e+00 -1.842547e+01 1.238289e-01 6.783206e-01 5.237057e-01 
2.357734e+00 -5.420120e-01 3.335265e+00 -1.893716e+01 -9.291383e+00 3.426008e+00 -2.606301e+00 -5.029404e+00 -2.005993e+01 -1.715055e+00 9.947223e-01 6.995873e-01 
3.317822e+00 -4.882588e-01 3.544423e+00 -1.851762e+01 -9.284729e+00 3.511312e+00 -2.705485e+00 -4.700606e+00 -2.071437e+01 -2.473482e+00 5.021355e-01 2.765092e+00 
3.201212e+00 6.464937e-01 1.560602e+00 -1.590087e+01 -1.007327e+01 3.653982e+00 -2.367958e+00 -6.289902e+00 -1.939379e+01 -3.217743e+00 3.246722e+00 1.501026e-01 
4.326712e+00 1.472248e+00 1.193202e-01 -1.397733e+01 -9.530940e+00 1.527715e+00 -4.083501e+00 -5.817296e+00 -1.993596e+01 -3.222235e+00 2.605689e+00 1.329094e-01 
3.645624e+00 5.212545e+00 -2.852882e+00 -1.085615e+01 -8.859959e+00 -1.361072e+00 -2.253689e+00 -1.028791e+01 -1.825191e+01 -5.352396e+00 2.160349e+00 -2.934349e-01 
3.527287e+00 8.300220e+00 -1.121274e+00 -1.356413e+01 -8.174929e+00 7.897801e-01 -1.507735e+00 -8.008207e+00 -2.020728e+01 -7.206829e+00 3.719191e+00 8.466586e-01 
4.015752e+00 9.670761e+00 -5.168908e+00 -1.209038e+01 -6.246643e+00 1.374243e+00 -1.466628e+00 -9.179588e+00 -1.790856e+01 -9.567801e+00 7.880553e-01 -2.269856e-01 
2.598728e+00 1.057665e+01 -3.752801e+00 -7.554965e+00 -6.603760e+00 2.587124e+00 5.668962e+00 -1.105779e+01 -1.863597e+01 -7.689872e+00 3.606780e-02 -7.167588e-01 
1.439108e+00 1.019345e+01 -2.734069e+00 -7.323243e+00 -5.865865e+00 1.887557e+00 5.677635e+00 -1.139045e+01 -1.946350e+01 -9.547415e+00 1.993003e+00 6.954052e-01 
-6.762794e-01 9.736386e+00 -3.719157e+00 -2.891738e+00 -5.193405e+00 -7.035980e-01 1.239246e+00 -8.557383e+00 -1.632461e+01 -9.204999e+00 2.036592e+00 1.352463e+00 
-5.169126e-01 1.174636e+01 -4.694363e+00 -4.826497e+00 -2.759757e+00 -1.066419e+00 2.595766e+00 -1.115334e+01 -1.716570e+01 -1.008954e+01 9.063032e-02 3.478609e+00 
-4.587890e+00 9.288223e+00 -1.206442e+00 -3.745451e+00 -3.475504e-01 4.865599e-01 -1.537151e+00 -8.259470e+00 -1.555650e+01 -1.066484e+01 -1.864476e+00 6.379145e+00 
-5.271136e+00 7.173712e+00 -1.812976e+00 1.221154e-01 -1.563450e+00 5.380177e+00 3.317585e+00 -7.810671e+00 -8.869422e+00 -5.393514e+00 -3.602552e+00 4.011365e+00 
-8.087479e+00 6.440294e+00 3.955305e-01 -1.047286e-01 -1.228144e+00 2.476117e+00 -5.192893e-01 -6.603579e+00 -1.208876e+01 -5.844078e+00 1.673248e+00 2.270073e-01 
-8.028742e+00 6.109860e+00 -3.568112e+00 1.501229e+00 9.877583e-01 2.949458e-02 -2.376632e+00 -5.119485e+00 -3.838326e+00 -6.281858e+00 8.931285e+00 6.716735e+00 
-1.102864e+01 6.869330e+00 -1.598642e+00 1.992480e+00 1.082029e+00 -1.425515e+00 -8.162490e+00 -1.105940e+01 -1.199006e+01 -6.990875e+00 -7.223209e-01 2.232568e+00 
-1.473683e+01 3.886524e+00 -1.559491e-01 1.399271e+00 8.032846e-01 -3.608776e+00 -8.160227e+00 -7.650455e+00 -1.172014e+01 -3.925378e+00 -8.054732e+00 -7.952898e-01 
-1.626744e+01 3.695585e+00 -2.577378e+00 5.186692e-02 -4.012995e+00 -4.010710e+00 -7.929426e+00 -7.367985e+00 -1.227775e+01 -1.095232e+01 -7.738940e+00 -1.305509e+00 
-1.542785e+01 4.652919e+00 -1.307845e+00 -1.991680e+00 -4.932406e+00 -7.199364e+00 -4.116688e+00 -5.573753e+00 -6.514092e+00 -3.009046e+00 -1.461506e+00 -4.625419e+00 
-1.689540e+01 1.411240e+00 -4.758357e+00 -1.560432e+00 -4.148670e+00 -2.749776e+00 -7.579453e+00 -4.248911e+00 2.475455e+00 -6.841609e+00 -4.460007e+00 -9.725654e-01 
-1.892139e+01 1.148740e+00 -2.949579e+00 -2.277552e+00 -3.815952e+00 1.377595e+00 -8.350675e+00 -1.431290e+00 4.447728e-01 -6.086982e+00 -3.732100e+00 1.273700e+00 
-1.964135e+01 -9.703885e-01 -6.271397e+00 -4.522575e+00 -3.321311e+00 -1.590163e+00 9.703560e-01 5.701290e-01 4.601567e+00 -8.318931e-01 -3.100821e+00 9.909420e-01 
-1.731952e+01 5.808687e-01 -4.178645e+00 -4.472468e-02 -3.814473e+00 -5.481738e+00 -6.910810e+00 -2.705300e+00 -4.273372e+00 -1.513268e+00 -1.774555e+00 -1.229998e+00 
-1.187557e+01 7.787331e-01 4.465847e-01 -3.968880e+00 -2.955691e+00 -7.855348e+00 -1.527583e+01 -1.092041e+01 -8.476945e+00 -4.693480e+00 -2.041271e+00 -6.561742e+00 
-1.805157e+01 -2.590659e-01 5.895269e+00 -6.512947e+00 2.108279e+00 -1.073445e+01 -1.472824e+01 -1.067687e+01 -1.098758e+01 3.093758e-01 -8.937487e+00 -5.152366e+00 
-2.260280e+01 -6.242816e+00 3.568185e+00 -8.426729e+00 9.885381e+00 -4.936388e+00 -7.683163e+00 3.431504e+00 -8.075048e-01 2.995141e+00 -3.049306e+00 3.331867e-01 
-2.149458e+01 -6.145623e-01 4.068140e+00 -7.788639e+00 5.326772e+00 -7.418025e+00 -7.411256e+00 -8.467248e-01 8.770121e-01 6.365392e+00 -4.022897e+00 -4.258554e+00 
-2.026974e+01 4.011178e+00 4.539392e+00 -3.046382e+00 5.296828e+00 -6.296782e+00 -3.242889e+00 2.547740e+00 -8.448878e+00 -5.464895e-01 -2.659138e+00 -4.134716e+00 
-1.515576e+01 5.799543e+00 4.095196e+00 -6.155363e+00 3.442848e+00 -7.916439e+00 -8.447486e-01 3.773493e+00 -8.799722e+00 -3.111321e+00 -6.413894e+00 -5.644928e+00 
-1.539891e+01 6.819864e+00 1.928568e+00 -1.021806e+01 4.703111e+00 -8.472219e+00 -1.693170e-01 8.179445e+00 -2.786730e+00 5.766597e+00 -4.463665e+00 -2.769253e+00 
-1.455414e+01 1.991972e+00 -1.208325e+00 -1.168499e+01 3.396974e-01 -3.615481e+00 1.587821e-01 -6.554034e+00 -8.795447e-01 3.412535e+00 -4.308207e+00 1.497211e+00 
-1.655378e+01 1.987355e+00 4.283179e+00 -5.637281e+00 3.770391e+00 -2.774507e-01 -1.557893e+00 -3.361930e+00 3.171997e+00 2.985466e+00 -4.904432e+00 1.678437e+00 
-7.773064e+00 1.083774e+00 -3.942805e-01 -6.267565e+00 5.693132e+00 -7.208677e+00 -8.660295e+00 -5.613647e+00 -3.939133e-02 6.644230e+00 -1.104563e+00 -4.865426e+00 
-1.033019e+00 -4.486769e+00 -4.018092e-01 -5.962180e+00 3.904217e+00 -5.777880e+00 -4.034852e+00 -9.270636e+00 -6.960365e+00 -1.622800e+00 -1.899530e+00 1.345358e-01 
-1.036042e+00 -7.691514e+00 -2.779948e+00 -4.327928e+00 7.700161e+00 3.863557e-01 -2.937040e+00 2.117923e+00 4.071560e+00 1.567954e-02 -5.375986e+00 -2.236032e+00 
-1.530122e+00 -3.349708e+00 -1.745923e+00 -1.091372e+01 2.550391e-01 1.078711e+01 -4.731026e+00 -4.641409e+00 -2.543947e+00 4.920061e+00 3.497588e+00 -4.458366e+00 
3.437886e+00 -1.852204e+00 -1.917202e+00 -1.568378e+01 -5.003016e+00 5.294500e+00 -2.648916e+00 -9.569191e+00 -6.515496e+00 5.632188e+00 3.148875e+00 -9.748887e-01 
3.809742e+00 -4.443239e+00 7.136194e-01 -1.942988e+01 -7.564576e+00 1.843228e+00 -4.869808e+00 -5.733005e+00 -1.170330e+01 2.096776e+00 4.183734e+00 6.621805e-01 
2.825469e+00 -3.777096e+00 1.877514e+00 -2.129146e+01 -8.398959e+00 3.694213e+00 -1.752112e+00 -6.925941e+00 -1.489504e+01 1.549261e-01 6.313785e-01 3.218388e+00 
2.571087e+00 -3.895155e+00 2.802607e+00 -2.243105e+01 -7.481397e+00 1.851423e+00 -2.853318e+00 -6.185665e+00 -1.513876e+01 8.318095e-01 -5.235792e-01 1.549953e+00 
2.781416e+00 -3.026200e+00 2.449227e+00 -2.241934e+01 -9.340551e+00 3.580598e+00 -2.556521e+00 -6.473282e+00 -1.659734e+01 1.525969e+00 7.481241e-01 -2.606749e-01 
3.171843e+00 -3.279467e+00 2.725908e+00 -2.198614e+01 -9.863289e+00 3.971357e+00 -3.566085e+00 -5.451178e+00 -1.772612e+01 1.188046e+00 6.133943e-01 -4.869743e-01 
3.578682e+00 -2.266401e+00 2.285713e+00 -2.053044e+01 -1.068362e+01 4.072679e+00 -4.349752e+00 -5.252356e+00 -1.664271e+01 -1.004310e+00 1.428174e+00 -8.182915e-01 
4.531427e+00 -2.228147e+00 1.176872e+00 -1.864495e+01 -1.044555e+01 4.242915e+00 -4.112917e+00 -5.995528e+00 -1.572771e+01 -2.687017e+00 3.224165e+00 -1.037621e+00 
4.895077e+00 -1.232559e+00 -7.627178e-01 -1.622918e+01 -1.131468e+01 4.549487e+00 -5.110414e+00 -8.347300e+00 -1.471775e+01 -3.314836e+00 5.420689e+00 -1.421214e+00 
5.298892e+00 3.678346e-01 -2.771948e+00 -1.322314e+01 -1.191283e+01 2.905617e+00 -3.524979e+00 -8.839852e+00 -1.550224e+01 -3.350079e+00 4.960413e+00 9.135727e-01 
5.700548e+00 3.544548e+00 -5.085151e+00 -1.186500e+01 -1.314278e+01 4.609833e+00 -3.150116e+00 -9.122001e+00 -1.695145e+01 -6.792890e+00 5.029606e+00 1.006974e+00 
4.776308e+00 5.998397e+00 -3.778210e+00 -1.338559e+01 -1.141634e+01 4.572583e+00 -2.651556e+00 -8.302258e+00 -1.882075e+01 -5.802269e+00 6.348252e+00 -1.150073e+00 
3.748846e+00 7.520964e+00 -1.532295e+00 -1.291629e+01 -8.582693e+00 2.373531e-01 -1.390449e+00 -9.601042e+00 -1.811158e+01 -9.166301e+00 6.713729e+00 1.671002e+00 
2.190593e+00 7.720148e+00 -1.770392e+00 -9.041891e+00 -7.232597e+00 1.345414e-01 -9.763653e-01 -7.318118e+00 -1.789920e+01 -6.419377e+00 4.832693e+00 2.814116e+00 
1.029678e+00 9.084093e+00 -4.119260e-01 -1.051613e+01 -6.763465e+00 2.906734e+00 -8.145785e-01 -4.292022e+00 -1.932971e+01 -1.020495e+01 5.678260e+00 4.039478e+00 
-1.881679e+00 1.291013e+01 -9.928148e-01 -7.561307e+00 -7.519104e+00 -2.562032e+00 1.757794e+00 -3.666920e+00 -1.372744e+01 -1.291006e+01 -1.974821e+00 1.713753e+00 
-4.197463e+00 9.040893e+00 -1.290319e-02 -4.732832e+00 -8.088422e+00 1.398828e+00 2.600292e+00 -2.093389e+00 -1.239049e+01 -1.521644e+01 -6.123706e+00 -1.136035e-01 
-7.068655e+00 1.031052e+01 -3.046747e+00 -1.708247e+00 -3.408927e+00 -4.044754e-01 -5.369499e+00 -1.234563e+01 -1.388555e+01 -1.375176e+01 -8.508303e+00 -2.768555e+00 
-1.032552e+01 5.670272e+00 -3.083685e+00 -7.005174e+00 -7.309123e+00 -1.399812e+00 -8.568165e-01 -2.026793e+00 -1.188013e+01 -9.282051e+00 -3.052050e+00 -1.383111e+00 
-8.711988e+00 7.131171e+00 -1.398896e+00 -3.320603e-01 -8.538701e+00 -4.383216e+00 2.436997e+00 -9.638308e-01 -1.479447e+01 -1.185414e+01 -3.488855e+00 1.902645e+00 
-1.089259e+01 8.079601e+00 -3.724001e-01 1.189013e+00 -1.580456e+00 -6.607598e-01 -5.260776e-01 -9.372299e+00 -1.533945e+01 -6.971871e+00 -5.356478e+00 -6.505418e-01 
-9.737722e+00 9.275362e+00 2.881659e+00 1.812468e+00 -2.229256e+00 -2.469278e+00 -2.487794e-02 -7.369272e+00 -1.568000e+01 -9.181849e+00 -6.969578e+00 -1.427720e+00 
-1.084206e+01 9.444866e+00 4.312589e+00 7.763039e-01 -1.355317e+00 -2.619771e+00 -8.574310e+00 -6.793393e+00 -8.081661e+00 -1.176880e+01 -5.470785e+00 -2.093277e-01 
-1.086581e+01 6.416551e+00 -2.120242e+00 7.528306e-02 -3.330184e+00 -1.201267e+00 -3.478592e+00 -1.188397e+01 -1.104559e+01 -9.405404e+00 -7.272872e+00 8.348093e-01 
-1.480550e+01 2.784419e+00 -3.111682e+00 -3.278592e+00 -2.046261e+00 -5.148717e+00 -7.708807e+00 -8.401027e+00 -4.856708e+00 -1.283149e+00 -2.603052e+00 -3.798287e+00 
-1.724782e+01 2.917648e+00 -2.246113e+00 -1.468231e+00 -8.353488e+00 -1.167369e+00 -3.604929e+00 -7.729276e+00 -3.330772e+00 -2.864271e+00 1.328194e+00 -4.001121e+00 
-1.924012e+01 5.525081e-01 -1.201031e+00 2.826135e-01 -3.086930e+00 -1.772691e+00 -4.879236e+00 -1.551934e+00 8.129886e-02 -9.434977e-01 -1.929403e+00 -6.062997e-02 
-1.667514e+01 1.571180e+00 -8.366032e+00 -4.321098e+00 -4.676583e+00 -3.332003e+00 -1.954629e+00 -3.439786e+00 -3.533793e+00 -2.009646e-01 1.979286e+00 -2.716743e+00 
-1.853139e+01 -7.500995e-01 -5.150792e+00 -4.319147e+00 -4.639984e+00 2.969542e-01 -3.881739e+00 -3.347131e+00 -5.442382e+00 -1.308372e+00 1.483651e+00 3.568854e-01 
-1.917275e+01 9.360353e-01 -2.117419e+00 7.626445e-01 -7.497696e-01 2.846761e+00 1.736298e+00 -4.946722e+00 -3.319077e+00 -6.164725e+00 -3.679366e+00 -3.042717e+00 
-1.684401e+01 2.490590e+00 5.599862e-01 1.229016e+00 1.024727e+00 -8.276427e-01 -7.843819e+00 2.390419e+00 -1.157413e+00 -8.398199e+00 -7.424367e+00 -2.300060e-01 
-2.008576e+01 -1.210794e+00 -5.699684e+00 -9.296598e-01 1.766688e+00 -6.339393e-01 -5.986476e+00 -3.568474e+00 2.673799e+00 3.231480e+00 1.874429e+00 1.461199e+00 
-1.878621e+01 -9.881963e-01 -4.292282e+00 1.914914e+00 -2.113174e+00 8.911019e-01 3.009584e-01 1.641456e+00 1.258262e+00 2.715611e+00 3.002258e+00 9.939625e-01 
-1.932866e+01 -1.985103e+00 -1.699574e+00 -1.061921e-01 9.504200e-01 4.307358e+00 -3.037733e+00 -2.983266e+00 5.350565e-01 2.001411e+00 1.635451e+00 2.161848e-02 
-1.934809e+01 -3.020264e+00 -4.057479e+00 -1.196506e+00 1.568167e+00 1.741534e+00 -2.511266e+00 -6.285988e-01 1.343868e+00 3.111034e-01 -9.119180e-01 -4.071055e+00 
-1.912610e+01 -9.407089e-01 -2.014134e+00 2.441289e+00 1.852456e+00 3.647649e+00 1.437991e+00 -1.589898e+00 -3.649338e+00 -1.460261e-01 1.943623e+00 1.647401e-01 
-1.915547e+01 -3.014328e+00 -5.491232e+00 2.599348e+00 3.628801e+00 1.965410e+00 -3.754271e+00 -3.274691e-01 -3.018755e+00 -5.743003e-03 7.337976e-01 2.568997e+00 
-1.988580e+01 -2.945076e+00 -6.217990e+00 1.086568e+00 7.585526e-01 3.625153e-01 -5.406457e+00 -9.593267e-01 -7.010887e+00 -1.229938e+00 -1.501132e+00 -3.027382e+00 
-1.913647e+01 -5.901591e-01 -6.822406e+00 -3.872289e+00 -5.682534e-01 1.659210e+00 -2.734524e+00 -4.394007e+00 -5.038678e+00 -1.159451e+00 -1.390179e+00 6.297504e-02 
-2.028832e+01 -8.150650e-01 -3.365071e+00 3.431052e-01 -1.031101e+00 -1.655352e+00 1.710276e+00 3.030642e+00 -4.291148e+00 1.006300e+00 -1.528566e+00 -4.461154e+00 
-1.841824e+01 -3.072129e-01 -2.361162e+00 5.475087e-01 -1.671432e-01 2.040657e+00 -2.192595e+00 -3.169542e+00 -1.987743e+00 -2.689435e+00 6.754879e+00 -3.315252e+00 
-1.760975e+01 2.638659e+00 -8.667085e-01 5.310743e+00 3.998857e+00 2.870601e+00 -1.368199e+00 -2.320201e+00 1.912299e-01 3.783284e+00 1.907349e+00 3.604770e+00 
-1.954158e+01 9.366949e-01 -1.738865e+00 9.026535e-01 6.517131e-01 3.084792e+00 -2.470159e+00 -2.076659e+00 -2.013939e+00 -3.744181e-01 -4.199996e+00 2.397530e+00 
-1.725473e+01 3.482880e+00 -3.890671e+00 1.607577e+00 4.330466e+00 -1.547698e+00 3.733665e-01 6.747470e+00 1.290136e-01 6.541609e+00 -3.925072e-01 1.536477e+00 
-1.712646e+01 3.156734e+00 -3.951371e+00 2.724235e+00 1.425098e+00 3.184624e+00 4.611502e+00 8.737950e+00 9.941875e+00 2.354538e+00 -4.364010e-01 -2.021349e+00 
-1.702411e+01 4.239052e+00 2.061262e+00 3.268172e+00 -1.391176e+00 2.867248e+00 -1.025392e+00 -5.233374e+00 6.363738e+00 2.496203e+00 6.158328e-01 8.134340e-01 
-1.878880e+01 5.330514e-01 -3.230260e+00 1.267555e+00 5.134170e-02 6.065070e-01 -3.558920e+00 -1.479869e+00 1.462687e+00 7.651232e-01 5.366736e+00 2.860816e+00 
-1.906780e+01 1.185254e-01 -3.725509e+00 7.177635e-01 -1.040343e+00 6.646180e-01 4.958080e+00 3.085709e-01 -8.383151e-02 2.123727e+00 1.433661e+00 4.756712e+00 
-1.983527e+01 -1.534302e+00 -4.720478e+00 -2.077539e+00 -3.919095e+00 -6.823652e-01 6.143385e+00 2.088968e+00 3.031659e+00 3.881067e+00 2.782483e+00 4.072471e+00 
-1.987673e+01 -1.178476e+00 -2.552674e+00 -2.659040e+00 -3.479907e+00 -1.085045e+00 -1.219234e+00 -3.245736e-01 -1.700051e+00 1.257151e+00 2.756552e-01 1.854318e+00 
-1.930491e+01 -1.146248e-01 -4.422152e+00 -5.503126e+00 -3.583789e+00 4.444667e-01 -2.254820e+00 -1.661641e+00 -3.913172e+00 -7.261626e-01 3.579279e+00 2.526246e+00 
-2.008749e+01 -2.318175e+00 -5.263017e+00 4.367698e-01 -1.431472e+00 2.097877e-01 -4.131019e+00 -1.171983e+00 -7.050585e-01 -3.753130e-02 3.687490e+00 5.351039e+00 
-1.941720e+01 -1.997065e-01 -3.285078e+00 7.333743e-01 3.304552e-01 3.040318e-01 -3.340187e+00 -1.826952e-01 -4.234077e+00 -3.134471e+00 -1.149372e+00 2.861049e+00 
-1.849166e+01 -8.790411e-01 -1.012342e+00 3.084688e-01 -2.044782e+00 4.012560e-01 -4.232466e+00 -5.821478e+00 1.470172e+00 2.692116e+00 -7.081141e+00 1.429833e+00 
-1.950962e+01 -9.862177e-01 -5.547933e+00 -2.363899e+00 -1.193394e+00 5.968737e+00 1.745349e+00 -1.459601e+00 -8.627042e-01 -9.956720e-01 -4.936133e+00 3.042739e+00 
-2.058675e+01 -1.093394e+00 -6.213188e-01 1.755879e+00 1.408462e+00 1.174207e+00 -2.648916e+00 -5.642548e-01 -3.335450e+00 -1.889891e+00 1.839679e+00 1.575742e+00 
-2.120996e+01 -3.294306e+00 -2.244231e+00 8.377713e-01 2.513423e-01 -1.883326e+00 -1.864496e+00 2.968228e+00 1.054305e+00 7.747979e-01 -2.068400e+00 -1.008578e+00 
-1.970484e+01 -2.975085e+00 -2.839707e+00 2.328111e+00 -2.598573e+00 -2.033219e-01 -1.187933e+00 -6.485454e-01 -3.720442e+00 -2.690817e+00 -3.517203e+00 2.185868e+00 
-2.030257e+01 -1.272132e+00 -3.280843e+00 2.441289e+00 -2.866966e+00 -4.016297e+00 -2.974753e+00 9.162995e-01 6.695869e+00 5.951798e+00 3.581413e+00 9.361097e-01 
-1.995058e+01 -1.166274e+00 -4.908932e+00 -2.783926e+00 -4.270297e+00 1.087413e+00 -5.811490e+00 -3.563970e+00 4.554788e+00 3.617432e+00 3.590253e+00 6.077567e+00 
-2.028313e+01 -1.512207e+00 -3.496118e+00 -6.686674e-01 -3.831479e+00 3.271272e-01 -1.000124e+00 1.721564e+00 5.977406e-01 6.521365e-01 -1.358499e-01 3.189345e+00 
-1.900604e+01 -1.247069e+00 -6.177994e+00 -8.418493e-01 -3.310590e+00 2.645980e+00 1.909398e+00 2.355995e+00 2.744436e+00 1.122741e+00 5.719389e-01 4.832785e-01 
-1.865621e+01 -4.681426e-01 -4.952457e+00 8.299659e-01 -2.516133e+00 9.980112e-01 -2.717176e+00 -2.171245e+00 1.008461e+00 5.231033e+00 1.770790e+00 4.566891e+00 
-1.557815e+01 6.574183e+00 7.098551e-01 8.557294e+00 7.532693e+00 1.054982e+01 3.032478e+00 5.555820e+00 -1.846937e+00 -6.090296e-01 3.020547e+00 -7.897136e-01 
-1.535529e+01 4.999841e+00 5.563064e+00 8.342646e+00 5.020672e+00 4.806517e+00 9.438706e+00 3.317937e+00 -3.137574e+00 3.003088e+00 2.316416e+00 -8.354847e-01 
-1.464483e+01 6.363457e+00 3.702055e+00 4.732169e+00 3.194788e+00 -1.659822e+00 2.194993e-01 -8.660280e-01 4.732081e+00 3.243919e+00 -3.182817e+00 -5.401203e+00 
-1.140006e+01 9.655262e+00 6.626497e+00 3.948216e+00 -1.757536e+00 -4.765408e+00 -8.056518e+00 -7.003798e+00 -3.349016e+00 -3.859728e+00 -5.897226e+00 -7.166988e+00 
-1.020762e+01 1.138229e+01 5.364964e+00 6.926945e+00 -3.723194e-01 -1.886678e+00 -4.356540e+00 -1.208338e+00 -5.290818e+00 -4.244298e+00 -1.295075e+00 -3.951864e+00 
-8.954278e+00 1.057995e+01 5.581180e+00 6.586435e+00 -4.659947e+00 -6.688286e+00 -5.362333e+00 -2.754845e+00 1.140846e+00 2.350046e+00 3.503379e+00 4.481952e-01 
-6.498994e+00 1.291409e+01 3.013882e+00 5.821450e-01 -6.018546e+00 -5.910865e+00 -1.416093e+00 -1.061259e-01 -4.236416e+00 -2.042267e+00 -1.139618e+00 3.363600e+00 
-6.281754e+00 1.180704e+01 1.722705e+00 -1.710743e-01 -6.993780e+00 -6.487877e+00 -1.954251e+00 -1.171340e+00 1.467897e-01 2.952092e-01 -2.516178e+00 1.568308e+00 
-6.327103e+00 1.284253e+01 1.061449e-01 -5.152371e+00 -8.835559e+00 -9.527530e+00 -8.317111e+00 2.863347e+00 2.342603e+00 -6.638440e+00 -3.620536e+00 2.709563e+00 
-6.829389e+00 1.299455e+01 6.529565e+00 4.601429e+00 -2.649590e+00 -4.103837e+00 -5.307273e+00 -5.876492e+00 -2.272628e+00 -2.218139e+00 -5.693303e+00 -2.852430e+00 
-4.847886e+00 1.173449e+01 1.798227e+00 4.348185e-01 -2.086927e+00 -2.770264e+00 -9.160252e-01 -1.219598e+00 -9.394220e-01 -1.981800e+00 -6.603186e+00 -2.314563e+00 
-4.225967e+00 1.269611e+01 1.336857e+00 -1.303342e+00 -5.513924e+00 -6.490857e+00 -7.845704e+00 -1.937998e+00 -1.176592e+00 -3.532516e+00 -6.079813e+00 -4.453487e+00 
-5.318644e+00 1.391990e+01 2.938360e+00 -1.664829e+00 -5.526123e+00 -2.382484e+00 -4.008076e+00 -5.499758e+00 -3.311125e+00 -1.737514e+00 -4.781590e+00 -2.690257e+00 
-4.387494e+00 9.951069e+00 -5.136205e+00 -4.076692e+00 -3.532402e+00 3.260097e-01 -3.162938e+00 -1.036641e+01 -1.031583e+01 -3.635137e+00 -5.298563e+00 -3.113251e-01 
-5.746213e+00 9.938208e+00 -3.717745e+00 -2.275113e+00 -4.896916e+00 -4.589585e+00 -8.154947e+00 -2.449533e+00 -6.347091e+00 -9.127256e+00 -3.635777e+00 -2.963489e+00 
-4.495465e+00 9.296468e+00 -1.426658e+00 -3.806919e+00 -8.005242e+00 -4.590703e+00 -4.516064e+00 -5.325707e+00 -4.059123e+00 -6.496084e+00 -6.663235e+00 -2.721855e+00 
-4.336531e+00 1.176252e+01 1.226279e+00 -2.899055e+00 -1.046218e+01 -7.283923e+00 -2.789207e+00 -3.290187e+00 -6.041155e+00 -2.897787e+00 -3.589140e+00 -4.486014e+00 
-5.063398e+00 1.301005e+01 4.632089e+00 3.226218e+00 -4.988229e+00 -7.762222e+00 -1.689398e-01 2.944152e-01 -3.827099e+00 -3.559467e+00 -7.104003e+00 -1.579903e+00 
-4.517924e+00 1.360925e+01 2.684736e+00 -3.447383e+00 -7.473633e+00 -1.264593e+00 -1.271277e+00 -1.218372e-02 -3.638111e+00 -6.990875e+00 -8.277555e+00 -3.695593e+00 
-5.194692e+00 1.095589e+01 1.490961e+00 6.113581e-02 -5.534996e+00 -8.706898e+00 -7.487058e+00 7.856813e-01 1.121199e+00 8.425208e-01 5.019547e+00 -4.872861e+00 
-7.491473e+00 1.221365e+01 8.933679e-01 6.958109e-01 -3.793401e+00 -4.366454e+00 7.550174e-01 -1.125334e+00 7.301255e-01 2.327587e+00 7.520867e-01 -2.252992e+00 
-6.975799e+00 9.857083e+00 -2.430001e-01 1.591909e-01 -2.711328e+00 -3.744740e+00 -1.133250e+00 -9.416322e-01 -4.000585e-01 -3.009046e+00 -2.955748e-01 5.154944e+00 
-1.020243e+01 7.371576e+00 -8.782368e-01 -7.998954e-01 -3.418908e+00 -1.391245e+00 -8.830002e+00 -4.935462e+00 -1.011702e+01 -8.011414e-01 9.081538e-01 1.842701e+00 
-9.764068e+00 9.664495e+00 4.881713e+00 5.350258e+00 -1.780456e+00 -3.976067e+00 -6.974545e+00 -2.296072e+00 -1.703325e+00 -2.389174e+00 -2.796002e+00 5.216147e-01 
-1.131282e+01 9.823116e+00 5.145690e+00 6.066401e+00 -2.263637e+00 -7.265298e+00 -1.092493e+01 -4.277866e+00 -6.182428e+00 -3.606804e+00 -3.258717e+00 -2.392861e+00 
-8.664481e+00 1.204184e+01 2.955770e+00 3.787173e-01 -5.485088e+00 -3.673592e+00 -7.485549e+00 -4.073253e+00 -7.786017e+00 -5.450525e+00 -4.821238e-01 3.466625e-01 
-6.687729e+00 1.188157e+01 1.525311e+00 -3.491346e-01 -4.882868e+00 -5.009772e+00 -4.468924e+00 -2.862943e+00 -3.886508e+00 -4.075681e+00 -5.034285e+00 -8.509451e+00 
-4.103743e+00 8.554806e+00 -4.169704e+00 -5.460196e+00 -5.339062e+00 4.052936e+00 3.784089e+00 2.796108e+00 9.954273e-02 -3.691803e+00 -1.104470e+01 -4.429788e+00 
-5.815747e+00 1.179912e+01 3.501603e+00 -1.354565e+00 -8.898406e+00 -6.832073e+00 -6.038519e+00 4.765086e-01 2.450259e-01 -7.327762e+00 -4.546575e+00 -3.580120e+00 
-7.812366e+00 1.297872e+01 5.357671e+00 5.881024e+00 -2.465116e+00 -1.362473e+01 -1.525810e+01 -5.171282e+00 -5.259943e+00 -3.233983e+00 2.482542e+00 3.257189e+00 
-9.007400e+00 1.157554e+01 5.578357e+00 2.355918e+00 -1.594504e+00 -3.308908e+00 -5.768120e+00 -8.032926e-01 -6.213303e+00 -7.971475e+00 -5.879851e+00 -4.894701e+00 
-7.289349e+00 1.182089e+01 2.099847e+00 -7.112498e+00 -1.434167e+01 -1.170334e+01 -1.242816e+01 -6.466526e+00 -8.588280e+00 -1.344839e+01 -1.011043e+01 -3.977422e+00 
-1.091419e+01 6.656296e+00 1.219691e+00 3.718876e-01 -5.973444e+00 -5.684009e+00 -7.005092e+00 -1.019719e+01 -1.057405e+01 -9.364978e+00 -5.724699e+00 -7.898485e-02 
-1.332369e+01 6.624308e+00 4.675614e+00 2.222251e+00 -1.343856e+00 -1.055617e+00 -6.551410e+00 5.958666e-01 8.190060e-01 2.636486e+00 -1.233523e-01 -3.664692e+00 
-6.907992e+00 8.941300e+00 1.356855e+00 -5.009089e-02 -5.794516e+00 -6.611549e+00 -2.843136e+00 2.295512e+00 -1.371194e+00 3.733874e+00 6.996579e-01 -2.085011e+00 
-8.264984e+00 9.250299e+00 2.140079e+00 1.986626e+00 -8.281399e+00 -1.034481e+01 -9.443961e+00 -5.443457e+00 -5.446592e+00 -1.967979e+00 -1.262764e+00 -5.200925e+00 
-1.156893e+01 7.714541e+00 2.478401e+00 3.433061e+00 -3.585637e+00 -1.239262e+00 -8.521800e-02 -6.645402e+00 -9.435450e+00 -8.212651e+00 -6.035309e+00 -7.948251e-01 
-1.268406e+01 7.289133e+00 3.104697e+00 1.388051e+00 -4.712073e+00 -3.068641e+00 -4.235860e+00 -7.097740e+00 -8.018977e+00 -1.688795e+00 -1.282578e+00 -3.749728e+00 
-1.098242e+01 9.132569e+00 2.322511e-01 6.040977e-01 -5.220382e-03 -1.314881e+00 4.665164e-01 -7.527558e+00 -9.965458e+00 -4.934311e+00 -3.212689e+00 9.539999e-01 
-1.098847e+01 9.334392e+00 2.776727e+00 8.123608e+00 8.689074e+00 -2.399620e+00 -7.068071e+00 -1.212842e+00 -6.793832e+00 -5.029330e+00 -2.581105e+00 -1.140083e+00 
-1.350422e+01 7.708935e+00 3.576420e+00 9.538821e+00 8.328259e+00 2.375167e+00 -5.557684e+00 -2.129421e+00 -4.361784e+00 2.185922e+00 -2.273848e+00 -3.489642e-01 
-1.219689e+01 8.969332e+00 7.052341e+00 7.774805e+00 6.511249e+00 2.279061e+00 -1.514523e+00 -2.736829e+00 -3.730733e+00 1.053637e+00 -4.126535e+00 -6.705231e-01 
-8.280533e+00 1.061391e+01 1.681532e+00 4.151156e+00 -6.954256e-01 -4.063978e+00 -6.424318e+00 -1.911617e+00 -3.959951e+00 -1.200568e+00 3.726811e+00 -5.771785e+00 
-1.032250e+01 8.872378e+00 5.832451e+00 5.944442e+00 -7.490302e-01 1.402181e+00 -2.792601e+00 -4.792296e+00 -9.882659e+00 -6.456348e+00 -4.239928e+00 -1.206532e+00 
-1.347701e+01 6.380935e+00 5.084990e+00 7.243063e+00 1.099774e+00 2.714521e+00 3.084521e+00 -3.238390e+00 -4.367398e+00 -3.695258e+00 -6.345005e+00 -2.172138e+00 
-1.240334e+01 7.957914e+00 4.363643e+00 6.969387e+00 3.841001e+00 6.156108e+00 -2.325343e+00 -9.214656e+00 -6.387321e+00 -5.204857e+00 -5.123597e+00 2.659842e+00 
-1.393136e+01 5.803501e+00 1.033355e+00 5.158538e+00 1.021400e+00 2.590849e+00 -1.995735e+00 -1.232467e+00 2.498845e+00 -3.787859e+00 -3.852198e+00 2.081877e-01 
-1.309090e+01 9.208748e+00 5.060286e+00 9.511502e+00 5.821043e+00 -1.895392e-01 -2.100576e+00 -4.096095e+00 -3.675066e+00 1.089226e+00 -1.989452e+00 -8.886906e-01 
-1.282831e+01 9.223917e+00 3.993323e+00 7.887007e+00 5.751173e+00 5.907273e+00 3.741473e+00 -3.207826e+00 -3.494031e+00 -2.395394e+00 -6.197777e+00 -4.578950e+00 
