-1.467818e+01 6.615458e-02 2.075464e+00 -3.119535e+00 1.013397e+01 -6.248842e+00 -3.830376e+00 -2.663435e+00 -8.868083e+00 3.721711e+00 9.293390e-02 -2.544107e+00 
-7.059326e+00 -4.623651e+00 -1.859816e+00 -1.023014e+01 1.117793e+00 -4.322654e+00 3.654639e+00 -4.096952e+00 -2.551226e+00 -2.437613e+00 -2.150490e+00 -2.941173e+00 
-8.906769e-01 -4.378742e+00 -3.166651e+00 -8.721248e+00 1.207720e+00 -4.859735e+00 3.281527e+00 -1.677765e+00 1.200477e-01 -7.163470e-01 8.057511e+00 -5.792933e-02 
3.637958e+00 -3.522878e+00 -2.900119e-01 -1.633952e+01 1.245870e+00 7.487212e-01 -2.509142e+00 -7.161363e+00 -1.126929e+01 8.220125e+00 6.847531e-01 1.551453e-01 
3.519459e+00 -6.062490e+00 3.513839e-01 -1.783201e+01 -4.691680e+00 1.483174e+00 -5.329095e+00 -5.407666e+00 -1.033726e+01 5.490607e+00 3.115364e+00 5.779226e-02 
2.903363e+00 -5.494986e+00 5.868044e-01 -1.888472e+01 -6.271871e+00 3.987217e+00 -3.584274e+00 -4.752309e+00 -1.287474e+01 2.090254e+00 2.292024e+00 2.886232e-01 
2.451936e+00 -4.494942e+00 1.788200e+00 -2.007050e+01 -6.534838e+00 2.957332e+00 -2.208606e+00 -4.150450e+00 -1.253207e+01 5.351518e-01 2.663982e-01 1.228172e+00 
2.718688e+00 -3.159794e+00 1.997074e+00 -2.044784e+01 -8.397753e+00 3.804855e+00 -1.252897e+00 -3.852966e+00 -1.523865e+01 1.120178e+00 -4.394219e-01 2.887767e+00 
2.583260e+00 -2.422105e+00 2.600902e+00 -2.018990e+01 -9.962614e+00 4.942056e+00 -3.218089e+00 -3.240165e+00 -1.471644e+01 -1.177387e+00 -4.520887e-01 2.786740e+00 
2.857707e+00 -1.205462e+00 2.131313e+00 -1.983581e+01 -9.514343e+00 4.288653e+00 -2.794172e+00 -4.095736e+00 -1.480496e+01 -2.814662e+00 2.544351e-01 3.110944e+00 
2.887974e+00 -9.687825e-01 3.134856e+00 -2.027831e+01 -8.515270e+00 4.049756e+00 -4.064273e+00 -3.658021e+00 -1.766821e+01 -2.553600e+00 6.221230e-01 2.566318e+00 
3.208076e+00 -8.384278e-01 1.879363e+00 -1.864866e+01 -1.050422e+01 3.946442e+00 -2.848275e+00 -6.635700e+00 -1.587526e+01 -5.849965e+00 1.809984e+00 1.839538e+00 
4.295092e+00 1.272923e+00 -2.925163e-01 -1.564181e+01 -1.125701e+01 4.013233e+00 -2.711038e+00 -8.579074e+00 -1.464283e+01 -8.104627e+00 4.284928e+00 1.471861e+00 
5.568322e+00 3.258198e+00 -1.929941e+00 -1.269376e+01 -9.491180e+00 1.302312e+00 -2.752605e+00 -7.872651e+00 -1.576734e+01 -7.405430e+00 3.718442e+00 2.975630e+00 
5.444693e+00 7.389058e+00 -5.228083e+00 -1.085994e+01 -7.124812e+00 -3.284426e-01 -4.934869e+00 -9.109601e+00 -1.744739e+01 -4.415940e+00 4.301817e+00 5.895605e-01 
4.383326e+00 9.006970e+00 -1.794700e+00 -1.290977e+01 -4.301316e+00 3.304296e+00 -6.585010e+00 -9.460584e+00 -1.853559e+01 -6.344092e+00 2.942251e+00 -1.797738e-01 
2.911571e+00 1.133854e+01 -3.551282e-01 -1.570835e+01 -4.648079e+00 3.813110e+00 -1.626670e+00 -9.588251e+00 -1.994459e+01 -8.600208e+00 5.092082e+00 9.722378e-01 
1.724523e+00 9.296647e+00 1.429560e+00 -9.336926e+00 -7.374495e+00 3.851634e+00 -3.010254e+00 -1.123495e+01 -1.887031e+01 -7.522509e+00 5.848264e-01 3.558830e+00 
2.662260e+00 9.935583e+00 -1.774413e+00 -7.535464e+00 -4.785354e+00 5.650492e+00 -4.335117e+00 -1.307173e+01 -1.701818e+01 -3.855638e+00 3.382235e-02 -1.459140e+00 
1.268479e+00 9.802265e+00 -2.073197e+00 -4.792028e+00 -5.408369e+00 5.980446e+00 -3.328165e-01 -1.341583e+01 -1.920553e+01 -8.446771e+00 5.716976e+00 2.091492e+00 
-4.720808e-01 1.077729e+01 -2.468153e+00 -6.927077e+00 -1.684243e+00 6.145798e+00 -4.393179e+00 -1.257647e+01 -1.855648e+01 -1.151334e+01 5.014674e+00 4.135294e+00 
-1.721200e+00 1.018411e+01 -2.033627e+00 -5.070473e+00 -1.977527e+00 4.111294e+00 -6.227953e-01 -1.076765e+01 -1.844408e+01 -9.189961e+00 8.890702e+00 4.757069e+00 
-6.030790e+00 9.605746e+00 -6.604236e-01 3.149807e+00 1.931902e+00 2.430508e+00 1.236500e+00 -1.100961e+01 -2.044443e+01 -8.055904e+00 3.824350e+00 9.336639e-01 
-4.166602e+00 8.741652e+00 -2.752355e-01 2.462581e+00 4.753615e-01 1.676131e-01 1.817777e+00 -1.568830e+01 -1.807157e+01 -3.613847e+00 2.836390e-01 7.931448e-01 
-1.128273e+01 4.635151e+00 -2.097491e+00 2.241557e+00 -3.330516e+00 -5.862353e+00 -6.885545e+00 -9.491792e+00 -1.181539e+01 -5.884506e+00 1.198109e+00 -3.169253e-01 
-1.727081e+01 4.436986e+00 -5.459691e-01 -1.491513e-01 -1.877381e+00 -1.631246e+00 -4.061964e+00 -4.881192e+00 -8.352827e+00 -9.677545e+00 -7.745680e+00 -4.209824e+00 
-1.867639e+01 -2.623655e-01 -3.350729e+00 -1.809340e+00 -4.173579e+00 3.504758e-01 -3.482006e+00 -6.943316e+00 5.539200e-02 -2.046746e+00 -2.908736e+00 -3.271499e+00 
-1.912577e+01 1.428624e+00 -5.259333e-01 3.888985e+00 -5.817127e+00 1.144715e+00 -3.546336e+00 -2.730713e+00 -5.935700e+00 -5.887052e+00 -6.560282e+00 -2.777081e+00 
-1.773660e+01 -2.522505e+00 -8.219677e+00 -1.001348e+00 1.936671e+00 1.234020e+00 8.742738e-01 3.637637e+00 -7.095342e-01 -2.547055e+00 -8.064108e+00 2.922667e+00 
-1.812596e+01 -2.120249e+00 -5.817636e+00 7.522631e-01 1.108255e+00 2.397738e+00 -7.780670e-02 1.422312e+00 1.324814e-01 -3.511312e+00 5.598448e-01 8.011045e-01 
-1.955821e+01 -2.781661e-01 -2.742393e+00 2.435238e+00 1.885496e-01 -2.086188e-01 -6.419293e-01 -1.980112e+00 -1.963356e+00 -3.842912e+00 -9.038697e-01 3.156866e+00 
-1.596270e+01 -6.716269e-02 -2.852590e+00 3.443746e+00 3.860899e+00 1.650027e+00 -9.220112e-01 -2.423096e+00 -1.157648e+00 1.238347e+00 -9.844444e-01 -3.100672e+00 
-1.593089e+01 -2.512300e+00 1.008808e+00 -2.721692e+00 4.223672e+00 -1.696286e+00 -8.996881e+00 3.965113e+00 -6.254005e+00 3.735527e+00 1.460240e+00 -8.883997e+00 
-1.759759e+01 -7.969513e-01 4.699902e+00 -2.577684e+00 5.123621e+00 -1.296790e+00 -1.234698e+01 4.791984e-01 -5.630327e+00 -7.098023e-01 4.372891e+00 -7.325123e+00 
-2.410224e+01 -2.480041e+00 2.363729e+00 -7.658052e+00 2.263678e+00 5.504372e-02 -1.150211e+01 4.861214e+00 2.529217e+00 4.151649e-01 6.698297e+00 -2.305622e+00 
-2.691648e+01 -4.381375e+00 -1.133018e+00 -7.715929e+00 7.115294e+00 -5.117144e+00 -8.706573e+00 1.034319e+01 3.950647e+00 1.138722e+00 6.333823e-01 -4.487188e+00 
-2.804966e+01 -6.255059e+00 -1.878600e+00 -7.939687e+00 8.170231e+00 -1.333062e+00 -7.682245e+00 1.087210e+01 1.006328e+00 5.160825e+00 6.646974e-01 -1.407402e+00 
-2.483529e+01 -1.329891e+00 2.938004e+00 -8.003033e+00 8.279233e+00 -3.929824e-01 -5.880352e+00 6.396864e+00 2.666983e+00 5.040838e+00 -1.271206e+00 -3.197107e+00 
-2.472244e+01 -2.975876e-01 2.339936e+00 -7.012753e+00 6.458897e+00 -3.669252e+00 -4.349303e+00 7.504527e+00 -1.623168e+00 -3.494587e+00 -1.031593e+00 -4.700569e+00 
-2.613777e+01 -4.437428e-01 4.232623e-01 -6.531968e+00 1.106594e+01 -1.977209e+00 -5.774785e+00 3.899861e+00 -5.115071e+00 -2.129646e+00 -3.482611e+00 -7.687905e-01 
-2.586434e+01 -2.146912e+00 -5.053966e-01 -1.026386e+01 6.028679e+00 -3.065129e+00 -1.978669e+00 4.036445e+00 -3.529018e+00 1.985174e+00 -4.334404e-01 -2.995666e+00 
-2.463626e+01 -8.311859e-01 3.057217e+00 -4.782914e+00 7.168774e+00 -6.509002e+00 -1.438299e+00 4.128446e+00 -2.874007e+00 -5.039508e+00 -6.046926e+00 -7.851687e+00 
-2.097662e+01 -1.572167e+00 3.091529e+00 -4.725493e+00 3.953551e+00 -7.885350e+00 -8.026326e+00 1.792825e-01 4.587438e-01 1.440870e+00 -1.048482e+00 -5.164680e+00 
-1.054711e+01 5.411591e-01 -6.886684e-02 -1.336321e+01 -1.438307e+00 -6.781170e+00 -7.212142e+00 -3.274615e+00 -4.630651e+00 -1.289375e+00 -4.606786e+00 -2.887598e+00 
-3.182696e+00 -2.731533e+00 -2.055416e+00 -7.987994e+00 6.010545e-01 -5.582681e+00 -2.372565e+00 -2.720581e+00 2.212404e+00 -1.259197e+00 1.258276e+00 5.356796e-01 
1.737678e-01 -7.183671e+00 -1.907401e+00 -6.611263e+00 1.813022e+00 -3.402838e+00 -3.338501e+00 -1.173987e+00 -1.032315e+00 -3.003732e+00 -8.765354e+00 -3.897253e+00 
1.685023e+00 -1.359188e+00 1.057145e+00 -6.247143e+00 1.687930e-01 4.350279e-01 -3.171573e+00 -3.027792e+00 -7.309882e+00 -2.544146e+00 -2.364066e+00 -1.736509e-01 
5.245141e+00 -8.548867e-01 -1.099458e+00 -1.295717e+01 -5.260876e+00 5.743550e+00 -3.495532e+00 -1.090099e+01 -9.013806e+00 3.923143e+00 4.222650e+00 7.278865e-03 
3.779542e+00 -3.564354e+00 -3.974538e-01 -1.628575e+01 -8.638239e+00 5.736295e+00 -5.599940e+00 -7.941956e+00 -7.332760e+00 2.402751e-01 1.926448e+00 2.560807e+00 
3.182427e+00 -3.869174e+00 1.879113e+00 -1.857073e+01 -8.645391e+00 5.737046e+00 -5.996805e+00 -5.090322e+00 -1.207202e+01 3.468088e-01 1.858891e+00 -3.098886e-02 
2.978772e+00 -3.253610e+00 2.628952e+00 -1.983581e+01 -9.012934e+00 4.897028e+00 -5.459734e+00 -4.264743e+00 -1.425290e+01 -1.538634e-01 1.986966e+00 9.508078e-01 
3.961139e+00 -2.951753e+00 2.082977e+00 -1.899865e+01 -8.773469e+00 3.724305e+00 -3.850500e+00 -5.834033e+00 -1.463189e+01 -2.211092e+00 2.838102e+00 1.136024e+00 
3.754406e+00 -2.165346e+00 2.734390e+00 -1.873934e+01 -1.063025e+01 5.522413e+00 -4.787076e+00 -6.174072e+00 -1.383065e+01 -3.185894e+00 2.789546e+00 1.070203e+00 
3.952418e+00 -1.921425e+00 1.970276e+00 -1.764835e+01 -1.075254e+01 5.550180e+00 -6.656927e+00 -5.828764e+00 -1.425688e+01 -4.669003e+00 5.575530e+00 -9.858450e-01 
4.166846e+00 -1.112726e-01 1.061903e+00 -1.518518e+01 -1.054952e+01 3.013867e+00 -5.171075e+00 -7.627044e+00 -1.396245e+01 -4.431575e+00 4.827487e+00 3.865885e-01 
4.021671e+00 2.037275e+00 6.687564e-02 -1.478552e+01 -7.692305e+00 2.266156e+00 -5.836145e+00 -7.368873e+00 -1.647656e+01 -6.501530e+00 6.222238e+00 -7.596063e-01 
4.606987e+00 1.982961e+00 -2.143322e+00 -1.454307e+01 -6.774643e+00 -1.306045e+00 -6.492639e+00 -4.909967e+00 -1.774481e+01 -8.099899e+00 1.394795e+00 6.761987e-01 
4.292527e+00 1.645224e+00 -5.337779e+00 -9.586660e+00 -6.093720e+00 -1.637499e+00 -1.026731e+01 -4.511971e+00 -1.704653e+01 -1.019676e+01 -2.803884e+00 -7.442992e-01 
3.671815e+00 5.294167e+00 -2.132553e+00 -1.214598e+01 -7.937559e+00 -4.014876e-01 -4.150376e+00 -4.280549e+00 -2.409946e+01 -1.560780e+01 -1.430948e+00 2.050469e+00 
3.832380e+00 8.626769e+00 -3.623466e+00 -1.142549e+01 -5.136205e+00 1.529202e+00 -3.165965e+00 -2.494428e+00 -2.212100e+01 -9.140149e+00 -2.584327e+00 -7.072560e-01 
2.470916e+00 5.335314e+00 -6.337564e+00 -1.165016e+01 -5.336155e+00 9.681947e-02 -8.501707e+00 -9.103116e+00 -1.598468e+01 -1.171441e+01 -9.669972e+00 -4.851803e+00 
1.053538e+00 4.640748e+00 -3.908476e+00 -7.953359e+00 -6.681991e+00 -4.115527e+00 -1.012975e+01 -6.103147e+00 -1.511879e+01 -1.366365e+01 -1.416773e+01 -4.352792e+00 
5.128511e-01 4.040984e+00 -4.923038e+00 1.480048e+00 -6.565155e+00 -5.602443e+00 -5.078374e+00 -5.858756e+00 -1.363619e+01 -7.615225e+00 -8.922985e+00 -6.215053e+00 
-1.824823e+00 5.720782e+00 -4.509549e+00 8.894349e-01 -3.914699e+00 2.002214e-02 -9.912894e-01 -5.317286e+00 -1.246144e+01 -4.173058e+00 -2.223324e+00 -5.453066e+00 
-4.368718e+00 1.287679e+01 2.304735e-02 1.308242e+00 -2.201663e+00 2.914056e+00 1.666355e+00 -4.515213e+00 -1.012937e+01 -1.365311e+01 -6.169020e+00 -2.772182e+00 
-8.399756e+00 1.033027e+01 4.152174e+00 5.680877e+00 -1.657674e+00 -2.163824e+00 -2.997058e+00 -6.203253e+00 -3.650869e+00 -4.708272e+00 -3.411888e+00 1.840456e+00 
-6.447847e+00 1.185041e+01 3.352495e+00 5.501323e+00 -7.420561e-01 -7.224355e-01 -6.959772e+00 -8.344005e+00 -5.316001e+00 -5.238032e+00 -2.877069e+00 8.699864e-01 
-1.144176e+01 6.477234e+00 -8.389368e-02 2.808017e+00 -1.354171e+00 9.318341e-01 -1.773473e+00 -6.345511e+00 -9.951811e+00 -8.736557e+00 -7.000452e+00 9.563184e-01 
-1.795514e+01 1.250868e+00 -1.154055e+00 -5.800730e-02 -4.314260e+00 -4.461990e+00 -3.292315e+00 -1.718294e+00 -5.686528e+00 -7.621043e+00 -2.075193e+00 6.976286e-01 
-1.784484e+01 -6.020777e-01 -4.944827e+00 -7.657407e-01 -4.694405e+00 -4.395700e+00 -3.255367e+00 -1.369743e+00 -3.698117e+00 -1.811863e+00 -3.888651e+00 1.512578e+00 
-1.802388e+01 8.689282e-02 -3.743681e+00 -2.801443e+00 -4.555428e+00 -3.020602e+00 -5.930826e+00 -3.225574e+00 -3.788138e+00 -3.095722e+00 -4.556471e+00 -2.750446e+00 
-1.890826e+01 5.223959e-01 -3.869406e+00 1.463642e+00 -2.237088e+00 -2.318919e+00 -4.486540e+00 -5.720551e+00 1.757825e+00 -5.327840e+00 -2.914014e+00 1.833109e+00 
-1.926735e+01 -2.064052e-01 -4.789800e+00 -1.194118e+00 -3.379908e+00 -2.491438e-01 3.593279e+00 -1.473903e+00 -3.964200e+00 1.870278e+00 -7.682698e+00 -9.784976e-01 
-1.834757e+01 -1.243976e+00 -4.997421e+00 -1.951524e+00 -2.664581e+00 -3.404088e+00 -1.668787e-01 -6.223848e-01 4.328816e-01 -4.549212e-01 -1.029482e+00 -6.983779e-01 
-1.633256e+01 -2.723962e+00 -3.855631e+00 4.587794e-01 -5.083747e+00 -6.960781e+00 -9.948302e+00 -3.904844e+00 9.973752e-01 6.838627e-01 1.207304e-01 7.701842e-01 
-2.086581e+01 -5.671847e-01 -8.287242e-01 6.444208e+00 1.295262e+00 3.051979e-01 -2.695533e+00 -4.190979e+00 -8.930568e-01 1.454687e+00 -1.248687e+00 -5.522254e+00 
-2.088736e+01 -1.014867e+00 -2.004324e+00 5.171115e-01 4.684685e-02 5.226481e+00 4.709978e+00 2.160349e+00 -8.487925e-01 -7.894299e-01 -8.760780e+00 -8.283041e+00 
-1.868255e+01 -5.309751e-01 -2.699316e+00 -2.526643e+00 -3.117962e+00 -3.593955e+00 -1.484484e+00 3.648580e+00 4.703636e+00 6.592304e+00 9.616625e-01 -4.099613e+00 
-1.923042e+01 -1.824317e+00 -5.379353e+00 -2.339153e-01 -1.539815e+00 -3.484138e+00 2.131618e-01 3.437423e+00 -3.742382e+00 2.504754e+00 1.153423e+00 1.630749e+00 
-1.952897e+01 -1.567229e+00 -2.493698e+00 3.858452e+00 -1.228819e+00 4.430329e-01 3.377197e+00 4.049009e+00 -7.226327e+00 -8.956001e-01 -1.263465e+00 1.634116e+00 
-2.196001e+01 -3.418199e+00 -3.361749e+00 -1.816631e+00 -1.426726e+00 1.503186e+00 -9.628090e-02 8.437103e+00 -9.825799e-01 -1.735871e+00 1.453602e-01 -1.707115e+00 
-2.158605e+01 -1.364455e+00 -1.323859e+00 -2.405878e+00 -4.969635e+00 -1.616987e+00 -2.724455e-01 9.065306e+00 5.746267e-01 1.965176e+00 9.610059e-02 -6.191480e+00 
-1.781304e+01 8.515744e-01 -4.577420e+00 8.297356e-01 -6.591043e+00 -4.592071e+00 -9.628090e-02 6.323101e+00 3.764637e+00 3.966411e+00 3.860240e+00 -2.486552e+00 
-2.145472e+01 -2.133087e+00 -2.850085e+00 1.686945e+00 -3.094458e+00 -3.199374e-01 -2.470214e+00 1.451899e+00 1.495224e+00 2.850534e+00 -2.628660e+00 -2.167858e+00 
-2.029743e+01 -9.098595e-01 -3.671552e+00 -2.149763e+00 -2.198597e+00 2.471621e-01 -5.339438e-02 2.688444e+00 4.622568e+00 -1.979117e+00 -3.841855e+00 -1.729463e+00 
-1.948742e+01 -2.969529e+00 -4.047975e+00 1.650032e+00 9.481582e-01 -3.502399e+00 -9.364173e-02 -2.247935e-01 -1.069119e+00 2.549839e+00 -2.591364e+00 -5.604912e+00 
-1.986498e+01 -1.814442e+00 -2.872876e+00 3.181252e+00 3.438777e-01 -1.918172e+00 -7.867537e-01 9.404205e-01 1.049597e+00 2.017171e+00 1.947207e+00 2.081389e+00 
-1.856507e+01 1.857873e+00 -4.498780e+00 3.188733e-01 -3.049495e+00 -3.428603e+00 -1.210340e+00 5.566092e-01 4.671988e-01 2.009171e+00 2.588989e+00 -6.625593e-01 
-1.946844e+01 1.069820e+00 -3.330443e+00 1.128232e+00 2.495227e-01 1.370104e+00 1.280706e+00 -4.683739e-01 -8.418295e-01 1.822647e+00 1.237516e+00 1.326138e+00 
-2.159836e+01 -1.057002e+00 -1.253232e+00 8.926249e-01 -1.111641e+00 1.059413e+00 -1.713762e+00 4.840619e-01 1.574800e+00 -1.774413e+00 5.711346e+00 1.117870e+01 
-2.038669e+01 -1.016184e+00 -3.617957e+00 -8.432131e-01 4.855001e-02 -1.389346e+00 -2.291740e+00 -5.263306e-01 -1.670914e+00 3.489736e+00 2.746620e+00 3.687715e+00 
-1.861945e+01 -9.381689e-01 -5.474022e+00 -3.794913e+00 -1.127311e+00 1.651116e-01 -7.314081e+00 -9.344595e-01 -4.059692e+00 5.286266e+00 -4.626443e-01 5.618551e+00 
-1.763093e+01 3.448792e+00 -2.435845e+00 -1.183180e+00 -1.500382e-01 2.664152e+00 6.834839e+00 7.293775e+00 4.787191e+00 5.448066e+00 -2.151897e+00 -5.768392e+00 
-1.989063e+01 7.310950e-01 -1.153054e+00 1.802698e+00 -3.535917e+00 6.576651e-01 5.704285e+00 4.659783e+00 4.593722e+00 4.373443e-01 3.603738e+00 1.661975e+00 
-2.076168e+01 -5.527009e-01 -6.822125e-01 4.085401e+00 -2.543316e+00 3.375840e+00 9.272443e+00 5.749613e+00 4.912524e+00 -4.580649e+00 2.946122e+00 -2.789020e+00 
-1.927915e+01 -6.540878e-01 -5.014952e+00 2.614791e+00 5.168584e+00 3.370837e+00 8.439785e+00 9.961406e+00 -2.136750e-01 -6.746957e+00 1.354332e+00 4.291422e-01 
-1.963055e+01 1.143885e+00 -6.804594e-01 -8.204271e-01 -3.361173e+00 6.280881e+00 5.814140e+00 6.360793e+00 -2.288127e+00 -8.980894e+00 -4.313691e+00 6.183995e+00 
-1.746985e+01 4.073244e+00 1.296322e+00 -3.610612e-01 -8.609365e-01 1.240524e+00 3.229403e+00 1.705206e+00 -4.870374e+00 -5.838330e+00 -3.193738e+00 -1.324132e+00 
-1.400874e+01 3.604823e+00 3.233338e-01 -1.178623e+00 -1.024440e+00 1.918942e+00 -3.431862e+00 -3.791362e+00 -8.043475e+00 -6.777499e+00 -4.116301e+00 -3.767449e+00 
-1.627870e+01 5.173029e+00 -6.769531e-01 1.349712e+00 2.072924e+00 5.867126e+00 4.595504e+00 -5.571328e-01 -1.479434e+00 1.096545e+00 -5.354477e+00 -3.999198e+00 
-1.334442e+01 5.750737e+00 3.388559e+00 6.784175e+00 3.617688e+00 6.630096e+00 3.237321e+00 3.835495e-01 -1.548566e+00 -1.364108e-01 -3.904485e+00 -4.537089e+00 
-1.224561e+01 8.028323e+00 3.765983e+00 7.368864e+00 9.205670e-01 3.284784e+00 4.948493e+00 1.342875e+00 -7.135130e-01 -4.786445e+00 -1.120964e+00 -2.530942e+00 
-1.417495e+01 4.662473e+00 -1.352354e-01 4.831870e+00 2.843433e+00 6.286134e+00 4.077897e+00 -3.315954e+00 5.537379e-01 -1.676801e-01 -5.326633e-01 -1.978050e+00 
-1.229486e+01 1.021637e+01 8.193142e+00 7.944894e+00 3.978758e+00 5.088146e+00 6.965692e-02 -6.732564e+00 -5.532349e+00 -3.957082e+00 -6.269299e+00 -1.495877e+00 
-1.451711e+01 7.063830e+00 6.603803e+00 7.662804e+00 1.041976e+01 7.856352e+00 -1.367701e+00 -7.464521e+00 -5.368720e+00 -3.362602e+00 -4.670120e+00 -1.476284e+00 
-1.196808e+01 1.033619e+01 7.009778e+00 9.417326e+00 4.738026e+00 4.701908e+00 -1.992854e+00 -3.231653e+00 -2.506961e+00 -1.698057e+00 8.469580e-01 -1.365767e+00 
-9.991550e+00 1.318523e+01 7.690494e+00 6.896282e+00 2.134919e+00 1.832889e+00 -6.292722e+00 1.696695e+00 1.919962e+00 -3.245160e+00 1.344527e-01 -3.030566e+00 
-1.000591e+01 1.043330e+01 4.538864e+00 7.471857e+00 1.005384e+00 4.003477e+00 -3.287697e+00 -3.232869e+00 -7.126857e+00 -4.235597e+00 -3.868243e+00 -2.860657e+00 
-8.430023e+00 1.161768e+01 5.410171e+00 6.640168e+00 2.699346e+00 -1.386095e+00 -4.320602e+00 1.156036e+00 -2.112065e+00 -2.899380e+00 -1.795469e+00 1.468800e+00 
-8.770132e+00 1.141096e+01 3.951064e+00 1.232592e+00 -3.035529e+00 -4.880498e+00 -4.723735e+00 -2.841357e+00 -4.597826e+00 -3.440048e+00 -4.999104e+00 -2.498802e-01 
-9.113319e+00 1.184910e+01 7.868061e+00 5.199181e+00 -3.584968e+00 -3.816843e+00 -5.689342e+00 -6.465883e+00 -3.194798e+00 3.156682e+00 4.507300e+00 4.156674e-02 
-6.235472e+00 1.279055e+01 4.559902e+00 1.081293e+00 -4.744819e+00 -6.140525e+00 -4.496107e+00 -2.492401e+00 -1.388419e+00 -7.487071e-01 -2.648364e+00 -1.260760e+00 
-6.253426e+00 1.194752e+01 3.229775e+00 -6.805210e-01 -5.322189e+00 -6.664598e+00 -4.757385e+00 -1.069422e+00 -2.058848e+00 -1.332279e+00 -7.349140e+00 -2.429303e+00 
-3.960894e+00 1.382911e+01 5.607774e+00 -2.018971e+00 -4.920244e+00 -8.011929e+00 -1.112933e+01 -1.625077e+00 3.045965e+00 7.587636e-01 -3.594149e+00 -1.794059e+00 
-3.957816e+00 1.230567e+01 4.301440e+00 1.103623e+00 7.642171e-01 -2.813975e+00 -1.077502e+01 -6.341053e+00 -8.712412e+00 -5.454735e+00 -6.652820e+00 -8.226715e-01 
-5.253618e+00 1.241298e+01 1.908916e+00 1.552052e+00 1.355213e+00 -2.351690e+00 -8.578903e+00 -2.885534e+00 -6.871218e+00 -1.222837e+00 -1.498856e+00 1.657995e+00 
-2.224439e+00 1.168056e+01 -1.043858e+00 -5.727622e+00 -8.877362e+00 -1.876647e+00 -1.237062e+00 -1.614134e+00 -3.090852e+00 1.021084e-01 1.473259e+00 -7.026639e-01 
-4.196355e+00 1.239685e+01 3.336021e-01 -4.155387e+00 -8.504371e+00 -4.866740e+00 -4.116066e+00 -4.840257e+00 -1.575423e+00 -5.799061e+00 -2.724365e+00 8.075334e-01 
-5.643486e+00 1.160518e+01 1.448093e+00 -2.738097e+00 -1.001201e+01 -8.537252e+00 -5.602579e+00 -4.712996e+00 -7.234600e-01 -5.777609e+00 -2.486511e+00 -4.786595e+00 
-8.683950e+00 1.125493e+01 2.339185e+00 -1.722297e+00 -7.310456e+00 -4.654109e+00 -2.503534e+00 -2.352981e+00 2.097019e+00 6.256872e-01 -1.474930e+00 2.798680e+00 
-1.042246e+01 9.235420e+00 5.287952e+00 4.595351e+00 -2.321565e+00 -3.989449e+00 -1.798875e+00 3.033018e-01 -2.761605e+00 1.119451e+00 -1.479856e+00 -2.255721e+00 
-1.045734e+01 8.758111e+00 3.211242e+00 6.159839e+00 2.556541e-01 1.717318e+00 -1.698587e+00 -3.993197e+00 -5.728803e+00 -1.721328e+00 3.582626e+00 -1.026868e+00 
-7.600013e+00 1.340611e+01 7.241692e+00 4.249460e+00 -3.511732e+00 4.365288e-01 -1.383536e+00 -2.382972e+00 -5.934208e+00 -2.889199e+00 -3.516741e+00 -2.220515e+00 
-7.712870e+00 1.185996e+01 4.350277e+00 1.475947e+00 -5.139270e+00 5.029860e+00 -1.524732e+00 -3.498336e+00 -7.689361e+00 -7.198908e+00 -5.150401e+00 -2.287866e+00 
-8.637782e+00 1.106861e+01 2.238505e+00 -8.072112e-01 -4.112266e+00 1.724323e+00 -3.338171e+00 -3.303390e+00 -6.325624e+00 -4.676275e+00 -3.921022e+00 -4.019710e+00 
-7.813415e+00 1.124012e+01 2.670276e+00 2.309459e+00 -3.918446e+00 -2.726171e+00 -5.201095e+00 -6.219060e+00 -6.028705e+00 5.358790e-01 1.118238e+00 2.128841e+00 
-8.532107e+00 1.145869e+01 5.433712e+00 5.670851e+00 -3.942291e+00 -3.812840e+00 -6.183197e+00 -5.145847e+00 -7.354644e+00 -6.116313e-01 3.224790e+00 5.410681e+00 
-7.525630e+00 9.434244e+00 4.668401e-01 -2.201715e+00 -4.715524e+00 -6.989210e-01 -1.061557e+00 -5.603016e+00 -3.423580e+00 2.011353e+00 -5.006446e-01 -7.274614e-01 
-7.905239e+00 9.867772e+00 8.076990e-01 -5.033104e+00 -1.059346e+01 -5.111641e+00 -2.120854e+00 -5.846191e+00 3.154885e+00 5.576947e-01 -1.491467e+00 1.283278e+00 
-1.090569e+01 7.629029e+00 -5.314432e-01 -2.115850e-01 -4.372509e+00 -6.680858e+00 -5.882661e+00 -5.459137e+00 -5.133473e+00 -4.855528e+00 -3.701113e+00 -2.287254e+00 
-3.797765e+00 1.438871e+01 -5.975612e-01 -8.927233e+00 -9.320865e+00 -5.060859e+00 -1.627989e+00 -2.429176e+00 -4.960892e+00 -4.832985e+00 6.443369e-02 -6.032592e+00 
-3.653103e+00 1.210684e+01 -6.249407e+00 -7.212814e+00 -6.707538e+00 -6.389678e+00 -5.341301e+00 -3.397823e+00 -6.285338e+00 -3.861092e+00 4.167760e+00 -4.788743e-01 
-9.923837e+00 1.075063e+01 4.230564e+00 4.624517e+00 2.625088e+00 -1.221243e+00 -2.174957e+00 -6.642995e+00 -1.015125e+01 -6.309915e+00 -4.864344e+00 -1.727325e-01 
-1.066305e+01 9.477695e+00 4.446700e+00 1.977695e+00 -3.490613e+00 -6.263350e+00 -4.626086e+00 -4.568306e+00 -3.846328e+00 -7.176728e+00 -7.353714e+00 -3.588713e-02 
-5.863557e+00 1.147318e+01 -2.273806e+00 -1.931929e+00 -5.945205e+00 -3.301275e+00 -4.360740e-01 4.922412e+00 5.292500e+00 2.369132e+00 -3.985411e+00 -5.618689e+00 
-6.039511e+00 1.075260e+01 1.023334e+00 -1.498539e+00 -8.842958e+00 -4.246608e+00 -1.744443e+00 1.085110e+00 3.877039e+00 3.355206e+00 -2.273287e+00 -6.097495e+00 
-7.001872e+00 1.167957e+01 1.870848e+00 -1.208245e+00 -7.354057e+00 -7.782787e+00 -4.508643e+00 -3.454970e+00 1.719529e+00 -5.421844e-01 -4.137060e+00 -6.714983e+00 
-8.482347e+00 1.338801e+01 5.596003e+00 -3.897716e-01 -3.581562e+00 -6.410191e+00 -5.095199e+00 -2.269085e+00 -2.768568e+00 -4.159241e+00 -3.401989e-01 -5.652364e+00 
-7.737493e+00 1.380639e+01 7.474608e+00 3.742699e+00 -3.649769e-01 -5.120646e+00 -7.520926e+00 -4.539936e+00 -1.618195e+00 -6.490817e-01 -3.814762e+00 -6.132701e+00 
-9.252851e+00 1.187510e+01 4.231816e+00 4.181102e+00 1.104508e+00 -3.531917e+00 -1.806133e+00 -2.849058e+00 -5.264277e+00 1.904624e-01 -2.937940e+00 -9.169632e-01 
-7.899083e+00 1.047280e+01 4.334249e+00 2.692719e+00 -3.732802e+00 -3.493143e+00 -3.901964e+00 1.817877e+00 2.846527e+00 1.606475e-01 -2.967848e+00 -7.253184e-01 
-9.099982e+00 9.601796e+00 3.737683e+00 4.645481e+00 4.198385e-01 -1.299791e+00 -2.508152e+00 -8.720446e-01 4.755858e+00 2.042259e+00 -6.283677e-01 -4.047880e-01 
-9.924863e+00 9.333844e+00 6.591531e+00 8.026012e+00 2.544699e+00 1.426639e+00 -4.001153e-01 -4.496975e+00 -5.425418e+00 -6.229196e+00 -4.303839e+00 -4.216865e+00 
-1.158847e+01 9.857239e+00 6.605055e+00 8.604777e+00 5.378414e+00 1.869412e+00 -4.828312e+00 -1.309443e+01 -8.801437e+00 -7.733031e+00 -4.702138e+00 7.838997e+00 
-1.042348e+01 1.059822e+01 4.290921e+00 2.117601e+00 -2.983072e+00 -1.208485e+00 -7.562162e+00 -3.042788e+00 -1.065208e+01 -7.000748e+00 -2.544567e+00 3.569851e+00 
-1.346395e+01 6.879490e+00 3.209489e+00 7.820483e+00 1.290152e+00 4.255633e+00 -1.818669e+00 2.182235e+00 -4.288971e+00 -6.148841e+00 -3.526945e+00 -1.934272e+00 
-1.507626e+01 6.112833e+00 7.212946e-01 6.260097e+00 4.873938e+00 4.603347e+00 -2.265899e-01 1.182785e+00 -5.668126e+00 -4.648642e+00 -6.715450e+00 -3.417228e-01 
-1.524760e+01 4.389255e+00 -1.038349e+00 1.826129e-01 3.459976e+00 2.911554e+00 -1.953597e+00 1.211966e+00 1.132157e+00 -1.589706e+00 -2.372862e+00 1.612682e-01 
-1.656495e+01 3.403037e+00 1.665537e-01 2.880476e+00 -6.916426e-01 4.414481e+00 1.699344e+00 -3.754866e-02 3.345370e+00 -1.534803e+00 -6.117835e-02 7.196708e-01 
-1.452788e+01 4.240467e+00 6.887922e-02 5.290324e+00 4.998950e+00 3.643255e+00 1.439056e+00 2.309091e+00 2.111939e+00 3.271578e+00 -1.151223e+00 -8.826753e-01 
-1.545587e+01 2.072826e+00 -2.962731e-01 2.202365e+00 -3.490272e+00 -5.753449e-01 -1.416196e+00 1.819499e+00 -5.503818e-01 -1.208657e+00 -1.405262e+00 -1.656295e+00 
-1.858765e+01 1.174498e+00 -1.362678e+00 1.487340e+00 -6.415697e-01 2.389232e+00 -7.507951e-01 1.355439e+00 8.493951e+00 1.392512e+00 -7.870541e-01 -5.806660e+00 
-1.935815e+01 7.873846e-01 -5.368834e+00 -2.586798e+00 -2.877817e+00 -5.145574e-01 -3.057429e+00 -2.389863e+00 6.629878e+00 3.502098e+00 4.275475e-01 -5.434702e-01 
-1.933661e+01 -2.507033e+00 -6.051804e+00 -1.008450e-01 3.145833e-01 4.182588e+00 6.555747e+00 4.479910e-01 6.770810e-01 -1.453721e+00 -3.860855e+00 -2.655542e+00 
-2.017636e+01 -2.366803e+00 -6.451017e+00 -2.726515e-01 8.997885e-01 4.341686e+00 3.501898e+00 1.301535e+00 -5.384454e-01 -1.480459e-01 -1.533689e+00 -6.099075e-02 
-1.958386e+01 -1.886203e+00 -7.392699e+00 -1.688118e+00 -1.478502e+00 8.492832e-01 2.692002e+00 -2.619663e+00 -3.203750e+00 1.856825e+00 2.132282e+00 -1.814265e+00 
-1.899342e+01 -3.335905e+00 -5.574952e+00 1.082660e+00 -6.790392e-01 2.792981e+00 4.037649e+00 7.252105e-01 -1.533645e+00 -1.868584e+00 1.662205e+00 1.830047e+00 
-1.943612e+01 -2.044538e+00 -7.051089e+00 1.237149e+00 -1.146726e+00 9.405895e-01 1.893653e+00 2.401903e+00 4.282877e+00 -3.040287e-01 -4.388285e+00 -1.707115e+00 
