3.446835e-01 -3.513199e+00 2.211390e+00 -1.198940e+01 3.319348e-01 1.218065e+00 -1.439342e+00 -3.912846e+00 -4.615519e+00 -1.678972e+00 3.081629e+00 -9.527815e-01 
3.454766e+00 -1.861634e+00 3.150101e+00 -1.677697e+01 -4.867115e+00 5.760633e+00 -2.569800e+00 -5.479014e+00 -1.211010e+01 4.763333e+00 5.532673e+00 1.418067e+00 
5.187878e+00 3.676065e-01 -3.301086e+00 -1.661398e+01 -4.166350e+00 7.200402e+00 -5.724260e+00 -7.811294e+00 -7.317637e+00 4.649489e+00 1.941630e+00 1.572586e+00 
5.116919e+00 2.575593e-01 -2.201188e+00 -2.006424e+01 -7.543256e+00 9.955749e+00 -6.583364e+00 -4.018550e+00 -1.089306e+01 2.558352e+00 3.604590e+00 9.944128e-01 
4.791764e+00 -4.833296e-01 -1.308040e+00 -1.824294e+01 -9.786401e+00 5.428422e+00 -2.554283e+00 -4.118436e+00 -1.303579e+01 1.558845e+00 8.475611e-01 1.610366e+00 
4.551041e+00 -1.829049e+00 1.598239e+00 -2.041776e+01 -1.111596e+01 3.307014e+00 -2.002868e+00 -4.139448e+00 -1.343115e+01 4.911821e-01 -1.433069e+00 1.078677e+00 
3.438148e+00 -1.305682e+00 3.340440e+00 -1.991480e+01 -1.199162e+01 2.340301e+00 -2.476321e+00 -3.715985e+00 -1.246799e+01 4.217188e-02 -1.847067e+00 1.037288e+00 
2.513881e+00 -1.451847e-01 4.594177e+00 -2.034958e+01 -1.262622e+01 2.772429e+00 -5.465015e+00 -2.154020e+00 -1.583235e+01 6.046518e-01 -2.420709e+00 7.573280e-01 
2.631997e+00 4.787970e-01 5.060348e+00 -1.952381e+01 -1.338774e+01 4.313244e+00 -6.948198e+00 -3.351677e+00 -1.429948e+01 -1.059944e+00 -2.007344e+00 5.176962e-01 
3.244582e+00 1.032177e+00 5.118650e+00 -2.046155e+01 -1.230428e+01 3.930510e+00 -6.094772e+00 -4.425204e+00 -1.462678e+01 -2.602457e+00 -1.056448e+00 2.277608e-01 
4.149538e+00 1.222830e+00 4.093221e+00 -1.762170e+01 -1.144719e+01 2.829161e+00 -6.476259e+00 -5.887607e+00 -1.420695e+01 -5.362054e+00 1.282465e+00 -1.211941e+00 
5.627556e+00 2.146369e+00 2.796614e+00 -1.611780e+01 -1.211506e+01 3.003593e+00 -6.336986e+00 -3.724389e+00 -1.587594e+01 -3.400490e+00 -6.662073e-01 2.459797e+00 
5.687288e+00 3.839666e+00 -1.555456e+00 -1.237181e+01 -1.244629e+01 8.299686e-01 -3.585964e+00 -8.398646e+00 -1.398059e+01 -7.656538e+00 -2.287672e+00 3.416626e+00 
5.085482e+00 7.472365e+00 -3.410831e+00 -9.300800e+00 -9.153739e+00 1.249024e-01 -2.198153e+00 -7.520041e+00 -1.733731e+01 -9.766398e+00 2.018285e+00 -5.191519e-01 
4.955689e+00 9.276280e+00 -2.686956e+00 -7.678157e+00 -7.557961e+00 1.085689e+00 -3.797523e+00 -4.628855e+00 -1.630418e+01 -1.338357e+01 1.860541e+00 1.819859e+00 
4.478735e+00 9.715040e+00 -4.907085e+00 -8.206396e+00 -2.497438e+00 4.069378e+00 -3.742268e+00 -7.673587e+00 -1.772961e+01 -9.487781e+00 -2.419442e+00 -1.667644e+00 
8.598119e-01 1.381994e+01 -4.065626e+00 -9.098986e+00 -1.880254e+00 6.432394e+00 -1.914308e+00 -1.106194e+01 -1.556279e+01 -1.270875e+01 -8.952206e-01 2.804281e+00 
-1.345315e+00 1.297101e+01 -1.344540e+00 -9.213212e+00 3.940118e-02 4.690332e+00 -1.987351e+00 -1.083760e+01 -1.656839e+01 -1.330605e+01 3.771811e-01 6.588511e+00 
-2.843993e+00 1.156212e+01 -2.921653e-01 -5.025222e+00 -1.185293e+00 1.336894e+00 -4.413655e+00 -8.087029e+00 -1.118747e+01 -1.163696e+01 -1.408996e+00 5.169822e+00 
-2.962558e+00 1.119282e+01 -7.500073e-01 -1.152369e+00 -8.308476e-01 2.650778e+00 -5.474477e+00 -7.643201e+00 -1.172622e+01 -1.152574e+01 -3.526206e-01 3.851317e+00 
-6.096891e+00 9.291716e+00 -1.233081e+00 4.531171e-01 7.320403e-01 -9.050361e-01 -3.682471e+00 -1.330565e+01 -1.522976e+01 -9.153737e+00 -1.103011e+00 4.461115e+00 
-6.003926e+00 1.057627e+01 1.648947e+00 2.127681e+00 1.448283e+00 6.575124e-01 -2.938798e+00 -6.366024e+00 -1.182678e+01 -4.764372e+00 -1.123600e+00 -5.860111e-01 
-8.766847e+00 9.372322e+00 2.037219e+00 2.562914e+00 1.786090e+00 1.911277e+00 -5.623968e+00 -1.166836e+01 -9.666840e+00 -1.552021e+00 -4.045683e-01 -1.667432e+00 
-8.997688e+00 8.658587e+00 2.179299e+00 4.883104e+00 1.958282e+00 5.634748e+00 -3.850507e+00 -1.101507e+01 -9.346807e+00 -5.540119e-01 -2.380481e+00 -3.277011e-01 
-7.886592e+00 8.311010e+00 -7.235509e-01 2.119554e+00 -9.078506e-01 8.477505e-01 -1.011363e+01 -8.773945e+00 -4.599078e+00 -1.231834e+00 7.060695e+00 -1.282408e+00 
-1.226496e+01 4.144653e+00 -2.705818e+00 1.065333e+00 3.149312e+00 -1.359462e+00 -9.416889e+00 1.960361e+00 -1.282512e+00 -3.079737e-01 -2.464738e+00 -4.399107e+00 
-1.038050e+01 3.205680e+00 3.091799e+00 4.926898e+00 1.784542e+00 -3.967755e+00 -9.097469e+00 -2.438483e+00 -1.159393e+00 9.712749e-01 4.480732e+00 5.915597e-01 
-1.096658e+01 2.169807e+00 5.529213e+00 2.061764e+00 2.470216e+00 1.725837e+00 -1.126529e+01 -2.991586e-02 3.932458e+00 1.790653e+00 8.726822e+00 2.856494e+00 
-1.167483e+01 4.447640e+00 7.791232e+00 -9.206891e+00 2.149822e+00 -5.536514e+00 -1.323138e+01 5.764417e+00 3.857516e+00 9.604147e-01 2.174128e+00 -3.504893e+00 
-1.369043e+01 2.130648e+00 3.084205e+00 -9.229917e+00 2.697742e+00 -7.185996e+00 -1.164488e+01 5.896628e+00 5.539505e+00 5.069106e-01 1.836468e+00 -1.566613e+00 
-1.703270e+01 1.218828e+00 5.915770e+00 -4.597664e+00 1.007725e+01 -2.013159e+00 -6.206796e+00 7.182857e+00 1.553049e+00 -4.516462e+00 -4.273746e-01 -5.880198e+00 
-2.045536e+01 -7.228608e-01 5.690156e+00 -7.849722e+00 5.742259e+00 1.082495e-01 -1.221106e+01 4.820191e+00 4.042959e+00 -4.997303e+00 -2.988649e+00 1.500845e+00 
-2.219521e+01 -2.045142e+00 3.517795e+00 -8.052440e+00 5.753094e+00 -4.096180e+00 -1.462184e+01 -3.103741e+00 -2.017785e+00 -7.260330e+00 -4.023485e+00 -2.881722e+00 
-1.922570e+01 9.578594e-01 6.106843e+00 -2.677040e+00 4.119781e+00 -5.970053e+00 -1.244381e+01 -1.250201e+00 2.702415e+00 -7.655972e-01 -2.360842e+00 -4.006443e+00 
-1.879366e+01 3.279997e+00 5.935367e+00 -5.902912e+00 3.572635e+00 -2.625081e+00 -5.166789e+00 4.688304e+00 1.998869e-01 -6.444696e+00 -2.228439e+00 1.171218e+00 
-1.795203e+01 3.669593e+00 6.750370e+00 -6.616261e+00 3.297514e+00 -4.872656e+00 -2.094455e+00 3.053607e+00 -1.188528e+01 -1.063483e+01 -1.918970e+00 -5.596919e-01 
-1.795382e+01 1.541538e+00 5.315358e+00 -7.163462e+00 -2.480799e+00 -3.253093e+00 -1.427395e-01 2.310122e+00 -5.992770e+00 4.218080e+00 2.314767e+00 -1.580621e+00 
-1.943005e+01 -2.154331e+00 7.072011e+00 -2.470259e+00 4.630941e+00 -5.347969e+00 -1.866622e+00 -2.848047e+00 3.162390e+00 8.650512e+00 -6.644943e+00 -4.345832e+00 
-1.705830e+01 -1.155332e+00 6.289588e+00 -3.628322e+00 4.555486e+00 -7.060958e+00 -5.864668e+00 -3.189080e+00 -2.447937e+00 -3.002035e+00 -7.174239e+00 -6.169921e+00 
-7.777009e+00 -5.996652e-01 -1.929520e+00 -1.299351e+01 4.425084e+00 -6.725078e+00 -2.172960e-01 -2.021823e-02 3.942017e+00 -9.884171e-01 -4.701022e+00 -3.237668e+00 
-9.267449e-01 -4.240654e+00 -4.452918e+00 -1.038708e+01 1.596485e+00 -8.136904e+00 -2.888085e+00 9.366145e-01 1.016211e-01 5.271329e-01 1.576704e-01 6.312507e-01 
1.775097e+00 -4.487045e+00 -1.822960e+00 -4.919574e+00 6.027992e-01 -8.162589e+00 -8.656565e+00 -5.566292e+00 -4.404840e+00 4.353835e-01 9.489225e-01 3.818842e+00 
2.398011e+00 -6.977072e-01 -2.767060e+00 -1.124851e+01 -3.463263e+00 9.758930e-01 -3.828178e+00 -8.077978e+00 -9.789194e+00 1.858061e+00 1.650533e+00 1.381984e+00 
4.120346e+00 -1.037567e+00 -3.311375e+00 -1.639185e+01 -3.856404e+00 2.372477e+00 -2.243190e+00 -7.394295e+00 -1.098024e+01 4.865942e+00 4.293213e+00 2.842698e+00 
3.998188e+00 -2.824333e+00 -1.309265e+00 -1.842173e+01 -1.005301e+01 6.014660e+00 -5.641756e+00 -4.523150e+00 -1.179122e+01 1.193346e+00 8.976083e-01 1.585958e+00 
3.889054e+00 -3.032994e+00 1.553166e+00 -2.034326e+01 -1.101032e+01 7.084679e+00 -4.440904e+00 -2.037971e+00 -1.380930e+01 9.660320e-01 -4.761547e-01 2.150122e+00 
3.285900e+00 -3.170195e+00 2.889212e+00 -2.098934e+01 -1.189411e+01 5.244112e+00 -2.564123e+00 -1.680129e+00 -1.512996e+01 3.170455e-01 -2.541100e-01 6.966242e-01 
3.247726e+00 -3.054431e+00 3.552090e+00 -2.158936e+01 -1.186548e+01 4.232237e+00 -2.726482e+00 -2.271361e+00 -1.357300e+01 -1.342682e+00 -1.475514e+00 2.218467e+00 
4.275737e+00 -2.846342e+00 2.731698e+00 -2.078843e+01 -1.375573e+01 5.258224e+00 -2.819205e+00 -3.019695e+00 -1.300673e+01 -1.249809e+00 -6.760266e-01 9.037815e-01 
4.518705e+00 -2.058862e+00 2.309376e+00 -1.958115e+01 -1.528108e+01 5.373948e+00 -3.592019e+00 -3.391760e+00 -1.258537e+01 -3.187032e+00 1.006255e+00 4.718499e-01 
5.150602e+00 -1.380388e-01 1.561249e+00 -1.807093e+01 -1.411830e+01 4.332155e+00 -1.281524e+00 -6.954669e+00 -1.317076e+01 -4.418346e+00 2.908681e+00 1.271536e-01 
5.367073e+00 2.461932e+00 -8.369703e-01 -1.322557e+01 -1.479198e+01 3.465358e+00 -2.209885e+00 -7.045181e+00 -1.358600e+01 -6.649167e+00 2.985652e+00 1.990509e+00 
4.884281e+00 5.350598e+00 -3.017170e+00 -1.382244e+01 -1.117091e+01 1.912971e+00 -2.015357e+00 -8.064402e+00 -1.516361e+01 -8.520854e+00 -2.620289e-01 2.620259e+00 
4.548796e+00 7.484656e+00 -4.212851e+00 -1.317004e+01 -8.249052e+00 2.314051e+00 -8.504587e-01 -6.763949e+00 -1.951789e+01 -8.262833e+00 -3.101755e-01 5.172717e-01 
3.100867e+00 7.899405e+00 -6.728654e+00 -1.244270e+01 -4.572260e+00 -9.866070e-01 -3.567041e+00 -6.200840e+00 -1.705819e+01 -9.967499e+00 -3.237618e+00 -3.439094e+00 
1.294101e+00 1.027385e+01 -3.681274e+00 -1.270772e+01 -5.203374e+00 3.116776e+00 2.319354e-01 -5.218471e+00 -1.516093e+01 -1.291247e+01 -5.537253e+00 -4.604567e+00 
8.184938e-01 1.346579e+01 -1.694597e+00 -1.074285e+01 -7.648119e+00 3.279354e+00 3.045403e+00 -6.770709e-01 -1.042123e+01 -1.589114e+01 -9.128613e+00 -2.995064e+00 
-1.958349e+00 1.401088e+01 -9.795406e-01 -7.819924e+00 -6.756976e+00 7.424704e-01 -2.599320e+00 -1.778398e+00 -7.870908e+00 -1.026222e+01 -1.060057e+01 -2.923960e+00 
-4.411384e+00 1.319110e+01 2.145004e+00 -4.724305e-01 -3.722906e+00 -3.213295e+00 -5.060063e+00 -1.032946e-01 -6.347980e+00 -1.182833e+01 -1.203135e+01 -4.468302e+00 
-4.965585e+00 1.197715e+01 3.215507e+00 2.251163e-01 -7.667467e+00 -2.939510e+00 2.414511e+00 6.851226e-01 -5.840209e+00 -9.226013e+00 -1.014128e+01 -3.088455e+00 
-7.043165e+00 1.041191e+01 3.134178e+00 -1.492339e+00 -4.548656e+00 -2.609275e+00 -4.772056e+00 -2.721977e+00 -5.572942e+00 -8.999449e+00 -8.405780e+00 -5.232619e+00 
-1.220298e+01 7.560688e+00 2.370863e+00 1.282498e+00 -1.382085e-01 5.619225e+00 6.595947e-01 -2.216731e+00 -3.446653e+00 -6.367552e+00 -5.836269e+00 -2.495637e+00 
-1.014965e+01 9.841666e+00 3.674329e+00 5.913396e+00 2.401339e+00 -5.208908e-01 -4.873105e+00 -2.219964e+00 -3.911600e+00 -6.061222e+00 -7.947119e+00 -1.071006e+00 
-1.252544e+01 9.839951e+00 2.808863e+00 4.091197e+00 4.040456e+00 5.226612e+00 -2.256436e+00 -2.988662e+00 -3.427153e+00 -2.101393e+00 -2.726377e+00 1.860186e+00 
-1.485407e+01 8.311868e+00 5.049325e+00 1.279789e+00 -2.660344e+00 -1.841267e+00 -6.864180e+00 -3.880521e+00 -6.755572e+00 -3.527441e+00 -5.565761e+00 -4.542165e+00 
-1.908738e+01 4.833704e-01 -4.023736e+00 -4.354764e+00 -4.431410e+00 -2.687177e+00 -5.575525e+00 -9.489278e-01 -2.201316e+00 -5.925841e-01 -1.899331e+00 -1.203238e+00 
-1.972376e+01 -2.083158e+00 -3.761623e+00 9.217602e-01 -2.207226e+00 -1.782276e+00 -4.644894e+00 -1.420233e+00 -2.378347e+00 -1.930253e+00 6.847494e-01 -9.542673e-01 
-1.869530e+01 -1.606668e+00 -4.429401e+00 6.915020e-01 2.168396e+00 -2.328717e+00 -2.863106e+00 -1.898326e+00 -3.198121e+00 2.585315e+00 -7.165053e+00 -6.724746e+00 
-1.794394e+01 8.520998e-01 -1.848926e+00 8.761601e-01 -1.800929e+00 -5.349098e+00 -2.793848e+00 -6.396410e+00 -9.670672e-01 2.447129e+00 -5.362088e+00 8.912587e-01 
-1.678704e+01 -2.627105e+00 -5.560900e+00 3.903604e-01 -1.578434e+00 -3.055798e+00 9.048364e-01 -3.790010e+00 -1.422837e+00 1.317301e+00 -3.885380e+00 2.015130e+00 
-1.824440e+01 5.785540e-01 -6.117708e+00 2.851866e+00 -1.090491e+00 -1.071847e+00 1.778321e+00 -5.232370e+00 -2.299964e+00 -3.785463e+00 1.042998e+00 1.984141e+00 
-1.979158e+01 -1.035280e+00 -8.262388e+00 -1.952855e+00 -5.955825e-01 4.588068e-01 -3.461072e+00 7.714315e-01 -2.437613e+00 1.756949e+00 3.074952e-01 1.422524e+00 
-2.080702e+01 -1.026419e+00 -2.970382e+00 5.316758e-01 -3.143256e+00 -3.292608e+00 -1.868136e+00 3.127955e+00 -4.141014e+00 1.525516e+00 4.975502e+00 2.560828e+00 
-2.056809e+01 -1.008983e+00 -2.532627e+00 -1.588505e+00 -5.804915e-01 3.080841e-01 -1.489298e+00 -3.394023e+00 -2.811558e+00 6.821706e-01 4.481366e+00 1.578529e+00 
-2.013964e+01 -1.270524e+00 -4.216525e+00 1.249088e+00 2.217538e+00 4.085659e-01 1.324006e-01 -2.410684e+00 -3.258151e+00 -3.281028e+00 1.955884e+00 1.288593e+00 
-2.066420e+01 -2.147185e+00 -3.448311e+00 1.890199e+00 1.112798e+00 8.830320e-01 -3.391599e-01 2.084167e+00 -1.072980e+00 -2.446671e+00 -4.796049e+00 -3.287122e+00 
-2.374464e+01 -4.721146e+00 1.698676e+00 2.013003e+00 4.132937e+00 -1.725826e+00 -2.057366e+00 -3.997188e-01 -4.354752e+00 -7.390086e-01 -2.073863e+00 -1.395326e+00 
-2.180045e+01 -3.362278e+00 -2.310932e+00 -6.503162e-01 -8.950812e-01 5.076365e-01 3.013613e+00 -2.403544e-01 -4.651843e+00 4.997953e-01 1.030328e+00 -1.436927e+00 
-2.098082e+01 -3.020703e+00 -4.547719e+00 1.925415e+00 -3.387808e+00 -1.123782e+00 5.086057e+00 7.878500e+00 -5.518273e-01 -4.872599e+00 1.478219e+00 3.117988e+00 
-1.989577e+01 -2.044856e+00 -3.292267e+00 -3.703945e-01 -2.759624e-01 3.221210e+00 2.558326e+00 1.380766e+00 -2.005549e+00 -5.498925e-01 2.694847e-01 2.716833e+00 
-2.006688e+01 -1.369709e+00 -3.450271e+00 -2.305466e+00 3.838082e+00 3.412859e+00 -2.412361e+00 4.307833e+00 -4.027080e-01 -4.210689e-01 -4.034571e+00 1.293263e+00 
-1.951673e+01 -1.419731e+00 -3.757458e+00 -3.778667e+00 -1.374511e+00 8.598873e-01 -3.677081e-02 3.744752e-01 -5.736216e-01 3.829362e+00 -8.220503e-01 4.306808e+00 
-1.809485e+01 5.033789e-01 -1.999580e+00 3.686891e-01 -1.196128e+00 2.610416e+00 7.636710e-01 1.954205e-02 -1.556662e+00 1.187354e+00 3.090790e-01 1.428679e+00 
-2.024743e+01 -1.343412e+00 -3.977438e+00 -1.264338e+00 2.282159e+00 1.033472e+00 1.251884e+00 1.609953e+00 -3.162944e+00 1.004979e+00 4.907717e+00 1.605272e+00 
-1.883138e+01 -1.710141e+00 -1.445711e+00 -1.970915e+00 -2.405731e+00 -2.282427e+00 -6.343799e+00 -3.755421e+00 7.221868e-01 2.225433e+00 9.641266e-01 3.268822e-01 
-2.003051e+01 -9.292350e-01 -3.229066e+00 3.312157e-01 4.432049e+00 1.014562e+00 -1.235352e+00 -7.226498e-01 -6.042102e-01 1.953555e+00 -4.747585e+00 2.638725e+00 
-2.102124e+01 1.318300e+00 1.346169e+00 1.400336e+00 2.064693e+00 -1.119266e+00 -5.508538e+00 1.090484e+00 -5.868504e+00 2.128441e+00 -2.756151e+00 -7.751271e-01 
-1.994697e+01 -3.103983e-01 -4.256945e+00 4.677913e-02 2.701881e-02 -4.446827e-01 -1.332238e+00 -4.487269e+00 -2.550026e+00 2.488889e-01 -2.614562e+00 -2.170680e+00 
-1.950999e+01 3.069907e+00 -2.133822e+00 -2.029156e+00 -2.225800e+00 -2.255613e+00 -5.863912e+00 -5.274070e+00 7.745697e-01 9.656575e-01 -3.421969e+00 -3.356316e+00 
-2.003994e+01 3.987627e-01 -3.939468e+00 -1.119862e+00 1.179354e+00 -1.345350e+00 1.698681e-01 -1.213687e-02 5.063852e+00 -6.442633e-01 -5.104250e+00 3.485319e-01 
-2.012796e+01 1.224259e+00 -3.268996e+00 -1.802510e+00 1.628380e-01 -3.885056e+00 -1.375004e+00 -4.153347e+00 5.921854e-01 1.708123e-02 -5.817581e+00 1.138107e+00 
-1.986568e+01 -5.993793e-01 -6.456742e+00 -1.753749e+00 -2.833310e+00 -4.097309e+00 -4.398516e+00 -2.106501e+00 -2.623829e-01 -7.742104e-01 -1.343111e+00 1.868889e+00 
-1.991194e+01 -1.472896e+00 -4.733649e+00 -3.768734e+00 -3.660220e+00 3.304756e+00 -2.280279e+00 -4.319823e+00 1.060955e+00 -8.060418e-01 2.894110e+00 4.106231e+00 
-1.971209e+01 -2.989832e+00 -6.293594e+00 3.215764e+00 -8.115002e-01 3.384916e+00 -3.940366e-01 -7.336404e-01 4.228011e-01 2.116082e+00 -3.133089e+00 -1.025024e-01 
-2.090223e+01 -3.507483e+00 -4.167777e+00 3.162940e+00 6.894759e-01 1.383465e+00 5.763335e-01 3.143471e+00 3.333296e-01 -2.539169e+00 -3.642430e+00 1.408303e+00 
-2.131406e+01 -2.543355e+00 -4.890672e+00 1.096937e+00 9.266757e-01 6.727540e-01 -2.138735e+00 4.953724e-01 1.845552e+00 7.081410e+00 2.100958e+00 -3.436967e-02 
-2.029638e+01 -2.034566e+00 -2.717087e+00 -2.079271e+00 5.548176e-01 -6.473398e-01 -3.078828e+00 5.031304e-01 -1.780723e+00 -2.111647e-02 -5.783371e+00 -1.570510e-01 
-2.078321e+01 -3.474897e+00 -6.042014e+00 -1.536133e+00 -2.113971e+00 1.495519e+00 -1.480379e-01 4.697355e+00 1.527813e+00 -3.564515e+00 9.362523e-01 2.472107e+00 
-1.999997e+01 -1.603238e+00 -3.541153e+00 -9.589065e-02 6.554244e-01 1.173187e+00 -5.874293e-01 5.629943e+00 2.178203e+00 -2.644400e+00 -3.810943e+00 3.869995e+00 
-1.885788e+01 -1.953960e+00 -6.189239e+00 1.451805e+00 -1.606681e+00 1.754063e+00 -2.226159e+00 4.572564e-02 2.984977e+00 -6.237605e+00 -4.198650e+00 1.762551e+00 
-1.902720e+01 -2.318402e+00 -5.731641e+00 -1.569092e+00 -1.352068e+00 -2.585848e+00 -2.036929e+00 2.550946e+00 -1.548632e+00 -1.546778e+00 -2.154319e+00 5.423174e-01 
-1.933349e+01 -2.000837e+00 -2.935596e+00 1.517507e-02 -9.136547e-01 -3.898886e+00 -1.833696e+00 4.956282e+00 -2.944236e+00 -2.943241e+00 -2.414690e+00 -6.220939e-01 
-1.949203e+01 -1.026134e+00 -3.603619e+00 2.047994e-01 -2.440943e+00 -2.993703e+00 -2.488053e+00 3.467049e+00 -4.366987e+00 3.661034e-01 -9.262624e-01 -9.680637e-01 
-1.871237e+01 -4.756120e-01 -5.657172e+00 -3.890184e+00 -5.823267e+00 -2.662056e+00 1.261724e+00 -3.213971e+00 -3.031031e+00 1.004604e+00 3.185816e-01 5.863884e+00 
-1.952391e+01 5.408235e-01 -3.030154e+00 -1.581958e-01 -4.844285e+00 -1.213256e+00 -2.618621e+00 -7.582077e-01 -6.359459e-01 -1.012010e+00 -1.200888e+00 -1.426102e+00 
-2.108681e+01 -1.602666e+00 -6.914584e+00 -8.738021e-01 -1.160915e+00 1.484512e+00 3.546862e+00 -1.024893e+00 -3.058943e+00 -2.324588e+00 -1.274692e+00 -1.714841e-01 
-1.905594e+01 -8.411973e-01 -6.736003e+00 -1.802962e+00 -3.099531e+00 -4.104648e+00 -7.232800e+00 -1.801349e+00 -4.078308e+00 -1.166673e+00 -3.795447e-01 4.423122e+00 
-1.755322e+01 2.166949e+00 -3.895129e+00 3.170615e+00 2.273259e+00 7.768293e+00 -2.396251e-01 -1.264424e+00 -2.910589e+00 2.174319e-01 1.792097e-01 4.501230e+00 
-1.463805e+01 5.503521e+00 3.268420e+00 6.053809e+00 4.875880e+00 4.166472e+00 1.191330e+00 -1.760268e-01 -7.892711e-01 1.987076e-01 -1.022556e+00 1.812218e+00 
-1.713196e+01 3.056187e+00 6.058811e-01 4.091197e+00 3.769592e+00 1.033453e+01 9.280523e+00 3.581481e+00 -3.453544e-01 1.773618e-01 2.206120e+00 -1.140200e+00 
-1.658898e+01 6.271279e+00 3.023943e+00 3.547606e+00 1.574207e-01 4.315784e+00 1.018012e+01 6.282917e+00 4.040656e-01 -8.172764e-01 -3.661752e+00 6.453948e-02 
-1.349282e+01 8.705179e+00 6.291303e+00 7.998362e+00 3.555222e+00 1.205646e+00 5.475706e-01 6.091579e-01 -3.706656e+00 -1.904039e+00 -3.968687e+00 -2.409675e+00 
-1.173366e+01 8.503950e+00 6.121787e+00 7.935153e+00 4.813968e+00 2.702712e+00 -2.882316e-02 2.012110e-01 -4.268339e+00 -6.625574e+00 -1.715614e+00 -5.291277e-01 
-1.460617e+01 4.438208e+00 -4.976920e-01 3.647385e+00 2.142857e+00 -1.400389e+00 1.971335e+00 3.923484e+00 -3.737627e+00 4.724578e-01 -2.542026e+00 -3.862748e+00 
-1.578463e+01 5.484370e+00 1.723907e+00 4.486247e+00 4.296230e+00 4.037201e+00 5.067891e+00 2.292020e+00 -3.813716e+00 -2.850368e+00 3.247608e+00 -1.611822e+00 
-1.160073e+01 6.813225e+00 5.150985e+00 4.697994e+00 -6.044824e-01 2.740252e+00 -1.370626e-01 -8.063726e-01 -7.445344e+00 -2.186402e+00 1.062637e+00 1.761914e+00 
-1.114398e+01 9.556686e+00 6.529655e+00 7.099903e+00 1.557403e+00 2.171796e+00 -6.933980e-01 3.420177e+00 -5.916298e+00 6.960267e-01 2.485789e-01 -1.027146e-01 
-1.501530e+01 4.300720e+00 5.786898e-01 3.916471e+00 1.550051e+00 5.674829e+00 3.344979e-01 -1.069502e+00 5.126551e-01 4.408694e+00 1.987876e+00 4.683130e+00 
-1.334013e+01 4.066049e+00 -2.544405e-01 3.069031e+00 2.537932e+00 -2.329563e+00 1.543512e-01 -7.394590e-01 -2.119109e+00 -3.192275e+00 -5.679793e+00 -1.637292e+00 
-1.488686e+01 5.698748e+00 7.722132e-01 3.185514e+00 8.709550e-01 -1.816429e+00 -1.597538e+00 -4.068008e+00 -5.114878e+00 -2.685219e+00 2.089238e+00 5.147247e-01 
-1.036029e+01 1.077121e+01 6.499035e+00 6.573019e+00 -3.065093e+00 -4.852617e+00 -6.139215e-01 3.071386e+00 -2.706410e+00 -2.509584e+00 -4.627219e+00 -1.049568e+00 
-9.904440e+00 9.530961e+00 1.966424e+00 -1.231380e+00 -1.284739e+00 -3.756631e+00 -3.127271e+00 -2.187638e+00 -1.531809e+00 3.772065e+00 9.353020e-01 2.892365e+00 
-8.940203e+00 1.150009e+01 3.480805e+00 6.422900e-01 -4.427375e-01 -4.238153e+00 -7.680896e+00 1.270536e+00 -3.887893e+00 -4.597351e+00 -5.137826e+00 4.628586e-02 
-6.841065e+00 1.266002e+01 2.499960e+00 -2.940933e-01 1.424948e-02 -5.620060e+00 -2.421444e+00 -3.218145e-01 -3.618332e+00 -2.480558e-01 -4.847071e-01 -4.238510e-01 
-9.615213e+00 1.155840e+01 2.943104e+00 1.184977e+00 -2.779911e+00 -6.339804e+00 -1.026426e+01 -4.406132e+00 -2.500319e+00 -7.345148e-01 3.027781e+00 2.930358e+00 
-9.659676e+00 1.034645e+01 4.596362e-01 1.195361e+00 3.330791e+00 -2.261823e+00 -6.745344e+00 -3.020960e-01 6.338541e-02 4.933350e+00 3.640383e+00 1.403846e+00 
-1.011956e+01 1.275663e+01 3.524899e+00 2.110524e+00 -1.640732e+00 -5.461999e+00 -5.314388e+00 -1.387907e+00 2.963182e+00 3.226437e+00 -1.799895e-01 -2.529385e+00 
-8.359055e+00 1.011092e+01 -8.516878e-02 1.248863e-01 -8.002178e+00 -5.705865e+00 -8.463172e+00 -2.424907e+00 1.111426e+00 -1.337065e+00 -1.319038e+00 -4.880706e+00 
-1.006702e+01 1.031330e+01 4.562576e+00 1.281595e+00 -8.264916e+00 -4.137107e+00 -6.732855e+00 -3.663294e+00 -7.422411e-01 -3.445803e+00 -3.057701e+00 6.771684e+00 
-1.188861e+01 7.350884e+00 2.764524e+00 2.371935e+00 -2.486990e+00 -2.166986e+00 -3.596939e+00 -1.924186e+00 -3.242092e+00 -3.352555e+00 -2.021915e+00 2.032110e+00 
-9.444103e+00 9.474651e+00 3.060424e-01 1.444130e+00 -5.433444e-01 -5.514216e+00 -8.597903e+00 -7.315098e+00 -3.401918e+00 -4.055842e+00 -2.516052e+00 2.103562e-01 
-1.466994e+01 5.805651e+00 1.790783e+00 5.442044e+00 1.065204e+00 1.175163e+00 -4.048441e+00 -5.140566e+00 -1.723370e+00 -5.263938e+00 -3.728270e+00 -2.935286e-01 
-1.214864e+01 8.094917e+00 4.719355e+00 4.264567e+00 2.508137e+00 -8.353198e-01 -9.279887e+00 -1.268626e+00 -3.882158e+00 -6.892958e+00 -7.699418e+00 -1.224463e+00 
-1.156076e+01 8.211253e+00 4.005033e+00 2.460427e+00 7.533225e-01 -1.371035e+00 -4.860237e+00 -2.140443e+00 -1.713428e+00 -3.682479e+00 -3.791938e+00 -1.751483e+00 
-1.013393e+01 1.084810e+01 4.009198e+00 7.344609e+00 2.171491e+00 2.706946e+00 -2.324558e+00 -3.879551e+00 -2.817676e+00 -5.657525e+00 -3.665578e-01 8.661363e-02 
-9.721204e+00 1.071747e+01 5.346468e+00 4.878138e+00 -9.190721e-01 5.091131e+00 -3.588235e+00 -3.987195e+00 -3.568625e+00 -3.296757e+00 -3.775150e+00 1.075281e+00 
-1.268263e+01 7.856530e+00 2.653554e+00 3.894348e+00 2.389731e+00 4.467918e+00 1.856662e+00 -3.230133e+00 -2.053726e+00 -1.596210e+00 -7.159035e+00 -2.337085e+00 
-1.343668e+01 7.426631e+00 2.546259e+00 4.711088e+00 2.505429e+00 5.736642e+00 1.731392e+00 -6.831833e+00 -2.433789e+00 1.039432e+00 -1.605384e+00 5.878317e+00 
-1.224565e+01 8.557687e+00 1.507357e+00 3.472208e+00 4.689148e-01 -8.819804e-02 -4.574121e+00 -5.978118e+00 -5.865445e+00 -5.655278e+00 1.912464e-01 2.082337e-01 
-1.226765e+01 8.346740e+00 3.836986e+00 5.926489e+00 8.109779e-01 -2.590929e+00 -1.824235e+00 -8.018176e+00 -5.842504e+00 -5.564277e+00 -1.844241e-01 6.556673e+00 
-1.714857e+01 3.331734e+00 -6.481013e-01 3.115534e+00 9.086543e-02 -9.930988e-01 -2.695449e+00 8.402847e-01 4.689525e+00 -1.440798e+00 -3.618314e-02 -6.049015e-01 
-1.562474e+01 5.203107e+00 1.669015e-01 5.005457e+00 4.004083e+00 2.188731e+00 -2.804067e+00 1.911549e+00 -3.266563e+00 -5.481141e+00 -4.184079e+00 -7.138000e+00 
-1.958813e+01 1.457971e-01 6.639381e-01 7.867431e+00 2.976733e+00 3.551445e+00 -1.585049e+00 8.748729e-01 -2.692263e+00 2.376726e+00 1.141192e+00 -2.863889e-02 
-1.433850e+01 6.459359e+00 4.111349e+00 5.529181e+00 5.151774e+00 7.467977e+00 2.386127e+00 1.719860e+00 1.066691e+00 -4.463659e+00 -7.767520e+00 -5.652452e+00 
-1.501710e+01 4.908981e+00 1.279293e+00 5.772984e+00 6.072713e+00 7.173306e+00 1.656457e+00 -3.822630e-01 1.447136e+00 1.610525e+00 2.482013e+00 -3.033057e+00 
-1.653554e+01 4.366463e+00 3.255681e+00 4.868205e+00 -4.121686e-01 3.339473e+00 3.885962e+00 5.563029e+00 1.363017e+00 2.346018e+00 -5.936705e-01 1.510396e+00 
-1.470138e+01 4.844382e+00 5.740355e-01 3.723686e+00 -7.441710e-01 -3.072258e-01 -8.322927e-01 3.371689e+00 -2.015491e+00 2.083877e+00 5.175032e-01 1.474101e+00 
-1.477728e+01 4.036321e+00 -5.474201e-01 1.998556e+00 -1.711157e+00 -7.176206e-01 5.101952e+00 6.219559e+00 4.102606e+00 -1.446973e-01 4.598539e-01 -3.308347e+00 
-1.217738e+01 8.544825e+00 3.127564e+00 5.532341e+00 3.976223e+00 6.473602e+00 2.550215e-01 1.655855e+00 -3.121650e+00 -2.908039e+00 -2.353557e+00 -8.668197e-01 
-1.558792e+01 5.788215e+00 3.357832e+00 3.636098e+00 3.849690e+00 8.220655e-01 4.387421e+00 1.586679e+00 -5.545038e-01 -9.558367e-01 4.538381e+00 1.311304e+00 
-1.641428e+01 6.965004e+00 -4.881383e-01 1.141634e+00 1.705992e+00 3.621726e+00 3.397371e+00 5.199046e+00 1.624167e+00 -2.194266e+00 -1.246818e+00 -2.968745e+00 
-1.730890e+01 2.742624e+00 -1.484661e+00 -2.877724e-01 -7.320105e-02 4.472434e+00 8.444506e+00 3.845257e+00 -6.554835e+00 -2.873586e+00 -2.695335e+00 8.406661e-02 
