7.289254e-01 -3.409185e+00 4.194336e+00 -7.620226e+00 -2.453440e+00 -7.880995e-01 -1.274951e+01 -9.935005e+00 -7.778312e+00 -1.679562e+00 4.610102e+00 3.713561e+00 
3.502124e+00 -3.234569e+00 -1.361482e+00 -3.602373e+00 -4.294950e+00 -5.683176e+00 -1.783276e+01 -1.343471e+01 -1.000540e+01 -1.371505e+00 3.665872e+00 -4.936963e+00 
4.205086e+00 -4.394791e+00 1.121744e+00 1.019816e+00 4.722175e-01 -3.090931e+00 -2.063468e+01 -1.627471e+01 -1.070422e+00 1.325263e+00 7.462030e+00 -4.279700e+00 
3.642819e+00 -6.136495e+00 5.380005e+00 5.591989e+00 -3.428192e+00 -1.092241e+01 -2.281359e+01 -9.057644e+00 -1.004956e+00 8.840146e-01 3.864670e+00 -1.732804e+00 
2.895535e+00 -8.416115e+00 1.002380e+01 4.236861e+00 -7.840988e+00 -1.444368e+01 -2.278613e+01 -2.498034e+00 -1.987568e+00 -4.817297e+00 4.945879e+00 3.648793e+00 
2.213187e+00 -8.677868e+00 1.041021e+01 4.709388e+00 -1.252447e+01 -1.482044e+01 -1.994885e+01 -1.636406e+00 -5.695616e-01 -9.069557e+00 7.454335e+00 4.796232e+00 
1.089168e+00 -7.946811e+00 1.198575e+01 1.776963e+00 -1.547678e+01 -1.555746e+01 -1.445589e+01 -2.563032e-01 -3.599154e+00 -8.464424e+00 9.753988e+00 3.246068e+00 
1.448895e+00 -9.059348e+00 1.249359e+01 2.866259e+00 -1.913782e+01 -1.490738e+01 -8.047448e+00 -2.492040e+00 -6.340571e+00 -6.096551e+00 1.007489e+01 1.651451e-01 
-1.683313e-01 -8.883702e+00 1.447158e+01 -1.076150e-01 -2.051510e+01 -1.245360e+01 -6.513709e+00 -2.627278e+00 -9.308769e+00 -2.771279e+00 7.581566e+00 1.334257e+00 
-1.009413e+00 -9.582168e+00 1.635460e+01 -2.214363e+00 -1.773904e+01 -1.205470e+01 -8.011019e+00 -2.578952e+00 -7.990684e+00 -3.781616e+00 6.108147e+00 7.785574e-01 
-2.404000e+00 -1.119180e+01 1.694267e+01 -5.034873e+00 -1.737298e+01 -1.238316e+01 -6.637780e+00 -2.402131e+00 -8.837979e+00 -2.042248e+00 4.128624e+00 3.123237e-01 
-2.376170e+00 -1.171050e+01 1.699340e+01 -6.198227e+00 -1.812053e+01 -1.270800e+01 -7.116645e+00 -2.320838e+00 -6.378472e+00 -3.194787e+00 4.628571e+00 7.063831e-02 
-2.358648e+00 -8.918008e+00 1.432500e+01 -4.624245e+00 -1.933745e+01 -1.480917e+01 -8.179968e+00 -1.912876e+00 -5.867902e+00 -1.636198e+00 4.319983e+00 2.267985e+00 
-2.636431e+00 -5.596179e+00 1.484628e+01 -4.245120e+00 -1.796344e+01 -1.355370e+01 -1.526368e+01 -7.921419e+00 -5.054122e+00 -3.261805e+00 6.343114e+00 5.060599e+00 
-3.736743e+00 -1.576570e+00 1.110496e+01 -8.219307e-01 -1.978064e+01 -1.173591e+01 -9.643489e+00 -6.408700e+00 -2.785373e+00 -1.033318e+00 9.610597e+00 6.363281e+00 
-5.767810e+00 -7.215755e+00 1.195106e+01 1.053528e+00 -1.791669e+01 -8.886047e+00 -6.437153e+00 -2.096440e+00 -4.857725e+00 -1.869634e+00 7.667755e+00 5.190892e+00 
-9.324884e+00 -6.389931e-01 1.030613e+01 5.020536e+00 -2.373201e+01 -1.265648e+01 -9.126611e+00 -5.304318e+00 -7.397733e+00 -5.112683e+00 6.226143e+00 3.828230e+00 
-7.637052e+00 4.406359e+00 8.932676e+00 4.416753e+00 -1.154832e+01 -6.937838e+00 -5.556507e+00 -7.315657e+00 -7.131798e+00 -6.449662e+00 3.461429e+00 2.142887e-01 
-7.476773e+00 -1.966284e+00 1.761139e+01 2.946119e+00 -1.378066e+01 -5.673918e+00 -8.145650e+00 -3.313958e+00 -3.314738e+00 -4.956120e+00 5.025399e+00 4.925769e+00 
-6.352239e+00 1.119865e+00 1.831438e+01 3.864920e+00 -1.422807e+01 -7.545245e+00 -6.996269e+00 -1.234063e+00 -2.711764e+00 -5.761180e+00 5.214963e+00 7.724179e+00 
-5.266357e+00 3.404630e+00 1.685810e+01 5.406576e-01 -8.764315e+00 -3.862566e+00 -1.064979e+01 -2.457949e+00 -8.010731e+00 -7.089430e+00 1.609394e+00 5.909900e+00 
-6.071362e+00 1.837541e+00 1.907288e+01 2.621154e+00 -8.713823e+00 -3.577580e+00 -1.282870e+01 -2.782746e+00 -7.739470e+00 -8.699551e+00 1.097391e+00 2.692636e+00 
-5.883769e+00 5.607061e+00 1.811359e+01 2.476356e+00 -8.414151e+00 -2.229532e+00 -9.707900e+00 -1.459210e+00 -4.974561e+00 -8.727427e+00 4.134267e+00 5.239280e+00 
-6.035287e+00 9.020487e+00 1.600549e+01 -7.243859e-01 -2.147691e+00 -3.499894e+00 -9.810854e+00 4.603463e-01 -9.310962e+00 -5.540133e+00 4.745028e+00 7.108499e+00 
-6.708873e+00 8.911737e+00 1.883956e+01 2.087835e+00 -2.331421e+00 -7.232887e+00 -1.438145e+01 2.886765e+00 -5.479179e+00 -6.775741e+00 2.786026e+00 5.649061e+00 
-7.208266e+00 9.537132e+00 1.867173e+01 5.735409e-01 4.422970e-01 -5.922274e+00 -1.417977e+01 -3.795534e-01 -8.711433e+00 -4.565276e+00 3.580196e+00 6.200225e+00 
-8.222511e+00 9.247249e+00 1.986521e+01 2.832823e+00 -1.659293e-01 -6.186329e+00 -1.295858e+01 -2.807096e+00 -8.802585e+00 -4.455456e+00 7.239062e-01 8.380938e+00 
-7.209296e+00 8.849301e+00 1.519105e+01 6.068660e+00 7.288787e-01 -5.525387e+00 -1.155314e+01 -2.347811e+00 -7.187867e+00 -7.052261e+00 3.424491e+00 9.629184e+00 
-8.742517e+00 1.077145e+01 1.355869e+01 2.891129e+00 5.203707e-01 -3.162580e+00 -7.772378e+00 -1.129544e+00 -1.739801e+00 -2.890390e+00 -2.825229e+00 1.353915e+00 
-1.096427e+01 9.048275e+00 1.088118e+01 -1.073392e+00 6.905579e+00 9.729363e-01 -2.900312e+00 2.655624e+00 -3.031888e+00 -1.457671e+00 -2.950665e+00 -1.190461e+00 
-1.189812e+01 7.449625e+00 5.745160e+00 3.373327e+00 4.544669e+00 2.873245e+00 7.579610e-01 -2.017021e+00 -1.529308e+00 -7.083653e-01 -6.743546e-01 -3.099751e+00 
-1.537170e+01 3.581648e+00 1.349424e+00 2.882839e+00 2.239714e-01 -4.318671e-01 -3.952020e+00 8.761754e-01 3.506543e+00 1.836908e+00 2.729850e+00 -1.797825e+00 
-1.959412e+01 2.543898e+00 5.935274e-01 2.560361e+00 3.039150e-01 -9.487060e-01 -5.301499e+00 -8.661295e+00 -3.440031e+00 8.133361e-01 7.900870e-01 4.302683e-01 
-1.982037e+01 -1.895271e+00 -3.550677e+00 6.462160e-01 1.052393e+00 -4.137489e+00 -2.585117e+00 -5.045080e+00 -3.393672e+00 -3.749652e-01 1.622990e+00 -9.845619e-01 
-1.923851e+01 -8.242443e-01 -3.827362e+00 4.021047e+00 -2.373496e+00 3.362310e+00 2.552516e+00 -2.312971e+00 -8.914721e+00 -6.478103e+00 1.061992e+00 2.357703e+00 
-1.985232e+01 1.525359e+00 -5.484003e+00 -6.000369e-01 -3.069614e+00 -1.999692e+00 1.527735e+00 -1.435423e-01 -2.976759e+00 -1.993814e+00 -1.609350e+00 2.427667e-01 
-1.910349e+01 -2.094931e+00 -5.049893e+00 1.636863e+00 -1.366019e+00 2.984341e+00 -2.901368e+00 -2.925851e+00 -1.841915e+00 -4.512755e-01 1.652489e+00 -2.166624e-01 
-2.050426e+01 -3.159096e+00 -4.405018e+00 -1.298602e+00 -2.368821e+00 1.698684e+00 1.285399e+00 -2.615479e-01 8.293381e-01 -2.807885e+00 6.014519e+00 2.933313e+00 
-2.115105e+01 -1.255811e+00 -3.190726e+00 -1.429583e+00 -2.374899e+00 -1.936094e+00 -2.408776e+00 -2.001100e-01 -2.980831e+00 3.912357e-01 1.608881e+00 1.476648e+00 
-2.089182e+01 -5.436230e-01 -1.812939e+00 7.636567e-01 -3.737214e+00 -3.905234e+00 -3.555517e+00 -8.867899e-01 -7.223262e+00 -9.260328e-01 4.199365e-01 -3.766940e-01 
-1.977759e+01 -3.044515e+00 -6.040409e+00 -2.159096e+00 4.133116e-01 -5.466619e+00 -6.458800e+00 2.492289e+00 2.244847e-01 -7.567984e-01 3.201580e+00 3.198843e-01 
-1.867367e+01 -2.377954e+00 -4.637468e+00 -1.656174e+00 2.085436e-01 1.496216e+00 -1.096254e+00 -1.814351e+00 9.004421e-01 2.514691e+00 -4.646996e+00 1.432293e+00 
-1.894372e+01 -1.353240e+00 -4.162159e+00 -5.519834e+00 -2.367886e+00 4.615362e+00 -2.082494e+00 -1.896207e-01 -1.078252e+00 2.899903e+00 -3.084309e+00 -1.721715e+00 
-1.993220e+01 -5.624105e-04 -3.525524e+00 -1.888016e+00 -8.339965e-01 -3.145271e+00 -8.792601e-01 -1.083466e+00 -1.265253e+00 3.227390e+00 -2.127253e+00 -2.963408e+00 
-2.076658e+01 -1.245862e+00 -6.282834e+00 1.604808e+00 1.085119e+00 2.690500e+00 8.846728e-01 4.921891e-01 -2.275743e+00 -1.863721e+00 -4.907101e+00 -1.149634e+00 
-2.034140e+01 -2.182410e+00 -3.686417e+00 2.952751e+00 7.343417e-02 -6.081720e-01 -2.409498e-01 8.525743e-01 -9.413695e-01 1.950388e+00 5.011034e+00 1.049981e+00 
-2.064341e+01 -5.755274e-01 -2.063169e+00 -4.458442e-01 -2.637170e+00 -1.226849e+00 1.016999e-01 1.799241e+00 4.590017e+00 6.959139e-01 2.768584e+00 -4.112205e-01 
-2.007135e+01 -4.890768e-01 -4.392008e+00 -1.084169e+00 -1.116838e+00 -2.108823e-01 9.115990e-01 -9.474785e-01 8.985627e-01 1.470844e+00 1.507558e+00 3.271522e+00 
-1.967709e+01 -7.088927e-02 -5.814898e+00 -2.208560e+00 -6.011167e+00 1.160914e+00 2.979640e+00 -2.926975e+00 2.845934e+00 3.697923e+00 2.401768e+00 -3.453836e+00 
-2.073875e+01 -3.439633e-01 -1.897939e+00 -1.532096e-01 -4.135997e+00 -7.055824e-01 1.365456e-01 2.634271e+00 6.226042e-01 -1.741929e-01 -3.188197e+00 -1.069996e+00 
-2.015896e+01 -2.296306e+00 -1.667657e+00 -1.205202e+00 -8.910323e-01 3.375593e+00 4.428905e+00 4.337671e+00 -2.243793e+00 -3.758245e+00 -4.059577e+00 6.313788e-01 
-1.966215e+01 -2.068515e+00 -3.162103e+00 -4.774846e+00 -3.654932e+00 5.438474e-01 -1.443655e+00 1.847567e+00 -1.809652e+00 -1.356862e+00 -3.188454e+00 1.833506e+00 
-2.059290e+01 -1.285657e+00 -3.968740e+00 -3.845821e+00 -4.226693e+00 6.524815e-02 1.340307e+00 -8.882884e-01 -4.082472e+00 1.861688e+00 6.749120e-01 1.449682e+00 
-1.094366e+01 -8.443559e+00 -2.498580e+00 -4.169957e+00 1.183148e-01 -5.527802e+00 -9.014347e-01 -3.605787e+00 -2.427974e+00 3.264841e+00 -3.428038e+00 1.164397e+00 
-9.728417e+00 -1.100140e+01 -1.217936e+00 -9.667839e+00 -3.999017e+00 -1.502733e+01 -3.317933e+00 -7.708260e+00 -3.166265e+00 2.857946e+00 -3.058914e+00 9.572383e-01 
-1.001136e+01 -7.320388e+00 1.349424e+00 -9.287607e+00 -7.483346e+00 -1.217264e+01 -1.920408e+00 -1.016409e+00 2.080079e+00 5.402375e+00 3.298799e+00 6.397807e+00 
-1.240298e+00 4.171021e+00 4.921610e+00 1.057125e-01 -3.508135e+00 -6.992179e+00 -7.234381e+00 -4.571560e+00 -3.049429e+00 -2.086738e+00 -1.861504e+00 -1.027153e+00 
2.542710e-01 -2.374866e+00 6.208326e+00 1.167658e-01 -9.215926e+00 -9.021295e+00 -1.095707e+01 -3.635008e+00 -4.058040e+00 -2.849279e+00 -1.085291e+00 6.001285e-01 
2.326255e-01 -4.914523e+00 9.620485e+00 -1.990806e-01 -1.483629e+01 -7.970308e+00 -1.330968e+01 -2.867035e+00 -3.487016e+00 -2.078573e+00 2.504887e+00 9.874805e-01 
8.780693e-02 -6.568062e+00 1.211239e+01 -3.118242e+00 -1.263200e+01 -1.027032e+01 -1.276904e+01 -2.123038e+00 -4.994921e+00 -2.350159e-01 3.063832e+00 2.244547e+00 
1.513996e-02 -6.532727e+00 9.195483e+00 -1.496178e+00 -1.613549e+01 -1.059113e+01 -1.186728e+01 -2.711193e+00 -3.903303e+00 -8.984372e-01 3.652020e+00 3.237247e+00 
-3.394336e-01 -5.900814e+00 9.534184e+00 -4.422247e+00 -1.672502e+01 -1.053438e+01 -1.472410e+01 -1.224698e+00 -4.007297e+00 -1.704624e+00 3.013299e+00 3.699448e+00 
-2.587986e+00 -2.368691e+00 7.953003e+00 -3.010196e+00 -1.612287e+01 -1.356779e+01 -1.037842e+01 -2.420676e-01 -6.616522e-01 1.294288e+00 7.704437e+00 7.699733e+00 
-2.326695e+00 -6.105193e-01 5.788094e+00 3.056928e+00 -1.551231e+01 -1.138410e+01 -4.384423e+00 -3.151747e+00 9.417967e-02 1.152650e+00 6.352861e+00 6.536669e+00 
-5.030833e+00 1.215578e+00 6.308939e+00 6.369308e+00 -1.385733e+01 -9.253148e+00 -4.885463e+00 -2.459822e+00 -2.763447e+00 1.180808e+00 -6.553725e-01 6.633851e-01 
-7.994718e+00 2.401529e+00 3.373388e+00 5.071934e+00 -1.636831e+01 -1.582030e+01 -5.851640e+00 -4.089423e+00 -3.725379e-01 8.861965e+00 2.406385e+00 2.999090e+00 
-1.352565e+01 1.803236e+00 -2.866337e+00 8.371608e-01 -8.833037e+00 -1.377227e+01 -7.659922e+00 -6.548997e-01 -5.271819e+00 1.979955e+00 5.031042e+00 5.240036e+00 
-1.570927e+01 1.434448e+00 -3.169910e+00 -1.187240e+00 -4.707290e+00 -7.229667e+00 -7.424977e+00 -3.892747e+00 -6.982699e+00 -3.177892e+00 2.598258e+00 2.990269e+00 
-1.683535e+01 -1.082910e+00 -5.070276e+00 -1.360224e+00 -3.560029e+00 -6.907649e+00 -6.365350e+00 -6.590205e-01 -6.498441e+00 -1.414870e+00 4.426693e+00 -6.965051e-01 
-1.953846e+01 -3.566565e-01 -4.088435e+00 -1.877792e+00 -5.279986e+00 -2.772985e-01 1.987593e+00 -1.350196e+00 1.276635e+00 4.220269e+00 2.786026e+00 -7.524531e-01 
-1.994766e+01 -2.359771e+00 -6.295844e+00 -2.188111e+00 -9.929488e-01 3.101073e+00 1.005577e+00 3.178595e+00 -3.628277e-01 -3.716288e+00 -7.623391e-01 8.085476e-01 
-1.946888e+01 -3.254809e+00 -5.074613e+00 7.235887e-01 2.188435e+00 9.355018e-01 1.513480e+00 2.609171e+00 -1.193835e+00 -5.252913e+00 -1.968984e+00 1.169186e+00 
-2.030687e+01 -1.616365e+00 -2.659907e+00 1.065467e-02 -2.366484e+00 2.751281e+00 -1.312192e+00 7.027260e-01 3.619933e+00 2.518914e+00 9.103923e-01 -2.738356e+00 
-1.901227e+01 -1.751530e+00 -7.187047e+00 3.916317e+00 -5.460123e-01 -2.031894e+00 2.463624e-01 -3.950438e+00 1.462622e-03 3.754668e-01 -3.178193e+00 -2.052363e+00 
-1.987963e+01 -2.859264e+00 -5.761555e+00 2.155536e+00 -4.368815e+00 7.531591e-01 5.971621e+00 3.131204e-01 -3.631409e-01 -6.695770e+00 -1.193797e+00 -4.452332e+00 
-1.841547e+01 -1.863024e+00 -7.690978e+00 1.732197e+00 1.612934e+00 -3.127158e+00 -2.560830e+00 -4.928948e+00 -1.209810e+00 -7.176159e+00 -2.406597e+00 -3.668303e+00 
-2.786785e+01 -1.763880e+00 5.095514e+00 -6.659699e+00 4.023867e+00 -1.175281e+01 8.949874e+00 -2.074338e+00 -3.957806e+00 3.530941e+00 -5.178237e+00 -4.018609e+00 
-2.956908e+01 -1.528199e+00 7.523664e+00 -6.518218e+00 1.829390e+00 -1.635163e+01 1.178611e+01 2.351432e+00 2.097933e+00 9.384029e+00 -3.097648e+00 -5.755518e+00 
-1.525162e+01 2.684551e+00 -4.301369e+00 -6.655555e+00 -7.620004e-01 -9.204040e+00 2.044085e+00 6.190170e+00 -1.695948e+00 4.750217e+00 -1.277677e+00 -1.951808e+00 
-1.920759e+01 -1.194747e+00 -7.752994e+00 -5.988768e+00 -2.433805e+00 -3.920127e+00 -1.957366e+00 5.606886e+00 -7.678382e-01 2.661398e+00 4.633957e+00 8.861692e-01 
-1.908184e+01 -2.561405e-01 -2.525468e+00 -1.681320e+00 -1.120111e+00 2.097182e+00 -1.647450e+00 -4.223537e+00 -2.356550e-01 2.066684e+00 2.111336e-01 2.771770e+00 
-1.942199e+01 -1.581030e+00 -6.603320e+00 -4.260318e+00 -1.174341e+00 -7.201202e-02 -2.269393e+00 -1.964574e+00 -1.250844e+00 -1.129621e+00 -6.009914e-01 2.605942e+00 
-1.855565e+01 5.253453e-01 -5.140532e+00 -5.199566e+00 -3.999953e+00 -4.730405e+00 -2.426199e+00 -9.302459e-01 1.371232e+00 3.616826e+00 -6.735537e+00 -2.708870e+00 
-2.056198e+01 3.414663e-01 -2.791311e+00 -1.407200e+00 -5.406213e+00 -1.111325e+00 -2.788383e+00 -4.551330e+00 -1.333537e+00 4.959719e+00 1.480368e+00 4.189275e-01 
-1.951578e+01 6.111097e-01 -7.352547e-01 4.585873e-01 -3.305705e+00 3.233503e+00 -1.871307e+00 -2.384524e+00 -1.876997e+00 5.622014e+00 1.306707e+00 -2.342436e+00 
-1.839898e+01 3.241334e+00 -5.790612e+00 1.332622e+00 -9.533577e-02 2.576586e+00 -4.432996e+00 -7.458388e+00 -1.136984e+01 1.543775e+00 1.312864e+00 2.324437e+00 
-1.847319e+01 -1.946044e+00 -2.485136e+00 1.112939e+00 1.741498e+00 4.270401e+00 2.962217e+00 2.621720e-01 -3.403696e+00 -3.732902e+00 7.543745e-02 2.533864e+00 
-1.999611e+01 -1.633518e+00 -2.410110e+00 -4.231851e-01 -4.346375e+00 -2.910601e+00 5.884841e-01 1.578964e+00 2.289005e+00 4.934521e-01 2.180139e+00 1.338290e+00 
-1.995333e+01 -3.274966e-01 -2.328145e+00 -4.046709e-01 -1.704027e+00 2.439681e-01 -1.965285e+00 1.302119e+00 2.930507e+00 3.025355e-01 3.419361e+00 -3.303226e-01 
-1.932510e+01 -1.612248e+00 -3.418839e+00 4.874081e+00 -3.956474e+00 1.623010e+00 5.710613e-01 1.761404e+00 -3.617634e+00 -1.581851e+00 -3.674036e+00 5.114027e+00 
-2.002136e+01 -1.465076e+00 -4.608412e+00 6.458839e+00 3.097736e+00 4.863316e+00 -1.479557e+00 -5.664703e+00 -2.986148e-01 -1.674494e+00 -2.071589e+00 2.788151e+00 
-1.978068e+01 -2.743226e-01 -4.171267e+00 -1.060404e+00 2.641917e+00 2.824942e+00 6.534238e-01 -1.022028e+00 -2.990541e+00 -1.382487e+00 -2.562302e+00 7.823377e-01 
-2.059857e+01 -1.219104e+00 -4.245425e+00 1.031421e+00 -1.062607e+00 -7.816592e-01 3.577297e+00 3.989274e+00 8.888524e-01 -4.529651e-01 -2.508947e+00 3.913604e-02 
-1.934107e+01 -9.364243e-01 -4.853438e+00 2.762359e+00 -1.643251e+00 -3.010829e+00 -4.363305e+00 -2.928298e-02 4.296525e-01 8.938702e-01 2.396381e+00 -1.294292e+00 
-2.001672e+01 -7.906247e-01 -3.567157e+00 2.820117e-01 -2.519358e+00 -1.100055e+00 -2.813198e+00 -1.855185e+00 -2.805107e+00 2.921167e-01 -9.308692e-01 2.631802e-01 
-2.042953e+01 -2.693910e+00 -5.601529e+00 2.002172e+00 2.958886e+00 -3.767215e-01 1.532487e+00 1.734432e+00 -2.539485e+00 -2.420139e+00 -5.684597e+00 -1.437186e+00 
-1.876953e+01 1.930167e+00 -6.585539e+00 -1.945216e+00 -6.138008e-01 -2.229580e-01 3.440554e+00 1.503291e+00 9.972311e-01 6.431207e-02 -2.289114e+00 -6.214036e-01 
-1.717343e+01 2.015589e+00 -2.178527e+00 4.627317e+00 2.140282e+00 -3.952376e-01 -1.387163e+00 -5.732323e-01 5.496208e-01 -3.397531e+00 2.152436e+00 3.260685e+00 
-1.585100e+01 4.782350e+00 -6.316062e-01 3.979597e+00 3.261363e+00 7.133093e-01 1.339058e-01 -3.804711e+00 -6.791000e+00 -2.562622e+00 -3.346210e+00 -7.736226e-01 
-1.537840e+01 3.360718e+00 -1.561407e+00 3.358681e+00 6.989583e-01 2.740413e+00 2.378287e+00 -2.121915e+00 1.437011e+00 -3.286303e+00 1.581178e+00 -2.053875e+00 
-1.712911e+01 2.668771e+00 -1.446049e+00 2.916833e-01 3.505402e+00 6.452475e+00 5.900680e-01 -1.769396e+00 4.184380e+00 2.527644e+00 4.052182e+00 -4.219467e+00 
-1.645140e+01 4.436891e+00 1.465649e+00 2.951646e+00 6.342700e+00 1.002728e+01 6.666081e-03 -2.848679e+00 -2.311452e+00 -2.344391e+00 -3.680449e+00 -2.544806e+00 
-1.714406e+01 4.255070e+00 -8.211225e-01 2.038648e+00 2.728405e+00 3.704856e+00 1.760568e+00 -1.313858e+00 -2.416064e-01 1.012982e+00 -4.034439e+00 3.445821e-01 
-1.696265e+01 3.036186e+00 1.974351e+00 6.324266e+00 5.695671e+00 5.429665e+00 7.233459e+00 5.491128e+00 2.751338e+00 3.097859e+00 -3.170498e+00 -2.071264e+00 
-1.605766e+01 5.574128e+00 2.410628e+00 5.061433e+00 3.105216e+00 2.262216e+00 5.055073e+00 6.404454e+00 -1.786473e+00 3.422394e-01 3.055310e-01 -1.350240e+00 
-1.659313e+01 5.201910e+00 6.715891e-01 6.184166e+00 2.095401e+00 2.910277e+00 3.556178e+00 2.403879e+00 5.151644e+00 -3.384859e+00 -3.441634e+00 1.712033e+00 
-1.205582e+01 8.108982e+00 3.062443e+00 7.048806e+00 2.731678e+00 1.670105e+00 -8.824279e-01 -2.115546e+00 -2.160473e+00 -3.040758e+00 1.950302e+00 -4.984188e-01 
-1.211560e+01 7.195419e+00 2.692951e+00 6.556661e+00 1.300172e+00 -5.526239e-01 -7.826424e-01 -2.061975e+00 2.468174e+00 1.161660e+00 -2.952461e+00 -6.886576e+00 
-1.295411e+01 7.420465e+00 2.961396e+00 6.202681e+00 -1.819715e-02 -8.372073e-01 1.205148e+00 -5.788516e-01 -1.539011e-01 -1.517086e+00 -5.595586e+00 -6.655727e+00 
-1.326024e+01 7.640022e+00 2.639609e+00 4.107262e+00 -7.101072e-01 7.760673e+00 1.455404e+00 -7.092383e+00 -1.637374e+00 -1.924825e+00 -2.356577e+00 -4.402026e-01 
-1.171980e+01 8.145003e+00 1.846416e+00 2.097507e+00 1.421256e+00 2.100402e+00 -9.721820e-01 -1.404890e+00 -5.050990e+00 -6.009822e+00 -3.145103e+00 -4.287260e+00 
-1.275518e+01 7.898345e+00 2.292669e+00 5.484496e+00 2.669967e+00 3.656956e+00 2.930539e+00 -2.656873e+00 -3.370493e+00 -2.295114e+00 -4.188860e+00 -3.222231e+00 
-1.609270e+01 5.523355e+00 1.059295e+00 3.801916e+00 4.834991e+00 3.322057e+00 4.413066e+00 -1.696345e+00 -1.853191e+00 -5.270227e-01 1.874887e+00 -5.198403e-01 
-1.695646e+01 4.523342e+00 1.456976e+00 6.016986e+00 2.781701e+00 7.499838e+00 5.869002e-01 -4.273736e+00 -3.320376e+00 1.776649e+00 8.233370e+00 5.046136e-01 
-1.405751e+01 6.187859e+00 4.415945e+00 7.900182e+00 4.509139e+00 8.286770e+00 1.855601e+00 -6.837454e-01 -2.017952e+00 -2.240340e-01 -3.668393e+00 -3.963417e+00 
-1.485737e+01 5.563150e+00 1.845115e+00 8.441238e+00 4.443688e+00 5.446524e-01 -2.019138e+00 -6.766276e-01 1.565750e+00 3.377340e-01 3.021507e+00 1.069289e-01 
-1.560259e+01 6.504844e+00 3.856937e+00 6.505539e+00 4.249993e-01 -2.829694e+00 -2.235269e-01 1.570722e+00 1.866140e+00 3.163333e-01 3.753030e-01 2.203216e+00 
-1.448630e+01 4.753876e+00 5.315118e-01 3.740847e+00 -1.757322e+00 1.085643e+00 -3.785710e+00 -5.172451e+00 -3.026876e+00 -1.848797e+00 -2.039525e+00 -3.456104e+00 
-1.404927e+01 3.332931e+00 -8.991840e-01 6.284751e+00 4.280528e+00 5.429263e+00 1.597426e+00 -4.333675e+00 -3.342302e+00 -3.691227e+00 -3.143307e+00 2.878625e+00 
-1.428273e+01 3.354200e+00 2.444186e-01 6.526817e+00 3.230040e+00 6.474211e+00 -1.177561e+00 -1.984054e+00 -3.976913e+00 -2.020847e+00 -1.681944e+00 -2.963660e+00 
-1.558713e+01 5.796430e+00 -1.185410e+00 4.422279e+00 2.928031e+00 3.143626e-02 -2.353868e+00 1.324971e+00 -4.273537e-01 -1.940313e+00 -2.927578e+00 -2.149138e+00 
-1.677041e+01 3.012172e+00 6.533747e-01 4.516232e+00 1.222098e+00 4.723641e+00 1.120145e+00 2.617973e-01 -1.097360e+00 -5.126481e+00 -2.639313e-01 2.501606e+00 
-1.705284e+01 1.721931e+00 1.957004e+00 6.359084e+00 3.249208e+00 -1.235705e+00 -3.018049e+00 -2.131655e+00 -9.197564e-01 -2.589936e+00 -2.261923e+00 1.116262e+00 
-1.682401e+01 3.423155e+00 -4.741820e-01 5.387780e+00 1.851683e-01 -1.236107e+00 2.041973e+00 -2.177172e-01 -4.246607e+00 -4.774632e-01 -2.723650e+00 -1.372670e+00 
-1.885869e+01 1.971334e+00 5.800835e-01 8.288980e+00 6.484675e-01 7.810988e+00 5.939415e+00 2.933218e+00 1.661599e+00 5.672281e-01 3.218510e+00 3.596121e+00 
-1.994663e+01 2.106842e+00 -2.561463e+00 3.564824e+00 2.258414e-01 4.841580e+00 3.022405e+00 1.961826e+00 1.003183e+00 -5.227988e-01 1.662750e+00 5.105458e+00 
-1.866388e+01 -3.919914e-01 -3.807413e+00 1.300844e+00 3.778425e+00 7.246249e+00 7.289423e+00 7.262710e+00 8.104494e+00 5.012376e+00 -2.760075e+00 3.246726e-01 
-1.901278e+01 -1.575198e+00 -6.670106e+00 2.572796e+00 3.043505e+00 5.796363e+00 4.508628e+00 2.337946e+00 -1.303154e+00 -7.168130e-01 -3.383662e+00 -3.299601e+00 
-1.919265e+01 1.639940e+00 -2.687229e+00 2.240093e+00 -3.362488e-02 2.729947e+00 3.085761e+00 5.355516e+00 9.157584e+00 3.371844e+00 2.554907e+00 4.930053e+00 
-1.828096e+01 -1.176222e+00 -8.555294e+00 -4.046657e-02 4.516472e-01 1.523185e+00 8.677779e-01 1.998165e+00 3.198635e+00 2.061897e+00 2.783718e+00 4.613518e+00 
-1.862213e+01 -1.060268e+00 -4.417594e+00 -4.030129e-01 -4.570778e+00 5.330242e+00 1.152351e+00 8.275684e+00 -6.240642e-01 -1.457952e+00 -6.030436e-01 5.320836e-01 
-1.928902e+01 7.153993e-01 7.067168e-01 5.509642e+00 1.516628e+00 2.000932e-01 1.188781e+00 7.650068e+00 1.590808e+00 2.790365e+00 1.143051e+00 2.489257e+00 
-1.990592e+01 -2.431813e+00 -1.653780e+00 3.447936e+00 5.114880e-01 -1.636617e+00 4.248148e-01 8.626891e-01 -6.994676e-03 2.025291e+00 -1.480067e+00 -2.368394e+00 
-1.972141e+01 -5.810163e-01 -2.539345e+00 4.785655e+00 3.833912e-01 -5.948841e+00 -6.945584e+00 -2.375721e-01 -5.645820e+00 -2.832665e+00 -6.828195e-01 2.160877e+00 
-2.004558e+01 -1.605730e+00 -5.189537e+00 -1.197741e+00 -3.315523e+00 1.962337e+00 -8.713406e-01 4.876376e+00 -1.129309e+00 -7.853660e+00 -4.898380e+00 1.744795e+00 
-2.029914e+01 -1.057181e+00 -3.195497e+00 -5.931286e-01 -1.168264e+00 5.529893e+00 -1.349677e+00 4.730649e+00 7.923766e-01 -7.231632e+00 -3.798759e-01 4.048144e-01 
-1.970905e+01 -4.705517e-01 -6.833601e+00 -4.059978e+00 -2.616600e+00 5.981879e-01 3.740966e+00 -2.210700e+00 -1.999471e+00 -4.651160e+00 1.066097e+00 8.589105e+00 
-2.002291e+01 -1.894928e+00 -4.667825e+00 2.322721e-01 -1.798463e+00 2.366872e+00 2.567299e+00 1.779011e+00 -2.725546e+00 1.166729e+00 1.713283e+00 1.306787e+00 
-2.096706e+01 9.284382e-01 2.317822e+00 4.361486e+00 -1.558632e+00 3.736655e+00 7.891110e-01 3.066208e+00 2.293704e+00 -1.513988e+00 6.879942e-01 1.709261e+00 
-1.925758e+01 6.461017e-01 -1.922225e+00 2.090322e+00 -1.139746e+00 1.653199e+00 1.185948e-01 8.409610e-01 -9.698737e-01 -3.224072e+00 4.360969e-01 3.698692e+00 
-1.942714e+01 -5.271562e-01 -6.829699e+00 -5.077423e-01 1.565716e+00 -2.704556e-01 8.704177e-01 2.015023e+00 1.540072e-01 2.003608e+00 -3.447021e+00 -5.145886e+00 
-1.975182e+01 -1.075965e-01 -3.823025e+00 -1.313524e+00 5.216476e+00 5.049684e+00 8.529949e-01 -1.188360e+00 -2.313331e+00 2.045429e-01 -2.110580e+00 4.834441e-01 
-1.905041e+01 -8.173832e-01 -5.112777e+00 1.115150e+00 2.169588e-01 -1.128633e+00 1.645278e-01 -8.959692e-02 4.742875e+00 3.934175e+00 -3.139203e+00 -2.194753e+00 
-1.719405e+01 -2.691767e-01 -4.218104e+00 1.169587e+00 -1.027077e+00 -2.511701e+00 -2.202342e+00 3.628139e+00 -1.281228e+00 2.416135e+00 -1.752742e+00 -2.973993e+00 
-1.869532e+01 2.486950e+00 -8.171925e+00 3.303697e-01 3.000494e+00 8.344686e-01 -1.202903e+00 -3.029995e+00 8.468792e-01 -3.816533e+00 -2.608988e+00 -1.052859e+00 
-1.886023e+01 2.176224e-01 -4.059379e+00 -3.568656e-01 -1.148161e+00 -1.215578e+00 -2.415112e+00 -8.159866e-01 3.115636e-01 -1.868644e-01 -2.873198e+00 -1.269090e+00 
-1.919265e+01 -7.106922e-01 -2.365441e+00 -3.022355e+00 -3.184153e+00 6.694344e-01 -1.314304e+00 1.580088e+00 -2.856791e+00 -1.988183e+00 -9.793504e-01 2.635427e+00 
-2.075267e+01 -1.034798e-01 -4.351512e-01 1.093100e-02 -3.361806e+00 -9.889582e-01 -4.413990e+00 7.052547e+00 2.869740e+00 -2.411691e+00 3.700758e+00 2.384166e+00 
-1.940910e+01 -8.990309e-01 -9.958937e-01 3.323864e+00 -4.839595e+00 -4.640643e+00 -6.580760e+00 4.137249e+00 1.298875e+00 2.267738e+00 1.946968e+00 -1.966677e+00 
-1.922975e+01 8.858991e-01 -4.716831e+00 -5.290756e+00 -1.953208e+00 6.489058e-01 -3.812109e+00 7.135900e-01 4.904197e-01 -1.131310e+00 -2.277314e+00 1.612990e+00 
-1.904577e+01 -1.957365e+00 -5.219027e+00 -2.535736e+00 -2.301923e-03 9.049100e-01 8.091737e-01 1.705211e+00 1.506235e+00 2.431904e+00 1.281825e+00 2.537897e+00 
-2.085419e+01 -1.706589e+00 -3.126542e+00 -2.374906e-01 -5.181342e+00 -2.200953e+00 -1.953142e+00 3.957806e+00 8.077243e+00 5.260455e+00 1.615038e+00 -1.717683e+00 
-2.038727e+01 -2.909007e+00 -3.036771e+00 1.892469e+00 -3.495045e+00 -6.720074e+00 -1.343342e+00 7.411434e+00 1.828865e+00 1.464649e+00 -2.095445e+00 -4.166039e+00 
-2.002291e+01 -1.356327e+00 -3.752336e+00 -2.289525e+00 -1.736752e+00 -4.245365e+00 5.700053e-01 -8.091122e+00 -4.344022e+00 5.126137e+00 5.960138e+00 3.679791e+00 
-2.090367e+01 -2.450682e+00 -5.125787e+00 -1.566643e+00 -4.641986e-01 3.196068e+00 4.897546e-01 -2.205455e+00 -1.285926e+00 3.061534e+00 1.792033e+00 -1.892079e+00 
-1.879014e+01 9.270660e-01 -4.350809e+00 -4.288780e+00 -5.054180e+00 1.563034e+00 -2.209733e+00 -7.942586e-01 -6.870241e-01 -1.312935e+00 2.140636e+00 -1.327055e+00 
-1.964462e+01 -2.224950e+00 -5.487906e+00 2.347862e+00 3.693660e-01 -1.759386e+00 -4.317900e+00 -4.065261e-01 1.136001e-01 1.554194e+00 -8.631493e-01 2.714968e-01 
-2.018009e+01 -1.454785e+00 -3.098787e+00 -2.968966e-02 9.369192e-01 6.018106e-01 9.622837e-01 3.733783e+00 3.326121e+00 3.284416e-01 -3.986727e+00 -2.270863e+00 
