2.418420e+00 7.618741e+00 -3.009145e-01 -9.053670e-01 -1.990195e-03 2.884221e+00 -5.511672e+00 -9.247417e+00 -1.623473e+01 -5.781850e+00 1.010639e+01 1.743631e+00 
3.005592e+00 7.913870e+00 -3.232934e+00 6.851102e-01 1.005980e+00 2.532495e+00 -6.402408e+00 -1.509043e+01 -1.429912e+01 -1.827225e+00 9.701763e+00 6.637331e-01 
2.919870e+00 6.744041e+00 -1.868407e+00 -6.389344e-01 2.461537e+00 2.147197e+00 -7.083942e+00 -1.220845e+01 -1.648808e+01 -1.287958e+00 1.357572e+01 2.299769e-02 
3.135910e+00 4.783364e+00 -2.004564e+00 5.367640e-01 2.735212e+00 1.192735e+00 -1.180620e+01 -1.376504e+01 -1.367313e+01 4.082659e-01 1.467519e+01 -1.454043e+00 
2.896581e+00 2.489330e+00 -7.233384e-01 2.642024e+00 1.673316e+00 -1.288476e+00 -1.569003e+01 -1.217822e+01 -8.803276e+00 2.362962e+00 1.226661e+01 -6.259242e+00 
2.756354e+00 2.450331e-01 1.802748e+00 1.874462e+00 2.186064e+00 -5.244125e+00 -1.949594e+01 -8.133624e+00 -6.692614e+00 3.467637e+00 9.227373e+00 -1.093301e+01 
2.684506e+00 -2.179301e+00 4.511927e+00 2.871555e+00 6.855684e-01 -1.013940e+01 -2.086119e+01 -3.863808e+00 -2.908932e+00 1.640708e+00 6.349289e+00 -7.847178e+00 
1.358042e+00 -3.261989e+00 6.479856e+00 3.284858e+00 -2.094775e+00 -1.532590e+01 -1.963922e+01 -8.675627e-01 -9.777588e-01 9.613377e-01 2.709740e+00 -3.844479e+00 
5.865421e-01 -4.775451e+00 9.639789e+00 3.047578e+00 -5.661092e+00 -1.658836e+01 -1.749710e+01 3.619166e+00 -6.322186e+00 -5.404691e-02 6.449749e+00 -3.242253e-01 
-5.189272e-01 -5.146212e+00 1.203099e+01 3.415851e-02 -1.040884e+01 -1.565303e+01 -1.572707e+01 1.750000e+00 -7.341878e+00 -4.690710e-01 7.267374e+00 2.277261e+00 
-1.312724e+00 -4.973163e+00 1.501163e+01 -2.873352e+00 -1.280856e+01 -1.593722e+01 -1.373368e+01 2.514674e+00 -7.087786e+00 -2.274264e+00 9.414338e+00 2.768871e+00 
-7.290208e-01 -4.616788e+00 1.559347e+01 -1.275125e+00 -1.782549e+01 -1.464860e+01 -1.140905e+01 1.762623e+00 -9.424473e+00 -9.046800e-02 9.097264e+00 1.634314e+00 
-1.221056e+00 -3.892530e+00 1.622520e+01 -2.097302e+00 -1.916061e+01 -1.336154e+01 -1.106147e+01 -6.668149e-02 -9.111289e+00 1.754084e+00 9.094125e+00 -1.574418e+00 
-2.027737e+00 -2.492927e+00 1.717957e+01 -3.140522e+00 -1.970167e+01 -1.308477e+01 -1.071498e+01 -2.439761e+00 -6.229856e+00 8.212340e-01 7.096105e+00 -2.238217e+00 
-2.741758e+00 -2.374958e+00 1.792293e+01 -4.178207e+00 -1.892828e+01 -1.118755e+01 -1.273071e+01 -4.300842e-01 -7.913585e+00 1.800467e-01 5.047855e+00 2.179354e-01 
-2.748695e+00 -2.834093e+00 1.662268e+01 -2.895124e+00 -1.611019e+01 -1.356532e+01 -1.241964e+01 -1.333941e+00 -9.740241e+00 -2.984476e+00 6.253714e+00 2.276945e+00 
-2.319093e+00 -3.633984e+00 1.617446e+01 -2.370713e-01 -1.812163e+01 -1.392173e+01 -1.114264e+01 -3.945192e+00 -8.128160e+00 -5.220848e+00 4.685784e+00 3.164117e+00 
-3.614340e+00 -3.642615e+00 1.809038e+01 -2.117229e+00 -1.806860e+01 -1.259992e+01 -1.244034e+01 -5.966827e+00 -9.088391e+00 -4.976181e+00 5.010183e+00 5.240189e+00 
-4.567690e+00 -5.314279e-01 1.700578e+01 9.556020e-01 -1.636499e+01 -1.262959e+01 -1.504663e+01 -5.402125e+00 -8.499696e+00 -4.631942e+00 4.356850e+00 6.629081e+00 
-5.202926e+00 2.991214e+00 1.667342e+01 -8.791665e-01 -1.465912e+01 -1.073980e+01 -1.651811e+01 -1.068807e+01 -7.744067e+00 -8.459974e+00 6.747986e+00 8.608473e+00 
-5.157340e+00 6.330942e+00 1.971031e+01 -1.550783e+00 -1.306650e+01 -6.255972e+00 -1.812089e+01 -7.822706e+00 -9.957031e+00 -6.713231e+00 3.508180e+00 4.841783e+00 
-3.809073e+00 5.855365e+00 1.586832e+01 7.223812e-01 -1.222705e+01 -6.048294e+00 -1.665976e+01 -5.102500e+00 -7.735942e+00 -5.912848e+00 4.378826e+00 5.622481e+00 
-5.522030e+00 1.058154e+01 1.716562e+01 -3.715456e+00 -5.313717e+00 -5.200403e+00 -1.479057e+01 -7.130779e+00 -6.689659e+00 -5.642334e+00 4.609393e+00 4.526154e+00 
-6.308395e+00 9.652584e+00 1.576937e+01 -3.481464e-01 -4.117006e+00 -4.308792e+00 -1.562846e+01 -5.094196e+00 -3.764646e+00 -7.169670e+00 7.213656e+00 4.598821e+00 
-6.244475e+00 1.111055e+01 1.362681e+01 -9.573660e-02 -1.495296e+00 -5.473664e+00 -1.324827e+01 8.072789e-01 -4.091125e+00 -5.637341e+00 7.654560e+00 2.042515e+00 
-7.384630e+00 1.235643e+01 1.336211e+01 5.284209e+00 -5.745063e-01 -5.084463e+00 -8.743380e+00 2.592403e+00 -3.483963e+00 -6.120507e+00 5.096341e+00 1.692800e-01 
-8.480684e+00 1.379919e+01 1.220774e+01 3.772333e+00 4.959217e+00 -2.693819e+00 -8.128854e+00 -8.964621e-01 -5.017379e+00 -3.551083e-01 -9.612032e-01 -9.763346e-01 
-9.440971e+00 1.353571e+01 1.000640e+01 2.711400e+00 9.676408e+00 -2.028623e+00 -5.407617e+00 -1.374799e+00 -5.155136e+00 -1.266517e+00 -6.994678e+00 -3.444493e+00 
-1.098447e+01 1.051783e+01 1.123350e+01 3.074516e+00 9.748309e+00 -1.501229e+00 -8.965110e+00 -6.589549e-01 -1.288389e+01 -2.080410e+00 -2.736330e+00 -4.019120e-02 
-1.334207e+01 6.442335e+00 8.399157e+00 4.086739e+00 6.803042e+00 1.925074e+00 -9.751790e+00 -5.259620e+00 -2.981319e+00 -7.502452e+00 -6.190144e-01 -2.524779e+00 
-1.681258e+01 5.641623e+00 -1.050199e+00 -1.510560e+00 -2.547755e+00 -4.062076e+00 -2.217314e+00 2.885052e+00 -3.487656e+00 -5.747778e+00 -4.007416e+00 -2.921605e+00 
-1.933420e+01 1.038347e+00 -4.643127e+00 5.677617e-01 -1.116914e+00 3.335492e+00 -1.613684e+00 -1.709634e+00 3.948599e+00 3.897053e+00 -3.903469e+00 -6.614995e+00 
-1.925988e+01 -4.027713e-01 -5.444845e+00 -2.323143e+00 -1.254875e+00 -1.766937e-01 -4.847026e+00 -8.556043e-01 2.538535e+00 -3.636824e+00 -1.447453e+00 -2.601553e+00 
-1.961367e+01 -1.464908e+00 -3.172467e+00 -2.050068e+00 -2.550900e+00 -4.619919e+00 -1.166955e+00 2.611782e-01 -1.472647e+00 6.872984e-01 -5.397449e+00 -3.170253e+00 
-1.989710e+01 -1.468196e+00 -5.286277e+00 -7.230710e-01 4.463096e+00 -3.154459e+00 -3.109139e+00 -4.506905e+00 -1.614466e+00 -2.959510e+00 -2.206826e+00 1.273822e+00 
-1.896951e+01 -1.104011e+00 -6.074041e+00 7.589142e-01 2.532540e+00 -4.925581e+00 -4.924931e+00 -9.808354e-01 3.025299e+00 -2.055738e+00 2.142215e+00 1.864322e+00 
-1.917564e+01 1.726895e-01 -2.940747e+00 -2.262992e+00 -5.985098e+00 6.633889e-01 -5.395087e+00 -2.284302e+00 -1.090401e+00 -1.484749e+00 5.456833e-01 3.156219e+00 
-2.031629e+01 -2.028448e+00 -4.339524e+00 2.475596e+00 -1.825593e+00 -1.436037e+00 3.453887e-01 1.264024e+00 -2.501987e-01 -3.241186e+00 1.622479e+00 1.328796e+00 
-1.976678e+01 -8.129926e-01 -7.453367e+00 1.949742e+00 -2.057476e+00 -4.394147e-01 3.787930e+00 -4.208609e+00 -5.741615e+00 -2.077473e+00 -4.020506e-01 5.401987e-01 
-2.017607e+01 -9.708333e-01 -5.392412e+00 -1.494692e+00 -2.346879e+00 -1.324390e+00 -2.724515e+00 -3.816639e+00 -2.682909e+00 -3.274376e+00 3.536434e+00 3.745139e+00 
-1.924848e+01 -2.310013e+00 -4.689218e+00 -2.488095e+00 -4.648628e+00 -7.755258e-01 -1.589713e+00 1.013229e+00 1.884839e+00 -1.100272e+00 -7.714471e-01 -4.774583e-01 
-1.893433e+01 -1.036600e+00 -8.000531e+00 -2.819475e+00 1.171803e+00 4.482934e-01 -3.210470e+00 -3.792390e+00 -3.327372e+00 -4.990303e-01 -4.449551e-01 -1.490692e+00 
-2.015228e+01 -1.273772e+00 -5.648234e+00 3.628784e+00 -1.167245e+00 -4.696042e+00 -2.836743e+00 6.886913e-01 -2.325776e+00 -1.103209e+00 2.239535e+00 2.965388e+00 
-1.888627e+01 -2.254111e+00 -5.799613e+00 -2.686628e+00 3.521250e-01 -2.482236e+00 -1.988501e+00 -6.557272e-03 5.150320e-01 2.274847e+00 -1.114867e-01 1.638106e+00 
-2.025733e+01 -1.461619e+00 -4.841020e+00 -4.492580e-01 -2.019727e+00 -1.889650e+00 -2.620460e+00 1.480936e+00 7.654309e-01 -7.745382e-01 -4.072829e-01 3.652251e+00 
-2.084202e+01 -1.844301e+00 -4.896413e+00 -1.200214e+00 -8.688533e-01 -1.320486e+00 2.064208e+00 2.456210e+00 -7.362236e-01 2.435510e+00 1.586202e+00 -2.511193e+00 
-2.014782e+01 -2.576730e-01 -3.446471e+00 -1.390260e+00 9.484584e-01 3.767244e+00 1.488363e+00 1.294916e+00 -1.291311e+00 2.057495e+00 4.394523e+00 -3.620158e+00 
-1.924600e+01 -3.896179e-01 -4.449464e+00 -2.844937e+00 -5.384271e+00 -2.534546e+00 -8.863865e-01 -5.857209e+00 -9.748042e-01 2.630539e+00 -7.163342e-01 1.848209e+00 
-2.044215e+01 -1.350637e+00 -5.332790e+00 -3.351602e+00 -2.078147e+00 -5.483288e-01 -4.260371e-01 1.752990e+00 4.599583e-02 -2.882849e+00 -2.955037e+00 5.007057e-01 
-2.009877e+01 -1.598908e+00 -6.748059e+00 -2.378127e+00 -2.715824e+00 -6.002484e-01 -4.911856e+00 -2.608840e+00 3.779450e+00 9.140490e-01 -4.037947e-01 2.517695e+00 
-2.045305e+01 -2.911369e+00 -7.105364e+00 6.352925e-01 -1.623820e+00 2.468610e-01 -3.184865e+00 -2.493794e-01 2.368648e+00 8.506083e+00 4.096449e-01 -1.593690e+00 
-2.126023e+01 -1.565202e+00 -4.253263e+00 1.337538e+00 -3.282435e-01 -2.785811e-01 -4.545211e+00 -4.587624e+00 -3.460696e+00 -1.053277e+00 2.751598e+00 -6.120507e-01 
-2.046792e+01 -2.405375e+00 -3.377547e+00 -1.849321e+00 -4.732663e+00 4.881114e-01 8.160892e-01 2.119714e+00 -2.004099e+00 -4.415472e+00 -5.799470e-01 3.642141e+00 
-2.000561e+01 -6.233422e+00 -3.997441e+00 1.917638e+00 -2.733351e+00 -3.457252e-01 -6.455883e-01 2.249264e+00 2.019272e+00 -7.019898e-01 3.730725e+00 9.772096e+00 
-2.081923e+01 -3.897051e+00 -3.690454e+00 6.995348e-02 -2.021076e+00 -2.142221e+00 -1.651275e+00 4.929276e+00 1.789924e+00 -3.154832e+00 -5.946835e+00 5.462614e+00 
-1.357248e+01 -1.101715e+01 -5.224542e+00 -7.467653e+00 1.522772e+00 -6.673925e-01 3.412569e+00 2.453553e+00 -2.048048e+00 -2.060144e+00 -2.970036e+00 9.866283e-01 
-1.186101e+01 -1.313813e+01 -3.048150e+00 -1.613225e+01 -4.855281e-01 -6.444522e+00 5.166255e+00 -2.715231e-02 6.977391e+00 1.945001e+00 5.059018e+00 7.218668e-01 
-1.205674e+01 -9.382014e+00 -3.296681e-01 -1.041539e+01 -1.939288e+00 -1.074331e+01 4.211148e-01 3.682280e+00 7.660263e+00 4.686862e+00 2.214072e+00 2.564139e+00 
-4.915038e+00 -3.004265e+00 9.501518e+00 3.302202e+00 -8.143494e+00 -1.216895e+01 -5.388549e+00 -3.570495e+00 -3.801209e+00 -2.145322e+00 -1.569539e+00 1.689605e+00 
-2.437518e+00 -6.617337e+00 1.178870e+01 1.869329e-01 -1.161319e+01 -1.465680e+01 -1.046002e+01 -1.088129e+00 -5.192806e+00 -2.748914e+00 2.054314e+00 6.934319e-01 
-1.461376e+00 -8.262743e+00 1.180984e+01 -1.045595e+00 -1.353746e+01 -1.701192e+01 -1.319597e+01 9.547659e-01 -5.785564e+00 -2.631426e+00 3.265055e+00 4.786176e+00 
3.603727e-02 -6.986865e+00 8.691767e+00 1.713570e+00 -1.583426e+01 -1.567723e+01 -1.158828e+01 -1.139616e+00 -5.682155e+00 -1.001583e+00 8.533393e-01 5.272415e+00 
-1.045152e+00 -4.049960e+00 8.017749e+00 -1.003526e+00 -1.515255e+01 -1.764784e+01 -1.009501e+01 1.568963e+00 -4.650275e+00 2.315967e+00 2.835314e+00 5.528014e+00 
-3.006852e+00 -2.953707e+00 9.014821e+00 3.274525e+00 -1.605491e+01 -1.759709e+01 -4.204171e+00 6.678525e+00 -3.665668e+00 -4.702435e+00 4.516608e+00 4.318263e+00 
-5.388740e+00 2.306416e+00 7.213917e+00 4.631782e+00 -1.477821e+01 -1.423637e+01 -3.339041e+00 1.602181e+00 -1.429068e+00 -9.633992e-01 5.284702e+00 6.504914e+00 
-6.270737e+00 -3.224173e+00 1.016412e+01 5.407093e+00 -1.320042e+01 -1.146745e+01 -7.636362e+00 2.838547e+00 -6.878427e-01 -8.312504e-02 1.872232e+00 4.220636e+00 
-1.094532e+01 1.915975e-01 7.908757e-01 3.990055e+00 -1.722196e+01 -1.701973e+01 -8.102160e+00 -7.011415e-01 1.850862e+00 4.502676e-01 1.011685e+01 6.555150e+00 
-1.461800e+01 1.908115e+00 -4.410562e+00 -2.816892e+00 -8.597821e+00 -8.879278e+00 -6.647019e+00 -6.609260e+00 -1.836797e+00 2.538312e+00 7.422946e+00 9.582213e+00 
-1.497129e+01 2.679643e+00 -4.120489e+00 -2.306906e+00 -7.721521e+00 -8.129372e+00 -5.854347e+00 -5.330374e+00 -1.706057e+00 5.999784e+00 6.981345e+00 4.689813e+00 
-1.831842e+01 2.055730e-01 -1.854030e+00 -1.573663e+00 -5.790964e+00 -4.731175e+00 -9.545314e+00 -6.109332e+00 -3.190354e+00 1.675073e+00 3.445393e+00 -3.037556e+00 
-1.703754e+01 -2.008987e-02 -3.258305e+00 -3.621725e+00 -4.385289e+00 2.726256e-01 -5.601018e+00 -7.389878e+00 -9.736178e+00 1.998457e+00 2.327437e+00 -4.563568e+00 
-1.753503e+01 5.056347e-01 -4.580969e+00 -2.919479e+00 -3.022754e+00 1.730805e-01 -4.267912e+00 -2.525131e+00 -5.326500e+00 -7.455164e+00 7.036971e-01 3.921436e+00 
-1.859343e+01 9.055799e-01 -7.033481e+00 -5.500005e-01 -3.526065e+00 -5.773861e+00 -4.204171e+00 -3.842217e+00 -4.820901e+00 3.712574e-01 3.072857e+00 3.799166e+00 
-2.173145e+01 -7.443483e-01 -3.348371e+00 -3.177424e+00 -3.370578e+00 -3.919590e+00 -2.710351e+00 2.480127e+00 -1.375147e+00 -3.894733e-01 3.181339e+00 4.229482e+00 
-1.925690e+01 2.338066e+00 -2.675199e+00 -2.147120e+00 -5.985997e+00 -5.344060e+00 -3.664282e+00 -2.329478e+00 3.546778e+00 -2.909578e+00 -2.178223e+00 1.292778e+00 
-2.022661e+01 2.210232e+00 1.456859e+00 -5.827728e+00 1.297181e+00 -4.782704e+00 6.366977e+00 -1.506673e+00 -6.049997e+00 7.954185e+00 -1.696857e+00 -2.770267e+00 
-2.933644e+01 -3.231161e+00 1.039076e+01 -6.017035e+00 8.584403e+00 -1.484847e+01 1.484122e+01 -1.216017e+00 -6.182583e+00 5.745423e+00 2.097732e-01 1.829408e-03 
-2.587387e+01 -4.570290e-01 5.924658e+00 -2.679985e+00 9.154672e+00 -9.287608e+00 1.052647e+01 -2.320509e+00 -1.064434e+01 6.754933e+00 -4.606682e+00 -2.426836e+00 
-2.022314e+01 -3.300166e-01 -3.774601e+00 7.485816e-01 -2.083091e+00 -6.334301e-01 4.314658e-01 -9.102456e-04 -9.906849e-01 -5.357720e+00 -4.055553e+00 1.957525e+00 
-1.975835e+01 -1.184576e+00 -4.102307e+00 -1.484729e+00 -3.941746e+00 -3.393367e+00 -3.480687e+00 1.121187e+00 6.032670e+00 -6.112307e-01 -2.756212e+00 -2.489709e+00 
-1.950763e+01 -2.826049e-03 -4.800426e+00 -3.001402e+00 -2.402603e+00 -7.603013e-01 -4.876444e+00 -4.169412e+00 -2.330947e+00 -3.148689e-01 3.693751e+00 2.844382e+00 
-2.044066e+01 -2.099559e+00 -2.692113e+00 -2.496213e+00 -2.399008e+00 2.913635e-01 4.712357e-01 3.534792e+00 -2.154781e+00 -2.067805e-01 -4.533266e-01 5.174863e-02 
-2.006012e+01 -5.581457e-01 -3.611804e+00 -1.924199e-01 2.451714e-01 -1.030049e+00 1.059066e+00 4.269350e-01 -2.166599e+00 -3.075259e-01 1.767587e+00 2.945168e+00 
-1.783729e+01 -4.619666e+00 -1.939868e+00 -5.488934e-01 -7.411446e+00 -7.314273e+00 -6.426378e+00 4.239010e+00 -1.080105e-01 -4.181672e+00 1.993620e+00 -9.024037e-01 
-1.589838e+01 -2.639670e+00 -4.324198e-01 2.562316e+00 -8.418902e-01 -5.879653e+00 -6.727648e+00 3.520177e+00 -3.379446e+00 -4.237479e+00 2.128961e+00 -2.795859e+00 
-1.559414e+01 4.334093e+00 1.968927e+00 2.033141e+00 -2.711780e+00 -5.839444e+00 -4.168215e+00 -1.052254e+00 -1.535062e+00 -2.156483e+00 -3.354083e+00 8.169661e-01 
-1.911321e+01 -1.154159e+00 -5.719273e+00 -1.182132e+00 -3.784012e+00 2.809659e+00 1.394572e-01 1.578264e+00 -9.980714e-01 -8.235891e-01 -1.263627e+00 -2.261913e+00 
-1.955619e+01 -1.169367e+00 -4.275674e+00 -3.951629e+00 -1.319586e+00 -3.443725e+00 -4.513068e+00 4.227051e+00 2.312881e+00 6.170140e+00 4.517654e+00 1.870325e+00 
-1.737102e+01 -2.252056e+00 -4.720086e+00 -8.489069e-01 -3.113979e+00 -4.339241e+00 -3.384804e+00 -2.371332e+00 -9.411961e-01 4.015104e-01 -1.956725e+00 3.670892e+00 
-1.872226e+01 -1.365846e+00 -4.792815e+00 7.873288e-01 -4.302602e+00 -4.596106e+00 1.894233e+00 1.629087e+00 -3.927561e-01 -1.389878e+00 -4.211823e+00 1.880751e+00 
-1.956412e+01 -3.314192e+00 -2.302671e+00 7.245953e-01 -1.652131e+00 -4.753290e-01 7.746849e-01 3.618281e-01 9.449203e-01 2.654037e+00 3.557014e+00 1.993543e+00 
-2.033859e+01 -1.915000e+00 -1.548312e+00 2.064909e-01 9.844092e-01 1.108804e+00 -1.158783e+00 -4.377243e-01 1.654014e+00 1.873627e+00 1.477372e+00 3.790951e+00 
-2.047535e+01 -1.444355e+00 -8.489239e-01 1.768553e+00 -6.567437e-01 3.054814e+00 2.436301e+00 2.580777e+00 -7.047530e+00 -4.684518e+00 5.646773e+00 2.340766e+00 
-1.938425e+01 -9.391829e-01 -1.349151e+00 2.361200e+00 1.383463e+00 1.889160e+00 -9.435897e-01 -6.768925e-01 -1.622961e+00 -3.172186e-01 6.604438e-01 2.911994e+00 
-2.067950e+01 -2.677486e+00 -2.248124e+00 2.472275e+00 2.883123e-01 1.731059e+00 -3.793942e+00 -6.752316e-01 7.714922e+00 2.853765e+00 -5.853701e+00 -3.485882e+00 
-1.944520e+01 -2.240957e+00 -5.701513e+00 -1.835298e+00 -4.219915e+00 4.412667e-01 -5.173357e+00 4.618137e-01 7.238869e+00 8.984819e-01 1.936763e+00 8.943725e-01 
-1.957948e+01 -7.845804e-02 -6.450375e+00 -4.516968e+00 -3.605606e+00 2.246351e+00 1.318388e+00 3.186670e+00 3.499461e-01 -3.346924e+00 2.697696e-01 -5.475980e-01 
-2.000313e+01 -5.079984e-01 -6.075732e+00 -6.063900e+00 -1.860645e+00 2.624759e-01 -1.765681e+00 -7.758815e-01 6.490951e-01 -1.441279e+00 1.234312e-02 1.343961e+00 
-1.944024e+01 -2.141024e-01 -5.195365e+00 -4.499624e+00 -1.814359e+00 8.691155e-01 -2.034808e+00 -6.496539e-01 -5.367908e-01 8.244649e-01 4.962744e+00 1.466232e+00 
-2.076670e+01 -1.933908e+00 -5.378881e+00 -1.721640e+00 -7.070748e-01 -3.191798e-01 -4.222694e+00 3.575098e-01 2.595411e+00 1.119040e-01 5.955476e+00 4.898021e+00 
-2.021471e+01 6.260704e-01 -5.236382e+00 -1.537130e+00 -3.248795e+00 -1.852565e+00 -3.554779e+00 -6.842004e-01 6.444832e+00 3.634469e+00 6.364288e+00 -1.579157e+00 
-1.932875e+01 -8.479313e-01 -3.819422e+00 1.514668e+00 3.948165e-01 2.046480e+00 2.767449e-01 1.404535e+00 8.762268e-01 -6.887724e-01 -1.079103e+00 -5.845635e-01 
-1.936443e+01 -1.969669e+00 -5.553094e+00 2.909564e+00 -1.725830e+00 -3.496289e-01 -8.237354e-01 2.241956e+00 -6.003139e-01 -6.038878e-01 -2.809232e+00 2.631155e-01 
-1.969444e+01 -7.525692e-01 -3.438015e+00 1.794385e+00 4.105450e-01 -2.476771e+00 -7.469197e-01 2.403394e+00 3.420102e+00 4.260383e+00 1.373839e-02 -6.654453e-01 
-2.108085e+01 -1.616171e+00 -3.553029e+00 -5.452032e-01 -2.183304e+00 -1.394657e+00 -3.592914e+00 -8.722132e-01 3.137942e+00 6.411846e-01 -9.001604e-01 5.695465e+00 
-2.092675e+01 3.132663e-01 -4.619448e+00 -4.277105e+00 -3.392598e+00 -2.398697e+00 -3.919245e+00 1.901473e+00 2.787826e+00 2.874619e+00 2.586607e+00 4.270239e+00 
-2.085490e+01 -1.074827e+00 -5.398332e+00 -4.433537e-01 2.637696e+00 1.882914e+00 -1.725911e+00 1.476285e+00 1.479281e-01 -1.545843e+00 -8.167933e-01 -3.018284e+00 
-1.990948e+01 -2.335498e+00 -6.643193e+00 -5.440962e-01 4.658193e-01 8.769229e-01 -1.111386e+00 2.965107e+00 -1.510318e+00 -1.242432e+00 -4.623425e+00 -5.231791e+00 
-2.009084e+01 -1.706190e+00 -4.655813e+00 7.844094e-02 -1.846265e+00 -4.452703e-01 8.204475e-01 1.832380e+00 -1.401414e-01 2.909572e+00 -3.536514e+00 -5.735406e+00 
-1.903195e+01 -9.149314e-01 -2.153406e+00 1.836453e+00 1.063115e-01 1.590134e+00 1.687212e+00 2.151271e+00 -9.585541e-01 -1.462745e-01 -1.135796e-01 -1.134939e+00 
-2.038120e+01 -9.104099e-01 -6.066853e+00 -1.771826e+00 3.004457e-01 7.934865e+00 6.108201e+00 3.813490e+00 4.509595e+00 2.283658e+00 2.931238e+00 3.289231e+00 
-2.109324e+01 -1.560270e+00 -4.241423e+00 -1.187298e+00 -1.708753e+00 7.213066e+00 2.003191e+00 2.259229e+00 2.346732e-02 4.426309e-01 -1.263976e+00 1.130419e-01 
-1.890212e+01 -6.124034e-01 -3.915408e+00 -4.894812e-01 -3.374173e+00 1.964892e+00 1.258374e-01 -3.110429e+00 -4.260643e+00 -1.458021e+00 6.220741e-01 1.130383e+00 
-1.715299e+01 2.992447e+00 -7.215442e-02 2.207319e+00 2.348356e-01 1.514402e+00 5.422307e+00 -2.145784e+00 -1.742620e+00 3.005324e+00 3.002745e+00 -1.929223e+00 
-1.586468e+01 4.840087e+00 1.106319e+00 6.348095e+00 8.347128e+00 4.437515e+00 3.072074e+00 -2.885764e-01 -2.934046e+00 2.374123e+00 1.592481e+00 -5.096847e-01 
-1.570513e+01 3.491043e+00 2.339866e-01 5.867261e+00 4.467590e+00 2.051165e+00 1.525409e+00 -1.746174e+00 -1.292789e+00 -1.465682e-01 -1.998234e+00 -3.537380e+00 
-1.879064e+01 1.644636e+00 -1.943251e+00 2.806607e+00 3.269081e+00 1.328721e-01 -3.042674e+00 -8.061097e-01 8.366645e-02 -3.792495e+00 -3.295831e+00 -4.518388e+00 
-1.954628e+01 1.121378e+00 -2.304362e+00 1.569283e+00 -7.592034e-01 3.924955e+00 3.060088e+00 3.968949e+00 -2.705437e+00 -4.335311e-01 4.309227e-01 -3.516212e+00 
-1.559067e+01 4.461928e+00 -1.649373e+00 5.653598e+00 1.399191e+00 1.254023e+00 -9.217980e-01 2.880734e+00 9.740966e-01 2.787679e+00 6.323477e+00 2.035880e+00 
-1.689979e+01 3.906197e+00 -6.962762e-01 3.713659e+00 4.112576e+00 -2.016521e+00 -1.905693e+00 3.209922e+00 3.183368e+00 7.965934e+00 9.544447e+00 2.409994e-01 
-1.562585e+01 4.306964e+00 1.373136e+00 7.764394e+00 1.819815e+00 -3.383081e-01 5.682087e-01 2.442259e+00 2.416088e-03 -3.022953e+00 -1.569190e+00 -1.191493e+00 
-1.042356e+01 1.021859e+01 7.198695e+00 6.417101e+00 2.133037e+00 -9.900948e-02 -3.570578e+00 -3.728280e+00 -5.606813e+00 -3.060255e+00 -3.005616e+00 -6.607061e-01 
-1.313743e+01 5.647377e+00 4.191935e-01 3.937654e+00 3.047534e+00 3.489299e+00 1.367333e-01 -1.394285e-01 -3.728084e+00 -7.313298e+00 -7.411514e+00 -1.456570e+00 
-1.473097e+01 4.408903e+00 2.014171e+00 5.566510e+00 2.007658e+00 7.222044e+00 2.733758e+00 2.730922e+00 1.902197e+00 4.384038e+00 5.699161e-02 -1.400648e+00 
-1.555103e+01 2.889686e+00 1.898311e+00 5.920400e+00 -3.489665e+00 5.797184e+00 1.971049e+00 1.379622e+00 4.272861e+00 3.556046e+00 -1.328158e+00 -3.926624e+00 
-1.481917e+01 5.020947e+00 2.795169e+00 3.602953e+00 1.099452e+00 -5.733126e-01 -1.007875e+00 1.398888e+00 3.132771e+00 2.579432e+00 -2.469834e+00 -4.096286e+00 
-1.456250e+01 7.261544e+00 4.048487e+00 6.558805e+00 1.406831e+00 1.485514e+00 -1.160503e-01 6.155677e+00 -3.140496e+00 1.829276e+00 2.450918e+00 -1.525762e+00 
-1.314585e+01 9.419111e+00 4.927163e+00 7.104586e+00 1.882729e+00 2.103084e+00 2.180794e+00 2.255907e+00 -5.124113e+00 -5.203225e+00 -1.777085e+00 3.019415e+00 
-1.371618e+01 5.380198e+00 1.357913e+00 5.551011e+00 3.554440e+00 2.344725e+00 -7.926822e-01 -5.609072e+00 -3.241320e+00 7.407551e-01 -7.723705e+00 -1.687842e+00 
-1.022337e+01 1.017666e+01 3.630291e+00 5.103758e+00 2.574782e+00 -4.444896e-01 -6.638302e+00 -1.163279e+01 -5.027720e+00 -5.184157e-01 -2.537155e+00 1.573337e+00 
-1.643699e+01 5.128229e+00 2.517359e+00 3.056065e+00 2.414801e+00 2.627746e+00 1.456765e+00 -1.237609e+00 -3.322570e+00 1.038879e+00 -3.128748e+00 -2.986338e-01 
-1.852207e+01 2.369716e+00 3.535147e-03 2.168202e+00 5.847201e+00 2.229175e+00 1.209429e+00 8.889946e-01 -6.799347e+00 -7.611716e+00 -2.321238e+00 2.265887e+00 
-1.907357e+01 3.001130e-01 -1.788067e+00 2.905505e+00 6.967517e+00 2.720264e+00 -2.064227e+00 6.087486e-02 -1.900446e-02 -8.558982e-01 -2.855460e-01 -5.397661e+00 
-1.324793e+01 7.411575e+00 3.124144e+00 7.677306e+00 7.082560e+00 -2.247096e-01 -6.226985e+00 -3.909317e+00 -6.026730e+00 2.782686e+00 4.361385e+00 -2.007577e+00 
-1.269990e+01 6.412329e+00 4.036647e+00 7.320832e+00 5.439160e+00 2.321693e+00 4.565263e-01 -5.935158e-01 -1.166851e+00 2.303631e+00 4.300342e+00 -4.395485e+00 
-1.616248e+01 3.979363e+00 9.080043e-01 4.920355e+00 5.294009e+00 3.389754e+00 6.376783e+00 -6.250727e-01 1.121041e-01 2.176744e+00 -8.091193e-01 -1.961926e-03 
-1.422754e+01 6.131586e+00 -9.702809e-01 3.442798e+00 1.209102e+00 4.096719e+00 1.710638e+00 2.077195e+00 -5.651132e+00 -1.064495e+01 -6.725044e+00 -7.213078e+00 
-1.413290e+01 8.128024e+00 3.224359e+00 2.171893e+00 3.620500e+00 6.251324e-01 -1.126095e+00 -3.962465e+00 -4.295359e+00 -5.309551e+00 -8.184142e+00 -8.228208e+00 
-1.438313e+01 5.959770e+00 3.275523e+00 4.356123e+00 2.565345e+00 -8.469641e-01 -6.546233e+00 -6.252501e+00 -3.151206e+00 -2.719542e+00 -4.369487e+00 -5.544575e+00 
-1.543161e+01 5.553659e+00 1.968927e+00 8.051123e+00 1.292238e+00 -9.675893e-01 -5.340063e+00 -4.345134e+00 1.678020e+00 -3.243535e+00 -3.952652e+00 -5.650733e+00 
-1.815986e+01 3.205779e+00 4.581982e-02 3.038352e+00 1.101249e+00 -7.318041e-01 -4.213977e+00 1.866927e+00 -1.273215e+00 4.517362e-01 3.169480e+00 -5.694017e+00 
-1.819603e+01 7.337638e-01 1.687311e+00 6.759552e+00 -7.376329e-01 -3.787253e+00 -1.040563e+00 -2.304897e+00 7.181579e-01 1.947057e+00 1.312730e+00 3.825073e+00 
-2.026625e+01 8.056964e-01 -2.523397e+00 3.322498e+00 -2.316258e-01 -7.786488e-01 -3.535166e+00 -7.350017e+00 -3.021944e+00 8.635294e-01 -5.154160e-01 -9.864448e-01 
-1.846509e+01 -5.499248e-01 -2.693804e+00 4.004816e+00 5.916406e+00 6.640779e+00 3.102037e+00 3.073065e+00 6.578156e+00 3.420348e+00 -1.607560e+00 3.599173e+00 
-1.905622e+01 -1.884172e+00 -5.024113e+00 1.104317e+00 2.009905e+00 3.378178e-01 -4.478288e-01 2.113403e+00 1.666202e+00 2.611130e-01 -2.330307e+00 -3.620790e+00 
-1.736755e+01 -3.098755e-01 -5.918856e+00 -1.540451e+00 1.451320e+00 2.042577e+00 -2.745849e-01 -9.339983e-01 5.072763e-01 -1.673317e+00 -3.785918e+00 -4.313656e+00 
-1.838333e+01 -1.154570e+00 -4.806346e+00 1.403224e+00 1.063501e+00 -1.304872e+00 6.077692e+00 3.445769e+00 1.399184e+00 -4.020714e+00 -6.375530e+00 -3.504838e+00 
-2.093072e+01 9.803898e-01 -3.183461e+00 -1.295790e+00 1.818917e+00 5.504014e+00 5.294281e+00 -2.087320e+00 -3.931705e-02 -3.149545e+00 -3.310132e+00 5.143194e+00 
-1.966768e+01 2.462663e-01 7.401342e-01 2.187392e+00 -2.805451e-02 3.475772e-01 -3.089068e-01 1.183637e+00 -1.784353e+00 8.603597e+00 6.334639e+00 8.002807e+00 
-2.030440e+01 -4.031823e-01 -1.047239e+00 3.618485e-01 -4.410391e-01 2.012908e+00 -8.302729e-01 3.789905e+00 3.537546e+00 2.928957e+00 -2.738771e+00 7.525099e+00 
-2.054125e+01 -1.023858e+00 -3.232934e+00 5.670237e-01 -3.125663e+00 3.655343e-01 -4.742425e+00 -4.757035e+00 -3.500582e+00 5.415284e+00 1.560390e+00 1.878855e+00 
-1.929159e+01 4.197768e-02 -4.473989e+00 -2.417612e+00 -7.304492e+00 7.598110e-01 4.295677e+00 3.660024e+00 -2.739414e+00 -1.926796e+00 8.559455e-02 1.752829e-01 
-1.891798e+01 5.972974e-01 -3.346257e+00 -1.832715e+00 -6.070481e+00 -2.150029e+00 -1.385416e+00 -1.619614e+00 1.224450e-01 -1.253006e+00 -3.669762e+00 -8.493249e-01 
-1.915681e+01 -6.933790e-01 -1.977079e+00 2.173369e+00 3.224656e-01 -1.068169e-01 7.441766e-01 4.002831e+00 -5.604274e-01 -4.157293e+00 -1.529076e+00 8.681491e-01 
-1.869005e+01 2.406710e+00 -2.933136e+00 -2.615776e+00 2.204552e-01 -1.060108e+00 2.759908e+00 3.305590e+00 -3.468821e+00 3.951391e+00 -1.461057e+00 1.351860e+00 
-1.851563e+01 4.780948e-01 -1.809632e+00 1.574449e+00 -2.460061e-01 -2.309555e-01 4.941170e-01 9.291882e-01 -2.686647e-01 1.675367e+00 2.373296e-01 1.517415e+00 
-1.852752e+01 -1.510533e+00 -2.439673e+00 7.090965e-01 -7.287864e+00 -2.896032e+00 2.037513e+00 -1.895654e+00 3.994349e-01 -3.371303e+00 1.355984e+00 6.953275e-01 
-1.917069e+01 -2.122577e+00 -4.934469e+00 1.094386e-01 2.080009e+00 4.400820e+00 -2.201056e-01 -1.356861e+00 -1.388073e+00 -1.723836e+00 -4.013530e-01 -5.981491e-01 
