4.347891e+00 8.808832e+00 -3.135939e+00 -5.460387e+00 8.801065e-01 2.423137e+00 -2.542367e+00 -7.598615e+00 -2.026146e+01 -1.221828e+01 9.564918e+00 -1.761460e-01 
4.431265e+00 7.822736e+00 -3.197782e+00 -5.405608e+00 -8.487063e-01 4.260296e+00 -2.462258e+00 -1.094224e+01 -1.912901e+01 -1.046203e+01 8.969798e+00 2.605766e+00 
4.662508e+00 7.281298e+00 -2.926705e+00 -5.626120e+00 -1.479533e+00 4.243147e+00 -3.987757e+00 -1.116348e+01 -2.024824e+01 -6.306454e+00 1.096233e+01 1.225008e+00 
5.468976e+00 3.859404e+00 -3.628619e+00 -3.160709e+00 -1.185208e+00 2.283179e+00 -6.793852e+00 -1.400566e+01 -1.845018e+01 -2.756990e+00 1.033674e+01 1.949488e-02 
4.785209e+00 2.223582e+00 -2.473707e+00 -2.685142e+00 -1.375923e+00 3.901273e+00 -1.406029e+01 -1.612283e+01 -1.694662e+01 -9.545370e-01 1.320632e+01 4.609617e-01 
5.248220e+00 -1.145183e+00 2.592217e-01 -1.168422e+00 -1.513000e+00 5.561067e-01 -1.849316e+01 -1.386073e+01 -1.233885e+01 -2.092420e-01 1.408132e+01 -3.771484e+00 
5.112411e+00 -4.993121e+00 2.240763e+00 3.055854e+00 -1.095352e+00 -4.922729e+00 -2.269773e+01 -1.479117e+01 -3.514916e+00 2.175067e+00 9.705877e+00 -4.417179e+00 
4.388267e+00 -7.212682e+00 5.342687e+00 4.757148e+00 -5.780247e+00 -9.355475e+00 -2.353086e+01 -9.135719e+00 -2.938204e+00 -1.752676e+00 7.962361e+00 -2.081833e+00 
3.747497e+00 -7.562925e+00 6.542434e+00 6.302828e+00 -8.180688e+00 -1.375724e+01 -2.016915e+01 -6.337096e+00 -4.041024e+00 -3.564947e+00 5.546542e+00 2.441256e+00 
2.863423e+00 -8.520256e+00 9.391833e+00 5.498935e+00 -1.217057e+01 -1.476572e+01 -1.899899e+01 -5.149579e+00 -3.589228e+00 -5.948678e+00 7.605695e+00 2.347327e+00 
2.253591e+00 -1.015608e+01 1.291789e+01 2.791728e+00 -1.583129e+01 -1.420201e+01 -1.683148e+01 -2.916385e+00 -6.674754e+00 -4.403223e+00 7.561011e+00 3.521709e+00 
2.369999e+00 -1.079024e+01 1.295912e+01 1.358398e+00 -1.621456e+01 -1.521989e+01 -1.502274e+01 -1.843727e+00 -8.952882e+00 -2.966631e+00 6.402458e+00 3.277493e+00 
2.494804e-01 -1.095369e+01 1.510249e+01 -1.761572e+00 -1.727312e+01 -1.550700e+01 -1.173885e+01 -1.421293e+00 -7.945800e+00 -5.426018e+00 8.621663e+00 -8.812104e-02 
-3.461944e-01 -1.184435e+01 1.645839e+01 -3.836900e+00 -1.970244e+01 -1.403992e+01 -1.029918e+01 -7.228901e-01 -1.025949e+01 -4.234875e+00 8.608665e+00 -4.133841e-01 
-1.146370e+00 -1.175603e+01 1.416557e+01 -4.692432e+00 -1.950668e+01 -1.432095e+01 -1.066883e+01 2.726812e-01 -1.180453e+01 -2.384487e+00 7.201908e+00 5.616000e-01 
-1.860027e+00 -5.463835e+00 1.311115e+01 5.722994e-01 -1.768343e+01 -1.791339e+01 -1.165760e+01 -3.592433e+00 -1.050112e+01 -1.474469e-01 1.109070e+01 3.222477e+00 
-4.579890e+00 -9.358133e+00 1.604198e+01 -4.883927e-01 -1.772515e+01 -1.776790e+01 -1.086967e+01 -4.568733e+00 -1.180316e+01 -9.575848e-02 9.231813e+00 2.869304e+00 
-5.260512e+00 -5.305125e+00 1.192171e+01 1.635783e+00 -1.729558e+01 -1.678930e+01 -7.431861e+00 -4.301243e+00 -1.232562e+01 2.435241e+00 4.136130e+00 5.094082e+00 
-9.948305e+00 -3.576920e+00 1.327916e+01 -1.206802e+00 -2.382161e+01 -1.580627e+01 -1.272648e+01 -7.270227e+00 -1.125882e+01 -2.037395e+00 7.646724e+00 8.523568e+00 
-1.228276e+01 -5.838442e+00 1.443252e+01 8.618963e-01 -2.172558e+01 -1.398129e+01 -8.306190e+00 -5.055148e+00 -6.816082e+00 -2.690286e+00 6.760342e+00 1.773017e+00 
-1.430732e+01 -1.092393e+00 5.049965e+00 -1.108123e-02 -1.491073e+01 -1.032688e+01 -7.708808e+00 -1.047047e+01 -1.388206e+01 -5.298963e+00 7.115788e+00 3.972032e+00 
-1.821067e+01 -4.029698e+00 7.436060e+00 5.520625e-01 -1.052566e+01 -3.565744e+00 -1.195800e+01 -7.325344e+00 -6.679313e+00 -7.471321e+00 7.879085e+00 -8.060671e-02 
-1.811629e+01 -9.746298e-01 4.420716e+00 -1.481047e+00 -9.673400e+00 -4.985794e+00 -5.434865e+00 -6.606127e+00 -1.051160e+01 -9.828485e+00 1.000888e+00 4.674025e-01 
-1.621862e+01 2.696325e+00 5.013374e+00 9.578471e-01 -5.571325e-01 -1.525010e+00 -4.353396e+00 -4.782648e+00 -1.124150e+01 -6.187484e+00 3.300120e+00 1.770870e+00 
-9.541924e+00 9.687993e+00 1.122495e+01 3.272528e+00 -8.468725e-01 -6.896869e-01 -6.257696e+00 -4.218760e+00 -1.193492e+01 -8.529345e+00 1.051666e+00 3.360687e+00 
-9.151276e+00 6.591640e+00 2.347392e+01 -3.223862e+00 -2.585313e+00 4.051742e+00 -1.268299e+01 6.893250e+00 -8.905925e+00 -1.062865e+01 4.585415e+00 -4.267429e+00 
-8.054311e+00 5.769668e+00 2.616304e+01 -7.386381e+00 -4.196304e+00 3.619697e+00 -2.086324e+01 7.153802e+00 -1.129484e+01 -8.807712e+00 9.647787e+00 -3.937932e-01 
-7.037574e+00 6.301631e+00 2.320078e+01 -6.287308e+00 1.202397e+00 -6.227504e-01 -2.107095e+01 8.118925e+00 -8.180589e+00 -1.005430e+01 8.791872e+00 4.472749e-01 
-6.689397e+00 6.090809e+00 1.990972e+01 -4.091897e-01 -6.076246e-03 -3.544723e+00 -1.705349e+01 5.097907e+00 -6.834774e+00 -9.906451e+00 1.130072e+01 1.016157e-01 
-7.752803e+00 5.764254e+00 2.089817e+01 -1.775180e+00 7.919535e-02 -1.461393e+00 -1.303318e+01 9.136080e+00 -3.875532e+00 -9.207936e+00 7.920926e+00 7.677073e-01 
-6.612841e+00 4.936190e+00 2.139549e+01 -2.697005e+00 -1.700964e+00 -7.096019e-01 -1.571396e+01 6.730212e+00 -7.721042e+00 -1.197370e+01 6.986609e+00 3.003220e+00 
-7.233160e+00 6.811599e+00 2.040292e+01 -1.041767e+00 -1.027043e+00 -2.978805e+00 -1.159866e+01 4.811531e+00 -7.521814e+00 -1.011638e+01 5.159410e+00 6.630434e-01 
-7.625907e+00 9.404753e+00 1.852238e+01 3.518860e+00 -3.081814e+00 -5.641329e+00 -8.876679e+00 1.613600e+00 -7.565125e+00 -1.025874e+01 4.258404e+00 3.254950e+00 
-7.742316e+00 1.033230e+01 1.034215e+01 4.804600e+00 6.197072e-01 -2.969189e-01 -7.885047e+00 -2.860112e+00 -4.160470e+00 -6.097102e+00 1.329524e+00 4.499108e+00 
-9.884857e+00 1.002572e+01 7.014499e+00 7.400854e+00 4.863115e+00 2.172098e-02 -2.466264e+00 -3.281389e+00 -7.635333e+00 -3.893269e+00 -5.343124e+00 -9.778232e-02 
-1.346939e+01 6.176085e+00 2.440205e+00 6.213855e+00 2.367316e+00 -1.986374e+00 -3.485361e+00 -4.712113e+00 -3.793926e+00 -4.281943e+00 -3.584171e+00 -4.573906e+00 
-1.678021e+01 8.435895e-01 -3.050924e-01 4.355202e+00 -1.982910e+00 -7.366742e+00 -3.551165e+00 -3.531535e+00 -7.194935e+00 -2.421609e-01 -4.587140e+00 -1.144958e+00 
-1.536968e+01 2.275018e+00 -1.666661e+00 2.592499e+00 -6.026893e+00 -5.737585e+00 -4.145686e+00 -2.211044e+00 -4.341918e+00 -3.378406e+00 -3.396089e+00 -1.953016e+00 
-1.729933e+01 2.707831e+00 -2.996278e+00 -1.544200e+00 -3.045268e-01 -7.239508e+00 -1.767601e+00 -7.837198e+00 -8.424951e+00 1.599853e+00 -1.280064e+00 6.726453e-02 
-1.795373e+01 2.804931e-01 -2.381459e+00 2.101580e+00 1.170763e+00 -5.886948e+00 -7.689353e+00 -7.410055e-01 8.466722e-01 4.505794e-01 -7.605026e-01 2.739950e+00 
-1.830873e+01 -2.471031e+00 -5.391649e+00 5.129786e+00 -2.169630e-01 6.285751e-01 -2.790704e+00 1.630559e+00 -5.196579e-01 -1.363713e+00 1.120681e-01 -1.198631e+00 
-1.929925e+01 -2.672041e+00 -4.534098e+00 1.615197e+00 -1.078390e+00 4.786595e-01 -3.949992e+00 -1.023527e+00 1.886122e+00 1.491278e+00 1.980702e+00 -1.592388e-01 
-1.998878e+01 6.963858e-01 -4.262506e+00 -3.261487e-01 -1.093977e+00 -1.741098e-01 -2.351250e+00 2.444592e+00 7.398856e+00 -1.814182e+00 -1.490082e+00 -8.422376e-01 
-2.002182e+01 -7.056024e-01 -1.463096e+00 -7.441450e-01 -2.678509e-01 3.377951e+00 2.440969e+00 -2.807994e-01 -2.056038e+00 -1.911783e+00 -2.591357e+00 4.547951e+00 
-2.017755e+01 -2.965433e+00 -3.240041e+00 2.899193e+00 1.143257e+00 2.400456e+00 1.200428e+00 -2.313954e+00 1.195128e-01 -1.142393e-01 -4.107431e-01 1.041980e+00 
-2.006114e+01 -1.394583e+00 -1.884656e+00 1.113462e+00 3.854396e-01 2.150413e+00 1.967800e-01 -3.258950e-01 3.041827e+00 9.013371e-01 -3.543954e+00 -3.156978e-01 
-1.932074e+01 -1.374300e-01 -2.961234e+00 -1.679578e+00 -2.934651e+00 4.755404e+00 -3.452173e+00 1.646362e+00 3.309896e+00 -7.812797e-01 -1.254021e+01 -1.843522e+00 
-1.969252e+01 -1.170225e+00 -6.010591e+00 -2.765392e+00 -3.766279e+00 2.662328e-01 -1.677148e-01 -3.151029e-01 5.498818e-01 1.423997e+00 6.312233e-01 2.115724e+00 
-2.070558e+01 -2.100823e+00 -4.029050e+00 -1.996739e+00 -3.940489e+00 -2.683399e+00 -9.195926e-01 -1.748911e+00 -1.837207e+00 1.553651e+00 8.648024e-01 9.665686e-01 
-1.838319e+01 2.436076e-01 -3.415777e+00 1.412479e+00 -9.271012e-01 -1.323648e+00 -2.953210e+00 -4.580681e+00 1.362750e+00 1.690235e+00 5.076540e+00 4.010408e+00 
-1.959656e+01 -3.661879e-01 -3.805386e+00 -2.699098e+00 -3.421525e+00 4.465742e-01 -4.804866e+00 2.143955e+00 7.007695e+00 3.442444e+00 1.907581e+00 3.019322e+00 
-2.136156e+01 -3.272361e+00 -4.770646e+00 -1.407078e+00 -1.374548e+00 -2.052758e+00 -4.727002e-01 1.996334e+00 -1.904987e-01 -2.868741e+00 -3.053235e+00 3.133916e+00 
-2.031388e+01 -2.464602e+00 -5.442669e+00 -9.343020e-01 -1.992996e+00 -2.056630e+00 -5.590505e+00 -2.029421e-01 3.680086e+00 -2.736488e+00 -6.487908e-01 -2.333086e-01 
-1.998354e+01 -1.643984e+00 -6.415145e+00 -1.919978e+00 -9.683616e-01 -1.354626e+00 -1.384796e+00 -3.243532e-01 2.275916e+00 1.335347e+00 2.981233e+00 3.060920e+00 
-1.876073e+01 -2.661212e+00 -5.732815e+00 -9.737291e-01 -2.574769e+00 -2.084290e+00 7.701297e-01 -1.480650e+00 -2.155731e-01 1.266332e+00 2.841492e+00 2.068760e+00 
-9.469039e+00 -1.130088e+01 -2.401576e-01 -1.177255e+01 -1.055009e+00 -1.021569e+01 1.723424e+00 -9.696523e+00 -4.845537e-01 -1.726687e+00 -1.798407e+00 3.245826e+00 
-1.043649e+01 -9.867424e+00 -2.167587e+00 -1.209355e+01 -5.758241e+00 -1.446976e+01 1.358929e+00 -1.141748e+01 8.794969e-01 -2.606545e+00 5.743518e-01 3.558744e+00 
-8.917934e+00 -1.963433e+00 4.340321e+00 -2.302734e+00 -7.404992e+00 -1.115280e+01 -3.336544e-01 -2.598789e+00 1.764853e+00 5.958268e-01 -9.656461e-01 3.779611e+00 
1.435586e+00 -4.146108e+00 6.229613e+00 2.846158e+00 -1.025196e+01 -1.444486e+01 -1.263378e+01 -1.825997e+00 -6.720344e+00 -2.364851e+00 2.679815e+00 8.195025e-01 
5.252947e-01 -1.137770e+01 1.586057e+01 -1.732961e+00 -1.490522e+01 -1.130327e+01 -1.787289e+01 -1.062070e+00 -6.745418e+00 -2.981070e+00 6.328525e+00 -5.448849e-01 
-1.894103e-01 -1.148294e+01 1.608321e+01 -2.752482e+00 -1.712091e+01 -1.251753e+01 -1.613053e+01 8.959251e-01 -6.352433e+00 -1.783862e+00 4.958329e+00 -1.018019e+00 
-1.652897e-01 -1.135570e+01 1.378678e+01 -3.669771e+00 -1.724561e+01 -1.180336e+01 -1.177719e+01 4.064262e-01 -5.189434e+00 -9.074688e-01 3.214813e+00 -1.559319e+00 
-5.758649e-01 -9.647465e+00 1.227061e+01 -6.242996e+00 -1.681650e+01 -1.383303e+01 -9.621690e+00 1.728844e+00 -5.552330e+00 -2.230865e+00 4.329087e+00 -9.922557e-01 
-1.428477e+00 -8.145649e+00 1.170475e+01 -3.723155e+00 -1.783059e+01 -1.577695e+01 -1.117637e+01 -6.195943e-01 -7.181714e+00 8.779474e-01 4.995702e+00 2.272452e+00 
-1.480389e+00 -3.960665e+00 1.065600e+01 -1.333108e+00 -2.035573e+01 -1.496265e+01 -1.201351e+01 -6.743257e-01 -4.671077e+00 -1.987728e+00 9.480423e+00 5.509517e+00 
-4.209691e+00 -4.507857e+00 8.892454e+00 2.718863e-01 -1.492677e+01 -1.651326e+01 -1.149337e+01 2.590285e+00 -2.705239e+00 1.719689e+00 4.091039e+00 1.301761e+00 
-7.322826e+00 -2.109621e+00 4.476890e+00 1.486449e+00 -1.767930e+01 -2.655152e+01 -1.544560e+01 -1.992118e+00 -3.990419e+00 5.362423e+00 8.255249e+00 1.005917e+01 
-1.109194e+01 -1.783763e-01 -2.593270e+00 7.792042e-01 -1.582533e+01 -2.258290e+01 -1.293018e+01 -5.915433e+00 -4.861642e+00 6.267244e-01 6.402458e+00 8.226751e+00 
-1.225864e+01 2.269265e+00 3.153954e-01 -1.145045e+00 -1.772331e+01 -1.494606e+01 -7.772323e+00 -4.865901e+00 -7.808119e+00 -4.053532e+00 3.335867e+00 4.874556e+00 
-1.452860e+01 1.935265e+00 -3.882174e+00 -1.775180e+00 -1.287154e+01 -1.288707e+01 -8.220932e+00 -5.919287e+00 -6.880820e+00 -2.073201e+00 -3.713393e-01 2.990070e+00 
-1.529732e+01 2.192787e+00 -3.329197e+00 1.075488e-01 -7.989056e+00 -4.326386e+00 -5.707807e+00 -2.437678e+00 -1.546343e+00 -2.806369e+00 -1.238223e+00 -4.579006e+00 
-1.784047e+01 7.457921e-01 -3.447214e+00 1.261052e+00 -6.456460e+00 -3.642085e+00 -6.880255e+00 -1.859144e+00 -2.988353e+00 3.479405e+00 -4.217112e-01 2.602545e+00 
-1.918546e+01 5.712884e-03 -4.752093e+00 -2.255631e+00 -9.725663e+00 -2.061609e+00 -6.501455e+00 3.833846e-02 1.309103e-01 3.459769e+00 -1.650541e+00 7.334693e+00 
-1.988391e+01 -9.431587e-01 -6.110054e+00 -3.254566e+00 -6.827345e+00 -1.861352e+00 7.930179e-01 -1.101385e+00 2.203884e+00 5.906291e-01 -1.473833e+00 4.859200e-01 
-1.993477e+01 -3.061877e+00 -3.076673e+00 -1.185461e-01 -1.164578e+00 -1.102923e+00 -2.621287e-01 -2.050704e+00 -2.968749e+00 1.655295e+00 -4.611150e-01 -2.990530e+00 
-1.983672e+01 -2.486936e+00 -3.225096e+00 -6.827366e-01 -1.541554e-01 -1.497351e+00 -1.861442e+00 3.216311e-01 -1.965770e+00 1.777730e+00 -1.083858e+00 1.820787e+00 
-1.866739e+01 -8.328405e-01 -6.891333e+00 -2.350535e+00 -3.963412e+00 -5.781287e+00 -2.369561e+00 1.196562e+00 -3.143814e+00 3.307432e-01 -7.320669e-01 -4.449383e+00 
-2.159490e+01 -1.400336e+00 -3.381248e+00 -3.721061e+00 1.174431e+00 -4.249492e+00 6.431001e-01 5.875794e-01 -6.792226e-01 2.716207e+00 -4.133387e+00 -1.028754e+00 
-2.889454e+01 -2.421625e+00 8.883693e+00 -4.275831e+00 3.713324e+00 -1.755326e+01 1.396805e+01 9.538243e-02 3.186803e+00 5.868623e+00 -2.136792e+00 -6.212835e+00 
-2.514850e+01 -1.817244e+00 7.853995e-01 -5.560525e+00 3.127884e+00 -1.318524e+01 1.051536e+01 -4.476229e+00 -5.328483e+00 4.242604e+00 -2.636042e+00 -4.077693e+00 
-1.945918e+01 -1.418271e+00 -5.995646e+00 8.731192e-02 1.390361e+00 -2.184418e+00 1.676503e+00 -2.185991e+00 -1.374013e+00 -4.682616e-01 -1.265034e+00 -8.714898e-01 
-1.556789e+01 -1.572243e+00 -1.434751e+00 3.242231e-01 -4.988046e+00 -8.618621e+00 -8.955600e-01 2.911350e+00 -3.068591e+00 -4.380411e+00 -4.314563e+00 -1.032511e+00 
-1.611008e+01 -2.484250e-01 -3.243133e+00 -1.223550e+00 -3.978999e+00 -5.572180e+00 -2.942338e+00 1.251679e+00 -3.586036e+00 -6.781756e+00 -2.304157e+00 -5.184714e+00 
-1.794692e+01 -1.186129e+00 -5.078829e+00 4.245644e+00 -1.154492e+00 -5.738581e-02 3.215207e-01 4.632690e+00 -2.227457e+00 7.890087e-01 1.890926e+00 -3.672992e+00 
-1.897362e+01 -1.664964e+00 -4.535129e+00 -1.159001e+00 -2.792532e+00 1.951816e+00 -1.240028e+00 -2.797286e+00 1.650423e+00 2.492416e+00 5.666378e+00 1.227960e+00 
-1.919228e+01 -2.731281e-01 -2.841156e+00 -1.819142e+00 -4.146791e+00 -1.514288e-01 -3.293672e+00 -2.780713e+00 -2.141292e+00 -3.129076e-01 1.556603e+00 1.309007e+00 
-1.696479e+01 -2.291362e-01 -5.367943e+00 -1.156559e+00 -2.991499e+00 4.049529e+00 1.441371e-01 -4.346724e+00 -8.479658e+00 6.705456e+00 2.696833e-01 -2.221922e+00 
-1.940412e+01 -3.804007e-01 -4.453702e+00 -5.389849e-01 -2.600572e-01 -2.212631e+00 1.320019e+00 -1.100999e+00 3.275703e+00 2.252166e+00 2.123693e+00 -5.964117e-01 
-2.034377e+01 -8.098294e-01 -3.545131e+00 -2.254236e+00 -4.096820e+00 -1.636756e+00 -2.372994e+00 -1.778589e+00 2.049334e+00 3.471609e+00 3.215219e+00 1.037955e+00 
-1.889863e+01 -2.641246e+00 -7.610254e+00 5.778820e-01 -3.963870e+00 4.758935e-01 4.794494e-01 1.674884e+00 1.800413e+00 2.002387e+00 1.890520e+00 2.696743e+00 
-1.851900e+01 -3.979974e-01 -3.552862e+00 1.234534e+00 -5.800549e-01 1.579516e+00 1.094570e+00 5.563594e-01 5.900009e-01 2.402034e+00 -6.951436e-02 -3.312632e-01 
-2.054827e+01 -1.330308e-01 -2.333531e+00 -1.300659e+00 -4.528222e+00 -4.030981e+00 3.448050e+00 3.060898e+00 2.661151e+00 1.505139e+00 9.188303e-01 1.217434e-01 
-2.068566e+01 -9.218395e-01 -1.474949e+00 -4.493145e-01 -6.008096e+00 -4.971411e+00 1.366984e-01 5.212766e+00 2.456908e+00 -1.729863e+00 2.687127e+00 -1.392662e+00 
-2.135789e+01 -2.678470e+00 -5.161801e+00 3.535317e-01 -7.230912e-01 -1.482414e+00 2.252141e+00 6.579508e+00 -6.676122e+00 -3.690558e+00 3.327743e+00 6.417140e+00 
-2.072865e+01 -1.854130e+00 -4.930407e+00 5.870114e-02 -1.404805e+00 1.431813e+00 1.912824e+00 -8.011329e-01 -5.113299e+00 4.830812e+00 4.364022e+00 4.818944e-01 
-2.005590e+01 3.095954e-01 -4.427935e+00 -5.193120e+00 -3.091441e+00 -7.704533e-01 -3.887049e+00 -1.984024e+00 -3.281803e-01 3.318276e+00 1.835273e+00 -1.722487e+00 
-2.023313e+01 -2.694057e-01 -3.510602e+00 -3.238865e+00 -2.370300e+00 -1.155476e+00 -3.345171e+00 5.212850e-01 -3.539079e+00 -5.834777e-01 1.720312e+00 5.676443e+00 
-1.996781e+01 -1.761408e+00 -2.007826e+00 9.142331e-01 -7.881910e-01 8.681083e-01 5.149261e-01 -2.245347e+00 -4.991425e-01 -3.892403e+00 1.928705e+00 1.920083e+00 
-2.012826e+01 9.420637e-01 -2.359299e+00 9.833177e-01 8.374707e-01 -4.092385e+00 -3.450985e-01 -3.601984e-01 9.615439e+00 -1.270732e+00 -1.085889e+00 1.311959e+00 
-1.763597e+01 2.297125e-02 -3.043175e+00 9.676166e-01 -3.350465e+00 -3.570170e+00 6.568286e+00 2.845441e+00 5.432107e+00 6.059783e+00 2.815087e+00 -3.897080e+00 
-1.826153e+01 -7.367351e-01 -4.913400e+00 1.104041e+00 -4.084901e+00 -1.416584e+00 9.189031e-01 2.054149e+00 5.482712e+00 2.687331e+00 1.998576e+00 -3.370272e+00 
-1.768107e+01 6.611923e-01 -1.959898e+00 1.411084e+00 -3.150712e-01 4.039018e+00 1.489392e+00 3.661016e+00 8.936298e-01 4.456705e-01 1.260059e+00 -8.137904e-01 
-1.610326e+01 5.426531e+00 6.127555e-01 1.802563e+00 -8.881330e-01 3.760761e+00 9.389302e-01 3.694548e+00 4.384450e+00 -9.406765e-01 1.505825e+00 1.175091e+00 
-1.587726e+01 4.613357e+00 9.899955e-01 1.810588e+00 -2.065431e+00 2.819225e+00 6.135699e+00 3.807095e+00 4.516661e+00 1.009623e+00 -1.904431e+00 4.534265e+00 
-1.541425e+01 3.948064e+00 2.868981e+00 1.608917e+00 -4.516302e+00 -1.854714e+00 1.520863e+00 -2.209117e+00 4.076412e-01 -4.660221e+00 -3.096295e+00 -6.500854e-01 
-1.389151e+01 6.126002e+00 3.459578e+00 5.663970e+00 5.242712e+00 1.773134e+00 -3.715388e+00 3.742342e+00 3.626746e+00 -3.660238e+00 1.956735e+00 2.709356e+00 
-1.346467e+01 5.819074e+00 1.570286e+00 3.746002e+00 3.386777e-01 -1.362371e+00 3.924741e-01 4.353252e+00 1.766221e+00 -3.926477e+00 5.857261e-01 2.096670e+00 
-1.434770e+01 6.143260e+00 1.873830e+00 -7.057648e-01 -3.181297e+00 -2.436121e+00 -3.856722e+00 -2.369842e+00 -1.355777e+00 -2.177445e+00 -2.848498e+00 -1.717388e+00 
-1.294660e+01 5.722969e+00 -1.654311e-01 2.537022e+00 2.492932e+00 6.087497e+00 -3.616968e+00 -5.452059e-01 -4.880790e+00 -5.748149e-01 -1.285751e+00 8.237964e-01 
-1.266974e+01 8.476523e+00 2.657170e+00 8.929495e-01 -1.045840e+00 3.469992e-01 -5.124729e+00 -4.059191e+00 -8.140925e+00 -5.706407e+00 -8.516551e+00 -6.139571e+00 
-1.367861e+01 6.721923e+00 2.352080e+00 2.167176e+00 -2.105775e+00 -4.694814e+00 -2.639070e+00 -1.531142e+00 -9.298453e+00 -3.693157e+00 -1.418993e+00 5.661623e-01 
-1.119262e+01 7.623419e+00 4.750543e+00 5.027904e+00 -9.248089e-01 2.774416e+00 -2.780976e+00 -5.578950e+00 -1.229037e+00 -2.822539e+00 -1.629460e-01 2.460310e+00 
-1.303155e+01 6.970308e+00 4.169222e+00 3.893940e+00 1.419701e+00 -3.220551e+00 3.168814e+00 4.855085e+00 3.203215e+00 -2.017470e+00 -1.396244e+00 3.586386e+00 
-1.236142e+01 8.204112e+00 3.060178e+00 4.788899e+00 6.222418e+00 -4.396431e-01 -2.815881e+00 -2.185220e+00 -2.285356e+00 8.918080e-01 -1.542485e+00 -1.836007e+00 
-1.359524e+01 8.394293e+00 4.721684e+00 7.741392e+00 2.217862e+00 -4.573453e-01 -3.325716e+00 -1.267120e+00 -1.323864e+00 1.758383e+00 8.522094e-01 9.783769e-01 
-1.365397e+01 8.033897e+00 3.566257e+00 7.189064e+00 2.928459e+00 2.579138e+00 5.826136e+00 1.304483e+00 -2.622721e+00 -9.835734e-02 1.498038e-02 7.317458e-01 
-1.307350e+01 7.515470e+00 4.225912e+00 4.148995e+00 5.829985e+00 5.407621e+00 1.662198e+00 2.858546e+00 -2.342799e+00 -2.236352e+00 1.460328e+00 -1.741005e+00 
-1.370064e+01 9.422350e+00 4.093465e+00 5.378561e+00 1.986803e+00 -3.002039e+00 1.824748e-01 -1.709597e+00 -1.680104e-02 -2.197369e+00 1.173939e+00 -2.604347e+00 
-1.749282e+01 5.140584e+00 3.710538e-01 7.760010e-03 3.020018e-01 -1.843097e+00 1.801860e-01 5.221631e+00 2.673005e+00 5.054442e-01 8.891328e-02 9.373164e-01 
-1.784624e+01 4.349406e+00 4.022861e+00 1.005991e+01 8.040039e-01 1.262536e+00 2.148000e+00 4.962319e-01 1.629451e+00 -3.094553e+00 -4.979553e+00 -6.045641e+00 
-1.395181e+01 5.146675e+00 3.922367e+00 1.077204e+01 4.049826e+00 1.887857e-01 2.037564e+00 6.037675e-01 -2.864348e+00 -5.590035e+00 -3.423306e+00 -4.075814e+00 
-1.318886e+01 5.874572e+00 1.453815e+00 4.360785e+00 -3.109451e-01 2.407859e-01 -7.341981e-01 -2.591851e+00 -6.559412e+00 -6.934512e+00 -3.003269e+00 -2.366841e+00 
-1.425279e+01 6.691129e+00 3.880108e+00 5.099082e+00 -1.927438e+00 -4.429833e+00 -7.975456e+00 -1.671439e+00 -2.620749e-01 -2.286597e+00 -5.385777e+00 -2.000786e+00 
-1.505821e+01 6.117881e+00 3.017403e+00 1.730338e+00 1.876317e+00 -7.969171e+00 -6.016798e+00 -1.646000e+00 -2.870275e+00 -2.904259e+00 -1.365414e-01 -3.284662e+00 
-1.169023e+01 7.810892e+00 2.773125e+00 4.477321e+00 4.555037e+00 2.311945e+00 9.572408e-01 -3.844807e-01 -7.293409e+00 -2.814165e+00 -1.080202e+00 -2.295455e+00 
-1.116010e+01 7.791942e+00 3.221999e+00 1.654624e+00 2.874820e+00 3.528973e+00 -7.078766e-01 2.318941e+00 -2.058318e+00 -2.897329e+00 -7.034644e+00 -7.528111e+00 
-1.573831e+01 6.045125e+00 2.374240e+00 4.173070e+00 5.224373e+00 4.078295e+00 -3.738276e+00 -5.911193e+00 -4.126733e+00 1.711315e+00 -5.061204e+00 -1.814270e+00 
-1.529575e+01 6.111790e+00 2.156760e+00 3.489958e-01 2.965004e-01 3.152801e+00 -6.444235e+00 -4.264928e-01 9.443837e-02 3.333003e+00 3.216844e+00 5.538173e-01 
-1.459887e+01 3.972091e+00 8.456961e-01 5.761317e+00 5.766261e+00 6.743032e+00 -2.798671e-01 2.168237e+00 -3.971727e+00 -4.176256e+00 -2.416275e+00 -2.749058e-01 
-1.696584e+01 1.867586e+00 -8.637375e-01 1.191269e+00 1.168930e+00 4.050635e+00 5.023332e+00 4.365971e+00 -2.907658e+00 -1.291811e+00 8.591153e-01 -6.718233e-01 
-1.652852e+01 7.041690e-01 -3.863106e+00 1.531109e+00 3.000894e+00 4.987746e+00 8.733511e+00 4.403744e+00 3.347280e+00 3.304415e+00 1.560665e+00 1.809784e+00 
-1.642155e+01 4.462431e+00 1.115227e+00 1.239768e+00 -3.159292e+00 -6.327079e-01 -7.862688e-01 5.374647e+00 5.887550e+00 6.299456e+00 5.102539e+00 2.813215e+00 
-1.481858e+01 5.984213e+00 1.019886e+00 2.674494e+00 2.421872e+00 2.043646e+00 4.368156e+00 3.757759e+00 -1.903768e+00 -8.191076e-01 -2.864384e-01 -1.013994e+00 
-1.451235e+01 5.239396e+00 9.405214e-01 7.494013e+00 3.547235e-01 2.314158e+00 1.667348e+00 4.441901e+00 7.436389e-01 1.889770e+00 -1.722443e+00 -2.834340e+00 
-1.783156e+01 1.123087e-01 -7.580897e-01 2.906520e+00 1.219359e+00 7.019629e+00 1.942006e+00 3.727310e+00 -2.170925e+00 1.569244e+00 -2.531642e+00 2.669369e+00 
-1.855937e+01 -1.602022e+00 2.847852e+00 6.346093e+00 2.595624e+00 2.510542e+00 -6.694288e+00 -3.645237e+00 -2.558895e+00 -1.118884e+01 2.055447e+00 1.949335e+00 
-1.834019e+01 -1.888646e+00 -6.269815e+00 -2.132814e+00 -1.732138e+00 2.261605e+00 -7.965685e-01 -2.244191e+00 -3.783292e-01 1.367399e+00 7.536637e+00 2.440451e+00 
-1.892642e+01 -1.276820e+00 -3.226126e+00 1.495520e+00 -1.142572e+00 3.647014e-01 -2.183594e+00 -3.733501e+00 -3.051266e+00 -1.118265e+00 -4.058684e-01 1.540341e+00 
-1.948854e+01 -7.959550e-01 -3.753335e+00 1.088689e+00 -1.928813e+00 2.523819e+00 1.804677e+00 -5.347306e+00 -3.078165e+00 1.802853e+00 -1.273158e+00 -2.466406e+00 
-2.015081e+01 4.868959e-02 -3.565230e+00 4.111021e-01 -1.365837e+00 -2.833868e+00 4.293198e+00 6.027569e+00 -4.974706e+00 1.401602e-01 -2.231036e+00 -6.104951e+00 
-1.960075e+01 1.096712e+00 -4.950505e+00 -3.073830e+00 -2.346919e+00 1.246151e-01 1.265087e+00 -1.374186e-01 -2.066980e+00 1.475107e+00 -5.214756e+00 -3.635152e+00 
-2.000923e+01 -3.841231e-01 -2.820542e+00 9.969252e-01 -1.347499e+00 7.275969e-01 7.833345e-02 1.203500e+00 -3.685422e+00 -1.359382e+00 -2.322437e+00 3.637376e+00 
-1.927303e+01 -1.471062e+00 -6.185812e+00 2.624948e+00 -1.738557e+00 2.280625e-01 4.575295e+00 2.584118e+00 2.197046e+00 -4.115038e+00 -4.184977e+00 -1.401846e-01 
-1.990436e+01 -2.340748e+00 -2.928766e+00 5.820690e-01 -3.727310e+00 5.632982e-01 2.463285e+00 1.783961e+00 -2.011816e+00 -5.792458e+00 1.863640e-02 1.370195e+00 
-1.826730e+01 2.135936e+00 -4.989157e+00 -2.249700e+00 -6.100245e+00 -1.429861e+00 4.794494e-01 1.735011e+00 -2.051935e+00 -2.815031e+00 -1.821968e+00 -1.588840e+00 
-1.801718e+01 9.775749e-02 -5.533372e+00 1.126372e+00 -2.969035e+00 -1.884033e+00 -4.526775e+00 -3.321860e+00 -3.827663e+00 -2.706168e+00 -1.151291e+00 3.364385e-01 
-1.874500e+01 1.158639e+00 -2.430418e+00 -1.378816e+00 -2.635742e+00 -9.408029e+00 -5.035993e-01 2.900558e+00 -7.170623e-01 -2.521649e+00 4.518794e+00 9.201408e-01 
-1.999822e+01 -1.152289e+00 -2.525759e+00 -5.351469e-01 -2.971916e-01 3.389125e-02 2.557127e+00 -1.014277e+00 4.012586e-01 2.212028e+00 -2.226611e-01 -3.010121e+00 
-1.853735e+01 1.706508e+00 -1.968144e+00 2.325931e+00 -4.276074e+00 -3.952980e+00 -2.215021e-01 1.736167e+00 2.617841e+00 -1.374686e+00 2.493720e-01 9.034426e-02 
-1.852634e+01 2.503099e+00 -2.323224e+00 4.458828e+00 1.765372e+00 4.991277e-01 -2.861613e-01 2.686643e+00 3.054592e+00 2.979269e+00 -1.219943e+00 -6.538426e-01 
-1.763492e+01 6.128012e-01 -3.155007e+00 5.391819e+00 1.244115e+00 -3.633023e-01 -2.152079e-01 3.194257e+00 4.946118e+00 1.558849e+00 -2.989458e+00 -9.375679e-02 
-1.911048e+01 5.427525e-01 -1.961444e+00 1.600194e+00 -2.337292e+00 -3.350894e-01 1.504841e+00 2.522063e+00 4.773788e+00 1.237745e+00 -3.988364e+00 3.632754e-01 
-1.865481e+01 1.665223e+00 -2.872592e+00 -2.019069e+00 -2.036090e+00 9.701515e+00 8.300351e+00 9.101861e-01 -4.240708e+00 1.083835e+00 -5.545424e+00 -1.490080e+00 
-1.901085e+01 1.674677e-01 -1.927946e+00 -2.677117e+00 -7.776467e-01 -9.264541e-01 -7.606956e+00 -5.327649e+00 -1.351218e+00 9.576457e-01 2.407644e+00 4.357141e+00 
-1.999927e+01 -5.106844e-01 -4.147582e+00 -4.929692e+00 -8.322021e-01 4.762043e+00 -5.275219e+00 -7.357720e+00 -4.857996e+00 -7.203509e-01 3.159929e-01 1.731688e+00 
-1.957873e+01 -3.822937e+00 -7.391228e+00 4.300011e-02 4.198233e-01 4.850554e+00 4.560418e+00 1.174978e+00 -2.495070e+00 -2.395749e+00 1.368115e+00 2.167251e+00 
-2.025883e+01 -2.797587e+00 -3.351873e+00 1.176615e+00 -2.921487e-01 2.439733e+00 2.978270e+00 -1.789381e+00 -2.711622e+00 -1.695789e+00 3.927694e-01 5.506833e+00 
-2.028033e+01 -2.012162e+00 -4.687674e+00 -2.448522e-01 1.747493e+00 7.258609e+00 -3.101411e+00 -5.665287e+00 -2.619986e+00 -3.165877e+00 -1.981614e+00 -8.019822e-01 
-1.971402e+01 -1.040279e+00 -5.078313e+00 -1.480349e+00 -4.008012e-01 3.706548e+00 -1.149619e+00 -4.354047e+00 9.132335e-01 1.806606e+00 -5.116044e+00 -4.816781e+00 
-2.018437e+01 -8.832620e-01 -4.134182e+00 -9.527943e-01 -6.066450e-01 -1.252285e+00 1.405850e+00 -1.122583e+00 2.971163e+00 2.172597e-01 -5.757473e+00 -3.484329e+00 
-2.079630e+01 -1.267345e+00 -3.858983e+00 -6.031847e-01 -4.367306e+00 -5.111369e+00 1.038494e+00 2.458082e+00 2.403261e-01 -4.063639e+00 1.449360e+00 2.023137e+00 
-1.936112e+01 -3.885223e-01 -1.591419e+00 -2.284591e+00 -8.074459e-01 4.939619e+00 -3.112283e+00 -5.392401e+00 -4.530966e-01 4.897516e+00 8.355542e-01 -1.093162e+00 
-1.958083e+01 -1.239596e+00 -6.179112e+00 -2.957293e+00 -6.364442e-01 2.614543e+00 -2.411904e+00 -1.543475e+00 -3.222536e-01 8.144197e-01 -5.282190e+00 -1.145763e+00 
-2.060648e+01 -1.451096e+00 -5.279302e+00 5.492712e-01 -2.114027e+00 3.053779e+00 3.609985e+00 -6.351742e+00 -4.872128e+00 -1.182659e+00 -1.404775e+00 -2.147584e+00 
