-1.747792e+01 -2.986588e+01 2.128941e+01 7.804277e+00 -1.934988e+01 -6.113214e+00 -3.008026e-01 5.276986e+00 -5.298608e+00 -7.360188e+00 -4.775452e+00 4.717489e+00 
-1.835599e+01 -2.956263e+01 2.057101e+01 9.642867e+00 -1.771742e+01 -1.881415e+00 -1.607475e+00 2.164543e+00 -8.772006e+00 -1.005556e+01 -7.240741e+00 1.229404e+00 
-1.451879e+01 -2.612890e+01 1.819617e+01 1.417118e+01 -1.873700e+01 -7.891888e+00 2.861866e+00 5.054294e+00 -3.703596e+00 -9.721584e+00 -5.536370e+00 2.994049e+00 
-4.936794e+00 -1.089475e+01 2.241797e+01 1.930627e+01 -8.263995e+00 -3.526361e+00 7.042110e+00 6.708776e+00 -7.856812e+00 -5.123590e+00 -7.482784e-01 2.199682e+00 
1.679024e-01 -4.589335e+00 3.120259e+01 3.247812e+01 6.670145e+00 -1.975730e+01 -1.713069e+00 1.275950e+01 -1.764565e+01 -1.277847e+01 -6.575518e+00 4.493001e-01 
2.476670e+00 -7.014896e+00 2.902312e+01 2.763645e+01 1.181267e+01 -2.187320e+01 -4.799409e+00 1.275522e+01 -2.517811e+01 -1.056053e+01 -3.208087e+00 -3.555817e+00 
3.348382e+00 -5.421984e+00 2.510530e+01 2.412052e+01 1.227469e+01 -1.716754e+01 -1.867702e+00 5.940301e+00 -2.645052e+01 -1.880168e+00 -6.024182e-01 -6.806582e+00 
4.118948e+00 -1.827877e+00 2.136465e+01 2.356528e+01 1.590294e+01 -1.471199e+01 -5.523537e+00 4.141165e+00 -2.190270e+01 -2.900760e+00 -9.995288e-01 -2.270962e+00 
4.623212e+00 1.648008e-01 1.702756e+01 1.974514e+01 1.375566e+01 -7.261527e+00 -4.993987e+00 -3.082499e+00 -1.675907e+01 1.274430e+00 5.657276e-01 3.308383e-01 
3.281440e+00 -3.865499e+00 1.395798e+01 1.496165e+01 1.685966e+01 3.095577e+00 -6.899419e+00 -3.088685e+00 -1.633954e+01 -4.697677e+00 3.272150e+00 -2.140615e+00 
4.285082e+00 -9.255949e+00 1.294955e+01 1.197685e+01 1.401778e+01 4.443027e+00 -8.362701e+00 -1.275910e+01 -1.801671e+01 -8.478930e+00 1.236431e+00 8.282140e-02 
8.869879e+00 -1.235472e+01 1.143509e+01 7.653831e+00 1.072269e+01 -3.353872e+00 -6.695350e+00 -1.134015e+01 -2.059568e+01 -7.032449e-01 -4.219413e+00 -7.075840e-01 
1.035335e+01 -1.302605e+01 1.124881e+01 3.275128e+00 7.132161e+00 -6.689793e+00 -6.578287e+00 -1.020862e+01 -1.605110e+01 -6.811697e+00 -1.979237e+00 -3.236728e-01 
8.488260e+00 -1.278477e+01 1.019731e+01 -1.454337e+00 6.015150e+00 -4.331149e+00 -1.021435e+01 -7.919371e+00 -5.177691e+00 -1.349573e+01 8.133593e+00 -3.057406e+00 
8.148175e+00 -1.246827e+01 8.255080e+00 -3.755899e+00 1.338409e+00 -2.410995e+00 -1.280950e+01 -8.485616e+00 -2.824401e+00 -9.486199e+00 7.145875e+00 -2.601388e+00 
1.085371e+01 -1.202308e+01 4.029026e+00 -6.155542e+00 5.956690e+00 -7.308526e+00 -1.370092e+01 5.305226e-01 -6.769934e+00 -1.194930e+01 1.523015e+01 -4.354146e+00 
1.129543e+01 -1.223645e+01 2.359234e+00 -7.088136e+00 4.774933e+00 -9.361438e+00 -1.023412e+01 -9.636021e-01 -5.546906e+00 -1.443683e+01 1.830755e+01 -5.225771e+00 
1.220281e+01 -1.111238e+01 -1.192108e+00 -6.057462e+00 4.925796e+00 -9.350778e+00 -1.105831e+01 1.345154e+00 -8.377869e+00 -1.376842e+01 1.835561e+01 -7.448811e+00 
1.151433e+01 -1.179032e+01 -2.012758e-01 -6.996706e+00 1.036188e+01 -1.341396e+01 -1.162978e+01 4.990057e+00 -1.528174e+01 -1.011596e+01 2.038585e+01 -9.818047e+00 
1.281360e+01 -1.246732e+01 2.653194e-01 -4.602881e+00 9.170692e+00 -1.236740e+01 -1.352334e+01 8.269041e+00 -1.493006e+01 -1.248091e+01 1.839566e+01 -5.352553e+00 
1.238996e+01 -1.351144e+01 7.319146e-01 -2.058612e+00 1.158638e+01 -9.269863e+00 -1.699093e+01 8.552640e+00 -1.530759e+01 -1.536326e+01 1.698806e+01 1.943049e-02 
1.332812e+01 -1.340547e+01 -2.856149e-01 1.881224e+00 1.576465e+01 -1.132423e+01 -1.728121e+01 7.073742e+00 -1.784779e+01 -1.692791e+01 1.488363e+01 2.882322e+00 
1.366576e+01 -1.004413e+01 -3.716819e+00 7.239900e+00 1.977382e+01 -1.200546e+01 -1.640245e+01 3.152378e+00 -1.381919e+01 -1.533084e+01 1.003905e+01 1.758718e+00 
1.198635e+01 -6.909869e+00 -4.972804e+00 9.071009e+00 1.857006e+01 -7.580826e+00 -1.319628e+01 1.712499e+00 -9.745352e+00 -9.376945e+00 9.244828e+00 1.585186e+00 
6.921719e+00 -4.761909e-02 2.794278e+00 9.450031e+00 1.340113e+01 1.400036e-01 -6.159472e+00 1.313273e+00 -8.958460e+00 -7.364185e+00 5.427170e+00 2.723053e+00 
5.824260e+00 1.122346e+00 1.891425e+00 1.091542e+01 9.914948e+00 -3.254060e+00 -3.635506e+00 2.287785e+00 -3.270229e+00 -4.822475e+00 3.880884e+00 4.882702e+00 
6.896799e+00 -1.229606e+01 6.172378e-01 1.168510e+01 6.937926e+00 -1.164692e+01 -2.941040e+00 7.939763e+00 -1.045332e+01 -5.395837e+00 2.826982e+00 -1.541571e+00 
7.062932e+00 -1.429631e+01 8.047570e+00 1.490596e+01 2.177903e+01 -1.646256e+01 -9.162762e+00 5.793267e+00 -2.037692e+01 -4.972145e+00 2.151219e+00 -4.426253e+00 
5.773443e+00 -1.655770e+01 1.525704e+01 1.692408e+01 1.887996e+01 -1.363151e+01 -1.196119e+01 4.231501e-02 -1.620940e+01 -7.770556e+00 3.958385e-01 -5.151683e+00 
5.877032e+00 -1.519472e+01 1.479955e+01 1.966285e+01 1.677102e+01 -1.297305e+01 -1.036503e+01 -9.407619e-01 -1.623755e+01 -8.652139e+00 1.345616e+00 -3.336722e+00 
4.792278e+00 -1.668828e+01 1.742134e+01 2.012000e+01 1.574076e+01 -1.000876e+01 -1.256232e+01 9.592507e-01 -1.646231e+01 -1.016482e+01 4.654871e+00 -3.656450e+00 
3.325417e+00 -1.563280e+01 1.978344e+01 1.890314e+01 1.794021e+01 -1.124816e+01 -1.472877e+01 3.266103e+00 -1.681306e+01 -1.018791e+01 5.938103e+00 -2.733716e+00 
2.771801e+00 -1.684298e+01 2.094234e+01 2.017403e+01 1.865429e+01 -1.046517e+01 -1.464810e+01 3.667709e+00 -1.979540e+01 -9.252591e+00 4.377483e+00 -2.470644e+00 
3.624946e+00 -1.605528e+01 2.084466e+01 2.171506e+01 1.570367e+01 -1.264503e+01 -1.131972e+01 2.971561e+00 -1.857469e+01 -7.750571e+00 3.814278e+00 -3.076819e+00 
3.213032e+00 -1.256714e+01 2.128759e+01 1.899374e+01 1.498959e+01 -1.163238e+01 -1.262362e+01 5.235112e+00 -1.856869e+01 -6.923616e+00 5.817536e+00 -3.774912e+00 
3.155863e+00 -1.380523e+01 1.876713e+01 2.240245e+01 1.701429e+01 -1.279862e+01 -1.105949e+01 7.334976e+00 -2.332096e+01 -8.085883e+00 1.017859e+01 -8.263781e+00 
2.231867e+00 -1.282687e+01 2.002554e+01 2.397256e+01 2.075757e+01 -1.232379e+01 -1.176978e+01 7.245043e+00 -2.447383e+01 -5.985187e+00 1.183111e+01 -7.272505e+00 
-3.002316e+00 -1.454468e+01 2.225294e+01 2.447959e+01 2.095181e+01 -1.264503e+01 -7.116934e+00 4.262504e+00 -2.842259e+01 -7.099044e+00 9.455187e+00 -5.511823e+00 
-2.215625e+00 -8.353756e+00 1.754997e+01 2.584773e+01 2.043510e+01 -1.082856e+01 -4.217656e+00 8.443673e+00 -2.395877e+01 -1.165040e+01 9.625919e+00 -2.072073e+00 
-1.601908e+00 -1.298583e+01 2.033741e+01 3.103268e+01 1.632661e+01 -1.107567e+01 -8.453813e-01 3.595857e+00 -2.518826e+01 -7.499198e+00 8.843502e+00 -4.530848e+00 
-5.923823e+00 -2.004016e+01 1.903046e+01 2.487524e+01 1.554841e+01 -1.414317e+01 2.833242e-01 7.509131e+00 -2.456152e+01 -3.347547e+00 8.207788e+00 -3.492426e+00 
-2.643174e+00 -1.658183e+01 1.559137e+01 2.905362e+01 1.657427e+01 -1.458263e+01 2.702733e-01 8.517903e+00 -2.294297e+01 -1.008798e+01 4.257339e+00 -3.494803e+00 
-1.375185e+00 -1.257140e+01 2.259454e+01 3.354287e+01 1.524857e+01 -1.803919e+01 8.306712e-01 1.258440e+01 -2.108674e+01 -1.269320e+01 2.037819e+00 -4.351769e+00 
-7.746610e-01 -1.702087e+01 2.064018e+01 2.786502e+01 1.786226e+01 -1.505067e+01 3.758669e-01 8.645904e+00 -2.345203e+01 -3.655767e+00 4.084498e+00 -5.871566e+00 
5.969178e-01 -1.558881e+01 1.731941e+01 3.036441e+01 2.184441e+01 -1.443291e+01 5.562067e-01 1.169094e+00 -2.459890e+01 -4.551117e+00 4.924670e+00 -2.973809e+00 
-7.292186e-01 -1.067287e+01 2.305810e+01 3.121305e+01 1.946832e+01 -1.654687e+01 -3.279968e+00 8.459376e+00 -2.035200e+01 -6.462618e+00 3.856434e+00 -4.927834e+00 
-1.077122e+00 -7.597750e+00 2.278870e+01 2.962714e+01 1.668051e+01 -1.692044e+01 -6.270752e-01 1.145000e+01 -1.603171e+01 -1.612893e+01 2.344716e+00 2.481771e+00 
-2.461702e-02 -9.898886e+00 2.040415e+01 2.596493e+01 1.572944e+01 -9.885203e+00 -1.745894e+00 8.587376e+00 -1.409241e+01 -1.602589e+01 7.343587e+00 2.501581e+00 
6.272128e-01 -9.862457e+00 1.810273e+01 2.722833e+01 1.446408e+01 -7.797891e+00 -2.381829e+00 4.188749e+00 -1.233540e+01 -1.134974e+01 2.119602e+00 5.649885e-01 
-1.682737e-01 -1.108162e+01 2.081310e+01 2.515950e+01 9.689282e+00 -9.394869e+00 -7.860590e-01 8.147703e+00 -9.947497e+00 -8.897738e+00 -4.953417e-01 -2.795918e+00 
-1.453854e+00 -1.198003e+01 2.185673e+01 1.729729e+01 5.716567e+00 -2.893093e+00 5.082893e+00 5.887959e+00 -1.256293e+01 -8.111197e+00 -5.589065e+00 -6.637011e+00 
-6.249249e+00 -1.266555e+01 2.671745e+01 8.603049e+00 5.123174e+00 -5.612705e+00 4.529218e+00 8.378484e+00 -8.987536e+00 -6.575869e+00 -4.729080e+00 -5.548272e+00 
-1.077199e+01 -9.249326e+00 2.862630e+01 4.372298e+00 1.126391e+01 2.344851e-01 6.341166e-01 8.845755e+00 -7.131765e+00 -3.290255e+00 -3.174429e-01 -2.547901e+00 
-8.639617e+00 -1.821727e+00 1.650393e+01 8.460917e+00 6.672030e+00 8.112783e+00 4.682665e+00 8.833383e+00 1.822642e+00 -2.589875e+00 -5.543603e-01 -4.846614e+00 
-9.492272e+00 -2.745209e+00 6.163593e+00 3.924287e+00 1.450927e+00 4.205408e-01 3.379552e+00 3.023903e+00 -1.894439e+00 2.355867e+00 6.445596e-01 -6.108886e+00 
-1.002488e+01 -2.515758e+00 4.434339e+00 3.004992e+00 1.393725e+00 2.003953e+00 1.245927e+00 2.332513e+00 1.244357e+00 1.259774e+00 -8.254241e-01 -2.663986e+00 
-1.066156e+01 -2.686546e+00 3.496294e+00 3.447184e+00 2.979668e+00 1.783496e+00 1.483216e+00 1.512172e+00 -9.649378e-01 5.802674e-01 1.883106e+00 -4.409460e-01 
-1.168914e+01 -3.542375e+00 2.187522e+00 1.868756e+00 9.317087e-01 3.313891e-01 2.178473e+00 -1.870545e+00 -6.206440e-01 -1.768693e+00 -2.297937e+00 -4.496622e-01 
-1.308955e+01 -3.841372e+00 2.335570e+00 -1.808424e+00 -2.431899e+00 -8.343665e-01 -1.829340e+00 5.468674e-02 -2.827170e+00 -3.070415e+00 9.046628e-01 -3.185223e-01 
-1.309346e+01 -5.032153e+00 -1.805538e+00 -1.243215e+00 1.392468e+00 7.664883e-01 -1.743521e+00 -4.035123e+00 -4.113887e+00 -2.950946e+00 -2.123832e+00 1.723611e-01 
-1.433604e+01 -6.918858e+00 -2.381956e+00 -1.841671e+00 -1.064706e+00 1.508289e+00 8.409537e-01 1.143399e+00 -7.291012e-01 -2.548127e+00 6.964116e-01 -9.330179e-01 
-1.286576e+01 -4.808852e+00 -6.921414e-01 -1.284775e+00 -1.777532e+00 -1.768726e-01 -2.059115e+00 -7.751710e-01 -6.136267e+00 -4.572879e+00 -4.780577e-01 2.484301e-01 
-1.348632e+01 -6.067286e+00 -1.332875e+00 -2.749330e+00 -5.299545e+00 -3.294276e+00 -6.390895e-02 -4.025915e-01 -3.716057e+00 -6.241001e+00 -3.627962e+00 -1.857733e+00 
-1.405508e+01 -6.011461e+00 -2.109839e-01 1.461474e+00 -3.745100e-01 -2.992419e+00 -4.144492e+00 -3.747718e+00 -2.590410e+00 -2.495721e+00 -1.940453e+00 -3.736877e+00 
-1.309444e+01 -4.757758e+00 2.149587e-01 9.361623e-01 -1.161578e-01 -5.706217e+00 -6.318456e+00 -2.865042e+00 -3.117004e+00 -1.393410e+00 1.120924e+00 -4.792235e-02 
-1.429549e+01 -4.566627e+00 -1.479710e+00 -3.292096e+00 -1.939709e+00 -1.212292e+00 -3.341268e+00 -2.759882e+00 -2.844708e+00 -3.226301e+00 -4.789785e+00 -1.205203e+00 
-1.264832e+01 -5.035938e+00 -1.019789e+00 -2.939974e-01 -5.417160e-01 -1.547096e+00 -4.577940e+00 -2.937845e+00 -1.983512e+00 -1.960110e+00 -3.160873e+00 -3.586324e+00 
-1.431210e+01 -6.314715e+00 -2.425643e+00 -2.707770e+00 -2.760025e+00 4.239325e-01 -1.600356e+00 -2.631407e+00 -3.204232e+00 -3.320011e+00 -2.719920e+00 -2.568107e+00 
-1.331530e+01 -5.494367e+00 -2.219346e+00 -2.389425e+00 -2.243949e+00 -4.830894e-01 -1.291485e+00 -1.278605e+00 -4.498795e+00 -3.912026e+00 -2.001158e+00 -1.283649e+00 
-1.469860e+01 -5.987806e+00 -1.156310e+00 -1.805099e+00 -2.560760e+00 6.393395e-02 -2.284144e+00 -2.412998e+00 -3.130582e-03 -1.862847e+00 -1.928228e+00 -4.495983e+00 
-1.478460e+01 -5.738011e+00 -1.261278e+00 -3.589662e+00 -1.658728e+00 -1.436625e+00 -1.742334e+00 -6.676321e-01 -1.882225e-02 -2.930960e+00 -3.780989e+00 -3.328402e+00 
-1.489015e+01 -6.375271e+00 -2.500880e+00 -1.707019e+00 -4.416370e+00 -8.803959e-01 -6.036872e+00 -6.165440e+00 -4.477565e+00 -2.283431e+00 1.144953e+00 -4.615480e-01 
-1.421144e+01 -7.430274e+00 -3.161031e+00 -2.147549e+00 1.359085e-01 8.692065e-01 -4.070932e+00 -1.434204e+00 -4.674195e-01 2.268375e+00 2.120867e+00 3.395546e-01 
-1.431552e+01 -5.493894e+00 -6.084090e-01 4.573975e-01 -1.468264e+00 -1.435171e+00 -2.704937e+00 1.776737e+00 -3.143311e+00 -1.050548e+00 -7.470137e-01 -3.757083e+00 
-1.407072e+01 -4.712340e+00 -2.374068e+00 -2.407711e+00 -5.219085e+00 -2.844156e+00 -3.031210e+00 -1.412791e+00 -6.861799e-01 -5.513552e-01 -8.317475e-01 -2.487923e-01 
-1.470545e+01 -6.356820e+00 -2.488139e+00 6.535581e-01 -1.350156e-01 -5.984052e-01 -4.370312e+00 -3.947569e+00 -2.880706e+00 -3.937785e+00 -4.466869e+00 -1.950046e+00 
-1.660230e+01 -1.812602e+01 1.338884e+01 -1.401277e+01 -5.835736e+00 9.777110e+00 -4.566471e+00 -5.988429e+00 -9.877808e+00 5.465609e+00 2.619152e+00 -7.902452e+00 
-1.302554e+01 -2.366739e+01 2.574724e+01 -1.957509e+01 4.093469e-01 8.490709e+00 -8.601573e+00 -1.245171e+01 -2.377971e+01 9.729179e+00 -6.078919e+00 -1.774865e+01 
-1.387771e+01 -1.999427e+01 2.507010e+01 -1.286074e+01 7.216393e+00 5.683884e+00 -1.019141e+01 -1.675041e+01 -1.551250e+01 1.217718e+01 -4.290235e+00 -1.598559e+01 
-7.383355e+00 -2.143390e+01 1.591416e+01 -2.092826e+01 -8.842999e-01 -3.823372e+00 -8.511799e+00 5.861954e-01 -5.844125e+00 4.035980e+00 2.145672e-01 -3.889808e+00 
-1.527637e+00 -1.934471e+01 1.866519e+01 -1.401028e+01 1.044856e+00 -1.616382e+00 -9.424966e+00 -2.341456e-01 -8.707855e+00 1.985913e+00 1.045464e+00 -2.230154e+00 
5.195396e+00 -1.618207e+01 1.625394e+01 -6.209566e-02 1.623861e+01 -3.991985e+00 -1.387058e+01 -3.354987e-01 -2.180579e+01 -5.007674e+00 -2.846810e+00 -4.785600e+00 
9.381473e+00 -1.314101e+01 1.112382e+01 9.793841e-01 1.359537e+01 -7.795468e+00 -1.445075e+01 8.041282e-01 -2.090536e+01 -1.103574e+01 1.869195e+00 -4.966264e+00 
8.610417e+00 -1.094159e+01 8.601538e+00 4.773460e-01 1.301455e+01 -1.087120e+01 -1.504793e+01 4.663157e+00 -1.989463e+01 -8.172931e+00 3.483352e+00 -4.509454e+00 
8.544942e+00 -1.242616e+01 8.014805e+00 7.857171e-01 1.321067e+01 -1.328702e+01 -1.530934e+01 4.241091e+00 -2.163318e+01 -7.530286e+00 5.720155e+00 -5.977349e+00 
9.246122e+00 -1.009049e+01 7.328564e+00 -8.151529e-01 1.491416e+01 -2.005674e+01 -1.301752e+01 5.944583e+00 -2.475997e+01 -4.564441e+00 3.452157e+00 -6.360865e+00 
1.012321e+01 -1.053709e+01 6.504590e+00 -1.222432e-02 1.461180e+01 -2.197544e+01 -1.182594e+01 4.124987e+00 -2.470874e+01 -6.026934e+00 4.307926e+00 -5.611267e+00 
1.029179e+01 -7.900058e+00 4.617579e+00 -2.138406e+00 1.527937e+01 -2.148413e+01 -1.149492e+01 2.071755e+00 -2.812122e+01 -3.216975e+00 1.429928e+00 -3.555024e+00 
1.033185e+01 -1.016571e+01 6.529467e+00 -6.239794e-01 1.099550e+01 -1.935031e+01 -1.571906e+01 2.069852e+00 -2.305281e+01 -1.061471e+01 2.528095e+00 1.426709e+00 
9.343848e+00 -1.309796e+01 6.351080e+00 8.015097e-01 1.224515e+01 -2.163385e+01 -1.545172e+01 1.949465e+00 -2.648606e+01 -4.239788e+00 3.255288e+00 -7.091444e+00 
3.729023e+00 -8.283265e+00 6.667201e+00 4.752151e+00 1.004381e+01 -1.772523e+01 -1.395917e+01 -3.916164e+00 -2.415446e+01 -2.069808e+00 2.644867e+00 -4.215478e+00 
1.167607e+01 -1.127181e+01 -7.035167e+00 1.007675e+01 1.367080e+01 -1.468195e+01 -1.264103e+01 -4.232594e+00 -2.323742e+01 -7.747906e+00 2.233845e+00 1.648181e+00 
9.062887e+00 -8.373626e+00 -8.560551e+00 1.139252e+01 1.236207e+01 -1.241973e+01 -1.887540e+01 -1.352186e+01 -2.334818e+01 -1.623197e+01 9.404954e-01 8.215479e+00 
3.082080e+00 8.427466e-01 -1.503981e+00 2.671685e+00 3.554203e+00 -9.710776e+00 -1.641155e+01 -1.842392e+01 -1.863422e+01 -1.475748e+01 -9.110010e-01 5.083968e+00 
-1.421605e+00 3.616085e-01 1.080192e+00 4.841919e+00 4.199141e+00 -1.068079e+01 -1.709178e+01 -1.809750e+01 -1.478238e+01 -8.175152e+00 9.223683e-01 6.359314e+00 
-2.928045e+00 1.137958e+00 3.090375e+00 5.685576e+00 6.130182e+00 -3.986655e+00 -1.278261e+01 -1.285379e+01 -1.277154e+01 -6.285413e+00 -7.668271e-01 3.061798e+00 
-4.549801e+00 8.138878e-01 3.205051e+00 3.220270e+00 2.045578e+00 -2.885825e+00 -1.208577e+01 -1.464912e+01 -1.310568e+01 -9.429796e+00 -2.243134e+00 4.487301e+00 
