-3.024048e+00 9.087601e-01 2.719477e+01 1.542259e+01 2.125881e+01 -2.054787e+01 5.100529e+00 1.043008e+01 -2.218281e+01 -8.681591e+00 3.977356e+00 -9.401309e+00 
6.183599e-02 6.223648e-01 2.300740e+01 1.991870e+01 2.190342e+01 -2.019774e+01 3.181102e+00 3.776535e+00 -2.086564e+01 -1.488221e+01 5.961134e+00 -5.143749e+00 
1.923377e+00 1.928062e+00 1.755138e+01 1.941494e+01 1.650758e+01 -1.376589e+01 2.052228e+00 -1.677699e+00 -1.180118e+01 -8.811007e+00 5.160958e+00 -1.044943e-01 
2.468371e+00 6.970795e+00 1.532852e+01 2.347646e+01 1.398682e+01 -6.064658e+00 -9.405779e-01 1.852866e+00 -7.889826e+00 -4.342938e+00 4.262753e+00 2.707333e+00 
2.192087e+00 1.344671e+01 1.621074e+01 1.576917e+01 8.818929e+00 2.321625e+00 -2.374185e+00 -3.252875e+00 -4.384054e+00 1.797825e+00 6.280818e+00 2.691765e+00 
1.580904e+00 2.646467e+00 1.598812e+01 1.582575e+01 9.109831e-01 1.928746e+00 6.980038e+00 -2.044444e+00 -4.766618e+00 8.114916e+00 -1.347166e+00 -4.014767e+00 
-2.930197e+00 -1.108420e+01 1.793230e+01 -4.571405e+00 6.608074e+00 -1.469334e+01 8.310445e+00 -1.479750e+01 -4.364460e+00 1.836110e+00 -2.965385e+00 3.579742e+00 
1.398471e+00 -1.145941e+01 1.477336e+01 -3.004328e+00 1.307155e+01 -1.444860e+01 4.489603e+00 -1.804649e+01 -7.716913e+00 -8.378004e+00 -3.986248e+00 2.908221e+00 
6.198039e+00 -8.753155e+00 5.570799e+00 -2.369323e+00 1.503252e+01 -1.799270e+01 -4.693618e-01 -1.278518e+01 -6.547179e+00 -2.227453e+01 6.247980e+00 -2.372937e+00 
6.836554e+00 -1.054041e+01 4.729805e+00 -7.619112e+00 1.392450e+01 -1.876616e+01 1.866273e+00 -8.642797e+00 -6.091140e+00 -1.710708e+01 7.768168e+00 4.770398e+00 
6.259618e+00 -9.326550e+00 3.424342e+00 -1.099139e+01 1.166805e+01 -1.949161e+01 2.884158e+00 -5.636712e+00 -4.236613e+00 -1.961234e+01 1.376634e+01 3.507291e+00 
6.138435e+00 -8.562829e+00 8.128648e-01 -1.332472e+01 1.221975e+01 -1.941491e+01 1.653544e+00 -2.265620e+00 -9.409819e-01 -1.991755e+01 1.794638e+01 -9.760841e-02 
7.189236e+00 -9.132599e+00 3.687323e-01 -1.459080e+01 1.138989e+01 -2.113456e+01 2.255708e+00 1.547825e+00 -5.829077e+00 -1.469186e+01 1.647400e+01 -3.128665e-01 
6.877388e+00 -9.621404e+00 9.178516e-01 -1.671744e+01 1.258621e+01 -1.976387e+01 -9.960724e-01 6.539943e-01 -2.880251e+00 -1.682506e+01 1.861714e+01 -2.132531e+00 
6.051829e+00 -8.630501e+00 -6.959764e-01 -1.181187e+01 9.384482e+00 -1.978085e+01 3.641122e+00 -4.720721e+00 6.162135e-01 -2.025457e+01 2.026964e+01 -1.078096e+00 
5.429449e+00 -7.996685e+00 -5.805459e-01 -1.007740e+01 1.166055e+01 -2.156022e+01 2.622750e+00 -2.743170e+00 -4.479573e+00 -1.740473e+01 2.248280e+01 -1.948110e+00 
5.806499e+00 -9.367636e+00 1.188289e+00 -8.935489e+00 1.441099e+01 -2.146654e+01 2.413429e+00 -7.147786e-01 -4.622116e+00 -2.206530e+01 2.338825e+01 2.549258e+00 
5.064913e+00 -7.772523e+00 1.868779e+00 -5.998593e+00 1.545380e+01 -1.908819e+01 2.847649e+00 -5.276920e+00 -3.611579e+00 -2.722305e+01 2.651072e+01 -8.892623e-02 
5.608919e+00 -6.018502e+00 1.067911e+00 -1.719387e+00 1.996611e+01 -2.199116e+01 2.287836e+00 -4.377007e+00 -7.163886e+00 -2.609929e+01 2.263878e+01 1.343633e+00 
6.186184e+00 -2.508649e+00 -1.097235e+00 3.539833e+00 2.240665e+01 -2.637313e+01 2.535127e+00 -7.164089e+00 -5.916268e+00 -1.992671e+01 2.022038e+01 7.676154e-01 
5.270067e+00 2.128659e+00 1.681031e-01 4.138686e+00 1.221860e+01 -5.228548e+00 1.959738e+00 -3.580077e+00 -4.972839e+00 -1.113132e+01 1.289615e+01 5.356296e+00 
5.196633e+00 1.969752e+00 2.645461e+00 7.549477e+00 5.914405e+00 6.177856e-01 1.461748e+00 -7.438922e-01 -8.401707e+00 -8.830958e+00 7.950707e+00 2.141794e+00 
3.533332e+00 -1.756918e+01 -6.354818e+00 2.260393e+00 9.692652e+00 -1.981833e+01 8.660936e+00 1.036382e+00 -6.913088e+00 7.012847e-02 -2.686265e+00 9.029376e-01 
-2.236688e+00 -1.473302e+01 6.876812e+00 1.756634e+00 1.711584e+01 -2.617698e+01 1.396455e+01 -6.739552e+00 -1.060013e+00 1.134570e+00 -4.687911e+00 1.263398e+00 
-8.381448e-01 -4.701930e+00 7.966805e+00 9.763348e+00 2.644344e+01 -2.473077e+01 1.364083e+01 -1.099274e+01 -8.841091e+00 -4.256122e+00 -2.167141e+00 -6.370930e+00 
3.493161e-01 -3.150924e+00 6.247991e+00 1.646783e+01 2.769458e+01 -2.660206e+01 1.371239e+01 -6.600502e+00 -1.336475e+01 -1.085038e+01 7.084373e+00 -1.309273e+01 
4.655595e-01 -4.994971e+00 8.311997e+00 1.423824e+01 3.073703e+01 -2.673380e+01 6.208958e+00 -2.651918e+00 -2.065991e+01 -7.758428e+00 9.673233e+00 -1.226313e+01 
-1.521775e+00 -4.699513e+00 1.126647e+01 1.533928e+01 2.957764e+01 -2.655581e+01 9.835568e+00 -6.566175e+00 -1.744657e+01 -9.845252e+00 9.746634e+00 -1.107517e+01 
-1.582037e+00 -5.585888e+00 1.020121e+01 2.074861e+01 2.994295e+01 -2.621387e+01 1.050734e+01 -8.993030e+00 -1.577769e+01 -1.104882e+01 9.847079e+00 -7.869354e+00 
-1.973247e+00 -6.536914e+00 1.292152e+01 2.092544e+01 3.200203e+01 -2.969825e+01 6.384203e+00 -1.218835e+00 -1.850805e+01 -1.331952e+01 8.767784e+00 -6.261055e+00 
-1.242198e+00 -8.049251e+00 1.584246e+01 1.982911e+01 3.005202e+01 -2.783281e+01 2.896815e+00 1.738584e+00 -2.112427e+01 -9.536272e+00 9.029519e+00 -7.858875e+00 
1.770960e-02 -8.118735e+00 1.567976e+01 1.798068e+01 2.934161e+01 -2.347953e+01 -2.336702e+00 2.893568e+00 -2.274466e+01 -6.936640e+00 7.403574e+00 -6.005680e+00 
1.401764e+00 -7.019678e+00 1.907836e+01 1.910844e+01 2.099623e+01 -2.422781e+01 -2.342056e+00 9.858666e+00 -2.767831e+01 -5.597729e+00 8.278117e+00 -6.132919e+00 
4.428377e-01 -8.377337e+00 2.211144e+01 2.349532e+01 1.854703e+01 -2.736147e+01 -3.549791e+00 8.896615e+00 -2.590607e+01 -4.736577e+00 4.427907e+00 -4.735388e+00 
-5.065383e-01 -9.420807e+00 1.669225e+01 2.304657e+01 2.316899e+01 -1.855128e+01 -1.263809e+00 6.439341e+00 -2.488819e+01 -8.854684e+00 1.760817e+00 -4.145898e+00 
-4.676807e-01 -8.754968e+00 1.694125e+01 2.797886e+01 2.148503e+01 -2.222888e+01 6.327386e-01 5.604607e+00 -2.358326e+01 -5.160412e+00 1.895548e+00 -1.420592e+00 
-3.375083e+00 -6.295835e+00 1.335796e+01 2.051677e+01 1.785336e+01 -1.765193e+01 5.261657e+00 7.427465e+00 -1.688276e+01 -5.598807e+00 -9.024100e-01 1.628049e+00 
1.073779e+00 -1.162496e+01 1.327496e+01 3.478551e+01 1.908489e+01 -1.991376e+01 2.657313e+00 2.540728e+00 -2.176890e+01 -8.751691e+00 2.341753e+00 1.853187e+00 
-1.273811e+00 -1.382549e+01 1.548243e+01 3.133856e+01 1.729300e+01 -1.932123e+01 6.254716e+00 6.329839e+00 -2.100965e+01 -4.502551e+00 4.417766e+00 -2.647174e+00 
7.092426e-01 -1.189202e+01 1.685440e+01 3.172444e+01 2.010115e+01 -1.699382e+01 2.810166e+00 1.394001e+00 -2.616471e+01 -4.413038e+00 1.066398e+00 3.771379e-02 
3.285747e-02 -1.284667e+01 1.862489e+01 2.934317e+01 2.025408e+01 -1.649379e+01 3.943908e+00 4.063116e-01 -2.272017e+01 -2.438914e+00 9.611245e-01 -3.894414e+00 
-1.169751e+00 -8.039583e+00 1.815107e+01 2.800007e+01 2.159295e+01 -1.629472e+01 7.837282e+00 4.069843e+00 -2.108019e+01 -4.567258e+00 2.037039e+00 -4.450073e+00 
-9.985146e-01 -4.002860e+00 1.719575e+01 2.269449e+01 1.902949e+01 -1.450832e+01 4.788494e+00 7.685577e+00 -1.607208e+01 -6.477754e+00 7.864266e+00 -2.733476e-01 
-1.999262e+00 -6.226955e+00 1.950766e+01 2.820598e+01 1.930880e+01 -2.055607e+01 6.366679e+00 6.417615e+00 -1.314824e+01 -9.115672e+00 8.746843e-01 -1.168480e-02 
-2.117810e+00 -8.570080e+00 2.005403e+01 2.933846e+01 1.704428e+01 -2.057891e+01 6.091640e+00 6.475842e+00 -1.192462e+01 -5.789156e+00 -5.136047e+00 -7.029657e-01 
-2.772791e+00 -1.039419e+01 1.988198e+01 2.355740e+01 1.180194e+01 -1.077686e+01 9.003152e+00 4.374450e+00 -1.088715e+01 -7.473714e+00 -1.006235e+00 -2.368147e+00 
-6.261739e+00 -1.173614e+01 2.705681e+01 1.537936e+01 7.293087e+00 -6.379078e+00 7.075937e+00 2.909645e+00 -9.233941e+00 -7.942845e+00 -1.340889e+00 -2.721721e+00 
-9.316010e+00 -1.123887e+01 2.813966e+01 1.180589e+01 2.525697e+00 -1.493569e+00 9.361918e+00 2.658921e+00 -9.120815e-01 -6.351857e-01 -1.547090e+00 1.664574e+00 
-8.400882e+00 -5.003430e+00 1.957417e+01 1.125812e+01 -4.486549e-01 6.564827e+00 8.341113e+00 7.526329e-01 -2.377677e+00 -9.204389e-01 -3.160479e+00 2.263046e+00 
-8.537870e+00 -3.155758e+00 6.274375e+00 8.276431e+00 2.785968e+00 4.023706e+00 4.156636e+00 2.012773e+00 9.493034e-01 -1.413296e+00 -2.260342e+00 2.038507e+00 
-9.028859e+00 -2.857278e+00 2.418997e+00 1.893380e+00 3.217682e-01 2.771297e+00 6.447000e+00 3.536239e+00 1.518985e+00 3.205218e+00 -1.505252e-01 -2.046907e+00 
-9.913692e+00 -1.440407e+00 4.502792e+00 4.058525e+00 3.233794e+00 3.298843e+00 4.770483e+00 2.314772e+00 1.299048e+00 3.351888e+00 2.855389e-01 -1.312215e+00 
-1.083080e+01 -3.016185e+00 4.594277e-01 1.432059e+00 1.014283e+00 2.610867e+00 5.173548e+00 5.655882e+00 3.785956e+00 4.049909e-01 -1.765363e+00 -1.307125e+00 
-1.088612e+01 -3.155153e+00 1.022838e+00 -1.182619e+00 -1.049989e+00 -4.823907e-01 -1.573272e-01 3.715700e+00 4.422746e+00 2.962564e+00 -9.246236e-01 -2.364555e+00 
-1.157436e+01 -3.602873e+00 -9.971949e-01 9.210493e-02 1.668710e+00 1.489612e+00 3.360242e+00 3.952085e+00 2.816566e+00 -8.956343e-01 2.316642e+00 -2.286715e+00 
-1.251287e+01 -5.065664e+00 -4.656651e-01 -3.306112e+00 -1.190223e+00 1.087366e+00 4.335776e+00 5.134010e+00 4.379150e+00 1.343792e+00 1.300607e+00 2.565425e+00 
-1.105768e+01 -2.755167e+00 1.302070e+00 4.347558e-01 1.787592e+00 3.335145e+00 3.821723e+00 3.514513e+00 3.066358e-01 1.583211e+00 3.188595e-01 2.303762e+00 
-1.093518e+01 -3.538826e+00 8.018714e-01 -1.569280e+00 1.561947e+00 1.536453e+00 2.968374e+00 1.284933e+00 -1.444535e+00 3.400419e+00 3.072697e-01 -1.043067e+00 
-1.027559e+01 -3.071168e+00 -5.836045e-02 -1.610147e+00 -3.361835e+00 -2.458440e-01 -1.636206e+00 1.675577e+00 7.592462e-01 7.312257e-01 4.022266e+00 -8.424793e-01 
-1.190070e+01 -3.881413e+00 1.309651e-02 -5.617610e-01 4.856634e-01 3.138999e+00 2.684086e+00 5.765384e+00 1.957390e+00 -1.989734e+00 2.401458e-01 -3.505891e-01 
-1.148676e+01 -4.154516e+00 -2.072897e+00 -3.485296e+00 -3.184089e+00 -1.793937e+00 -2.679404e+00 -1.192328e+00 -2.801877e+00 -1.883506e+00 -9.733971e-01 -1.631738e-01 
-1.117557e+01 -2.683266e+00 -6.157247e-01 -1.529986e+00 -2.926128e+00 -1.720695e-01 1.400412e+00 7.289285e+00 4.175377e+00 -7.052857e-01 -1.684718e+00 2.362063e-01 
-1.122826e+01 -4.103762e+00 -1.361076e+00 1.292955e+00 -1.736156e+00 -1.395789e+00 -1.938367e-01 2.229395e-01 2.844977e+00 6.072026e-01 -2.182111e+00 -8.002660e-01 
-1.266961e+01 -5.180464e+00 -1.168692e+00 -2.131982e+00 -2.213414e+00 8.373525e-01 3.789107e+00 5.491194e+00 1.892242e+00 3.969025e-01 -2.833068e+00 -3.894713e+00 
-1.196063e+01 -4.717035e+00 -1.518831e+00 -1.815266e+00 -1.337960e+00 -1.441459e+00 -9.501766e-02 4.089188e-01 -1.691904e+00 2.455147e+00 -8.629870e-02 -1.191563e+00 
-1.196458e+01 -2.705017e+00 6.204807e-01 1.913813e+00 1.904165e+00 2.730897e+00 -8.729136e-01 1.278416e+00 -3.258896e+00 -1.657029e+00 2.638082e-01 5.634345e-01 
-1.254975e+01 -3.521304e+00 -3.719705e+00 -3.483724e+00 -2.092801e+00 1.551091e+00 2.204595e+00 1.447883e+00 1.662508e+00 2.964181e+00 2.036556e+00 1.390636e+00 
-1.304469e+01 -3.939417e+00 -1.334142e+00 1.204149e+00 1.383625e+00 9.983682e-01 1.006109e+00 4.669062e+00 1.705124e+00 -5.499872e-01 4.159236e-01 1.169391e+00 
-1.113408e+01 -2.149749e+00 1.529518e-02 1.997904e+00 1.148747e+00 5.137935e+00 1.220298e+00 6.683338e-01 2.196431e+00 1.467815e+00 -2.099534e+00 -2.527720e+00 
-1.254218e+01 -3.983525e+00 -3.469366e-01 -2.898408e-01 -3.464558e+00 1.702739e+00 -3.222666e+00 -3.885552e+00 -2.309590e+00 -5.499872e-01 -2.090359e+00 -1.563998e+00 
-1.279969e+01 -4.808875e+00 -2.736347e+00 -2.346532e+00 -1.036139e+00 1.202712e+00 -5.402527e+00 -2.988245e+00 -2.949808e+00 -1.004020e+00 1.324753e+00 -2.646655e-01 
-1.055089e+01 -1.456928e+01 -7.882348e+00 -3.519266e-01 3.693740e+00 8.672668e+00 6.099429e+00 5.117063e+00 2.435472e+00 -7.354827e-01 -3.952445e+00 -2.031039e+00 
-2.712528e+00 -2.614956e+01 1.285580e+00 -1.573192e+01 -5.817378e+00 -7.697650e+00 -4.708847e+00 -4.606439e+00 -8.088700e+00 -1.025589e+00 -1.469825e+00 -2.910035e+00 
-1.950191e-01 -2.018782e+01 9.976945e+00 -9.476186e+00 6.289517e+00 -3.644153e+00 1.514322e+00 -7.341812e+00 -2.450663e+00 -3.586397e+00 -2.511936e+00 -5.665278e+00 
6.139094e+00 -8.924147e+00 1.028696e+01 -2.293877e+00 1.419746e+01 -9.011539e+00 -5.419078e+00 -1.484747e+01 -9.651773e+00 -7.615531e+00 -3.091906e+00 -2.254680e+00 
7.709862e+00 -1.001293e+01 5.896203e+00 -7.794544e-01 1.684575e+01 -1.716010e+01 -4.395351e+00 -1.054561e+01 -1.020284e+01 -1.806151e+01 2.204608e+00 -4.622598e-01 
7.656515e+00 -1.420313e+01 -1.310506e+00 1.757420e+00 2.115839e+01 -2.534790e+01 -1.216103e+00 -7.966668e+00 -7.365699e+00 -2.132332e+01 8.335583e+00 2.378908e+00 
8.152443e+00 -8.146528e+00 1.817110e+00 -2.741052e+00 1.936189e+01 -1.948693e+01 -7.285444e+00 -9.961165e+00 -1.055944e+01 -2.053119e+01 8.954185e+00 -2.264859e+00 
7.920615e+00 -6.597939e+00 7.644939e-01 1.048541e+00 1.818924e+01 -2.086756e+01 -9.226776e+00 -9.189004e+00 -8.605479e+00 -2.208472e+01 9.763053e+00 -1.895118e+00 
6.544793e+00 -5.604619e+00 2.722964e+00 -1.330368e+00 1.788453e+01 -2.431447e+01 -7.515211e+00 -8.764032e+00 -1.484994e+01 -1.638505e+01 1.026045e+01 -3.724363e+00 
8.535749e+00 -6.432990e+00 2.960421e+00 -1.411315e+00 1.645448e+01 -2.709624e+01 -1.087555e+01 -3.192475e+00 -1.421853e+01 -2.002701e+01 9.905993e+00 -5.987796e-01 
7.660137e+00 -8.397880e+00 4.374719e+00 8.575681e-01 1.824983e+01 -2.383962e+01 -1.793697e+01 -4.578629e+00 -1.459179e+01 -1.046051e+01 7.617019e+00 -4.386084e-01 
7.527429e+00 -9.254045e+00 9.107059e-01 1.988473e+00 1.989109e+01 -1.798450e+01 -1.324623e+01 -1.294878e+00 -1.637235e+01 -1.201404e+01 6.161057e+00 -1.215592e-01 
7.390110e+00 -8.811159e+00 -2.429082e+00 6.318763e+00 1.941556e+01 -1.602597e+01 -1.476113e+01 -2.517648e+00 -1.529667e+01 -8.534921e+00 2.461514e+00 5.692804e+00 
7.740487e+00 -1.806282e+01 -3.814248e+00 8.712604e+00 9.059577e+00 -1.336306e+01 -1.381627e+01 -5.455513e+00 -1.465988e+01 -9.267735e+00 5.927814e+00 1.324472e+00 
3.379877e+00 -1.120564e+01 -3.640553e+00 1.107029e+01 1.175462e+01 -1.044077e+01 -1.614071e+01 -1.213382e+01 -1.700473e+01 -1.015747e+01 3.768257e+00 6.527192e+00 
-7.433060e-01 -1.630733e+00 -1.101082e+00 3.476175e+00 2.417781e+00 -6.103302e+00 -1.214851e+01 -1.238889e+01 -1.306839e+01 -1.106931e+01 -1.234649e+00 5.356296e+00 
-1.565242e+00 -2.434675e-01 7.573482e-01 5.157994e+00 4.447427e+00 -5.854460e+00 -1.413950e+01 -1.382328e+01 -1.144899e+01 -8.938265e+00 1.866091e+00 5.709570e+00 
