-1.750616e+01 -2.809677e+01 2.037747e+01 6.025140e+00 -8.260701e+00 -9.900459e+00 -4.340963e+00 1.530483e+01 -1.312963e+01 -1.095365e+00 -5.748276e+00 -6.620864e+00 
-1.755272e+01 -2.901240e+01 2.252085e+01 9.698543e+00 -4.040503e+00 -1.269318e+01 -5.523510e+00 2.011446e+01 -1.741055e+01 -6.238874e+00 -5.636559e+00 -8.748406e+00 
-1.043824e+01 -1.747922e+01 1.981826e+01 2.345190e+01 -7.124289e-01 -9.910175e+00 4.049184e+00 1.581952e+01 -6.875706e+00 -2.140284e+00 -4.113117e+00 -2.602576e+00 
-1.691700e+00 -6.832246e+00 2.590588e+01 3.342746e+01 3.582345e+00 -1.876200e+01 6.144032e+00 1.029656e+01 -1.949235e+01 -4.003441e+00 -9.520868e-01 -5.266296e+00 
1.795055e-01 -7.973370e+00 2.680135e+01 3.490490e+01 1.443031e+01 -3.026507e+01 9.037141e+00 6.408257e+00 -3.166776e+01 -4.496523e-01 -4.941973e+00 -4.097684e+00 
2.073143e+00 -6.503208e+00 2.073043e+01 3.122083e+01 1.757194e+01 -2.236479e+01 4.936955e+00 1.960283e+00 -2.806573e+01 -2.986636e+00 -1.615102e+00 -2.324431e+00 
1.152566e+00 -8.131581e+00 2.416872e+01 2.968167e+01 1.741166e+01 -2.040582e+01 3.339570e+00 1.726673e+00 -2.359879e+01 -3.185795e+00 -3.961501e+00 -3.931611e+00 
5.058343e-01 -7.331060e+00 2.313906e+01 2.447597e+01 1.639432e+01 -1.516407e+01 -1.080351e+00 6.255223e+00 -1.754091e+01 -3.120987e+00 -1.891965e+00 -1.911396e+00 
8.969209e-01 -1.769466e+00 1.736316e+01 2.120259e+01 8.067453e+00 -8.664713e+00 3.124835e+00 8.180950e+00 -1.322238e+01 -1.293932e+00 2.198188e+00 4.710178e-01 
-3.736873e-01 5.433643e+00 1.557327e+01 2.133137e+01 8.159838e+00 -3.283298e+00 2.183853e-01 2.203264e+00 -8.585970e+00 -3.624950e+00 3.510687e+00 2.444688e+00 
-2.204694e-01 1.366389e+00 1.299390e+01 1.409885e+01 5.136158e-01 2.777019e+00 1.138760e+01 7.937345e+00 -6.623003e+00 2.071647e+00 -5.073013e-01 -3.913987e+00 
-4.387404e+00 -1.209319e+01 1.435564e+01 -7.773169e+00 -2.026436e-01 -1.253834e+01 1.410170e+01 -1.660683e+00 -5.561546e+00 4.955753e+00 -4.432308e+00 -1.392723e-01 
-7.655346e+00 -1.798224e+01 1.669065e+01 -8.413976e+00 6.836956e+00 -2.122742e+01 -1.467218e+00 -2.081989e+01 -3.959082e+00 2.663205e+00 -1.472854e+00 -2.530272e+00 
-9.040244e-01 -1.021882e+01 1.375100e+01 -3.941279e+00 9.915146e+00 -6.472555e+00 5.608701e+00 -1.661802e+01 -7.455321e+00 -1.424732e+00 -1.821188e+00 2.625674e+00 
6.656137e+00 -1.089950e+01 7.931762e+00 -7.374664e+00 1.139163e+01 -1.116049e+01 3.201434e+00 -1.897474e+01 -2.524587e+00 -1.302951e+01 4.902637e+00 5.513762e+00 
6.902894e+00 -1.090581e+01 7.372551e+00 -1.096425e+01 1.065534e+01 -8.934937e+00 1.982739e+00 -1.374348e+01 -3.110719e+00 -1.207041e+01 9.901791e+00 5.328935e+00 
5.590383e+00 -1.092946e+01 7.983976e+00 -1.449517e+01 9.046953e+00 -8.047144e+00 1.125091e+00 -8.393544e+00 -5.443216e+00 -5.814219e+00 1.078859e+01 3.326795e+00 
7.912354e+00 -1.137466e+01 5.710061e+00 -1.502930e+01 9.483832e+00 -6.420939e+00 -1.681092e+00 -2.860593e+00 -5.663329e+00 -5.191885e+00 1.081461e+01 1.638952e+00 
9.792448e+00 -1.139306e+01 3.027833e+00 -1.222453e+01 8.245544e+00 -1.064616e+01 -1.099286e+00 -2.235340e+00 -7.297381e+00 -5.229763e+00 1.316309e+01 3.930985e+00 
9.692137e+00 -1.357018e+01 5.255800e+00 -9.772548e+00 6.876470e+00 -1.237681e+01 2.282679e+00 2.586160e+00 -1.619517e+01 -3.244980e+00 1.442944e+01 1.772036e+00 
9.181270e+00 -1.177098e+01 2.790781e+00 -9.535579e+00 1.226706e+01 -1.202218e+01 -3.113511e-01 1.879706e+00 -1.533477e+01 -5.804158e+00 1.632065e+01 -1.677419e-01 
8.127790e+00 -9.601743e+00 1.598738e+00 -8.479505e+00 1.853029e+01 -1.241749e+01 -2.967779e+00 1.954662e+00 -1.586274e+01 -1.099857e+01 1.558547e+01 2.136041e+00 
9.660816e+00 -1.022250e+01 2.338087e+00 -6.158578e+00 2.051378e+01 -1.774304e+01 -1.807179e+00 6.503825e+00 -2.076991e+01 -8.738276e+00 1.161571e+01 2.165640e+00 
9.543152e+00 -8.873758e+00 2.884766e+00 -9.658301e-01 2.207430e+01 -1.732344e+01 -5.112545e+00 3.506237e+00 -1.715283e+01 -9.702110e+00 1.094020e+01 2.000245e+00 
9.629918e+00 -7.518182e+00 8.964608e-01 6.406119e+00 1.877628e+01 -1.218492e+01 -6.071751e+00 -4.139261e-01 -1.260968e+01 -4.640573e+00 7.767375e+00 8.442866e-01 
7.033679e+00 -4.047507e+00 4.275799e-01 9.466908e+00 1.454996e+01 -2.414936e+00 -4.093092e+00 1.072688e+00 -1.000793e+01 -3.617256e+00 5.103866e+00 2.843715e+00 
5.118032e+00 -3.799414e+00 3.369833e+00 1.319060e+01 1.013887e+01 -3.609389e+00 -2.697101e+00 3.661144e+00 -1.110599e+01 -8.444123e+00 5.944865e+00 6.058979e+00 
3.538872e+00 -1.243589e+01 6.326707e+00 1.713069e+01 1.354876e+01 -1.024659e+01 -1.979741e+00 3.898503e+00 -6.410912e+00 -2.638330e+00 1.825567e+00 9.816640e-01 
5.700429e+00 -1.137834e+01 9.709124e+00 1.412933e+01 2.284510e+01 -1.922715e+01 -5.573428e+00 7.290855e+00 -1.745668e+01 -5.021430e+00 1.255187e+00 -1.336235e-01 
4.109418e+00 -1.157124e+01 1.309728e+01 1.128265e+01 2.821120e+01 -1.752990e+01 -8.825864e+00 8.365840e+00 -1.580357e+01 -9.234545e+00 -8.525131e-01 9.728519e-01 
4.979628e+00 -1.046218e+01 1.673712e+01 1.562353e+01 2.647482e+01 -1.396536e+01 -7.918728e+00 4.611828e+00 -1.230834e+01 -1.035167e+01 1.795036e+00 3.680633e+00 
3.737801e+00 -1.237597e+01 1.743365e+01 1.578659e+01 2.744987e+01 -1.432121e+01 -1.097924e+01 2.744191e+00 -1.530669e+01 -1.223347e+01 5.484466e+00 1.877554e+00 
2.959437e+00 -1.443115e+01 1.869461e+01 1.715736e+01 2.317068e+01 -1.353058e+01 -7.717764e+00 -8.086908e-01 -1.901853e+01 -6.382399e+00 2.271394e+00 -8.607295e-01 
2.685592e+00 -1.142775e+01 1.867007e+01 1.518541e+01 2.258019e+01 -1.264703e+01 -1.092846e+01 6.435740e+00 -2.016221e+01 -7.140861e+00 2.942389e+00 -1.276477e+00 
3.459723e+00 -1.308398e+01 1.839282e+01 1.566696e+01 2.611752e+01 -1.456654e+01 -9.356892e+00 3.795439e+00 -2.189755e+01 -5.487812e+00 2.560400e+00 -2.076791e+00 
3.055516e+00 -1.117230e+01 1.938332e+01 1.525474e+01 2.565393e+01 -1.394411e+01 -1.252326e+01 5.509418e+00 -2.059743e+01 -5.902997e+00 5.456017e+00 -2.511292e+00 
2.563694e+00 -8.155760e+00 2.038478e+01 1.003533e+01 2.502115e+01 -1.134753e+01 -1.227926e+01 4.471911e+00 -2.092634e+01 -3.627318e+00 6.490612e+00 -3.922122e+00 
2.914572e+00 -1.261986e+01 1.806230e+01 2.050007e+01 2.189677e+01 -1.477057e+01 -7.768543e+00 5.612481e+00 -2.143526e+01 -6.078778e+00 5.390444e+00 -2.918227e+00 
2.702945e+00 -1.282538e+01 1.886118e+01 2.637629e+01 1.728588e+01 -1.324517e+01 -5.625928e+00 5.201476e+00 -1.991603e+01 -6.650805e+00 3.800735e+00 -3.290366e+00 
2.053250e+00 -1.430342e+01 1.475664e+01 2.935707e+01 1.774948e+01 -1.680363e+01 -1.137585e+00 2.431877e+00 -2.253633e+01 -4.144598e+00 5.103866e+00 -2.625170e+00 
1.823424e+00 -1.530052e+01 1.712611e+01 3.174734e+01 1.319202e+01 -1.415240e+01 1.441814e+00 -1.522016e+00 -2.056233e+01 -1.833112e+00 1.942142e+00 -5.022722e+00 
8.639070e-01 -1.591813e+01 1.744879e+01 3.157056e+01 1.532243e+01 -1.264157e+01 2.002104e+00 -2.841229e+00 -2.001330e+01 -4.816124e-01 1.545582e+00 -1.458592e+00 
1.296896e+00 -1.261355e+01 1.677471e+01 2.833986e+01 1.820917e+01 -1.269379e+01 2.487086e+00 -3.477100e+00 -2.014316e+01 -7.648820e-02 4.915579e-01 -5.950127e-01 
4.050998e-01 -1.165639e+01 1.859750e+01 2.881456e+01 2.428263e+01 -1.930063e+01 -2.688065e+00 1.426851e+00 -2.106473e+01 -4.547060e+00 2.338008e+00 -1.510216e-01 
1.560160e+00 -1.123169e+01 1.741955e+01 2.566767e+01 1.974131e+01 -1.559582e+01 -1.880765e+00 1.163827e-01 -2.166440e+01 -5.091861e+00 7.462167e-01 -2.034990e+00 
7.424332e-01 -1.055364e+01 2.010021e+01 2.814480e+01 2.295919e+01 -2.176362e+01 -3.427372e+00 7.486364e+00 -2.414681e+01 -5.053982e+00 4.853129e-01 -3.579808e+00 
6.988277e-02 -1.158123e+01 2.170005e+01 2.538498e+01 1.938680e+01 -1.934253e+01 -1.830417e+00 7.217149e+00 -1.917296e+01 -2.037597e+00 2.694669e+00 -4.626633e+00 
3.754721e-01 -1.000279e+01 2.034144e+01 1.983107e+01 2.422252e+01 -1.590430e+01 3.876622e+00 2.626137e+00 -1.903457e+01 -2.572997e-01 -3.113217e+00 -2.247383e+00 
1.964357e-01 -1.075653e+01 1.800644e+01 2.499562e+01 2.603349e+01 -1.896907e+01 -1.057544e+00 2.522448e+00 -1.540948e+01 -5.313807e+00 1.121960e+00 2.057184e+00 
-7.385321e-01 -1.229818e+01 2.138781e+01 2.164910e+01 2.259466e+01 -1.517500e+01 -7.537305e-01 6.121552e+00 -1.831507e+01 -6.417319e+00 -4.202177e-01 -3.891726e-01 
-1.470338e+00 -1.189818e+01 2.342154e+01 2.132527e+01 2.279112e+01 -1.724874e+01 2.339913e+00 2.697344e+00 -1.784175e+01 -7.303916e+00 -8.372475e-01 1.090464e-01 
-6.551511e-01 -1.226927e+01 2.361473e+01 2.249411e+01 1.879854e+01 -1.856040e+01 -3.766112e-02 7.187167e+00 -1.233491e+01 -9.995966e+00 1.562582e+00 -2.126951e+00 
5.113366e-01 -1.148084e+01 2.168282e+01 2.091153e+01 2.062564e+01 -1.274966e+01 -4.084916e+00 1.163827e-01 -1.476518e+01 -6.433891e+00 3.482931e+00 1.056453e+00 
-3.157015e-01 -1.204903e+01 2.513207e+01 2.019376e+01 1.790753e+01 -1.054232e+01 -8.987238e+00 2.220753e+00 -1.153970e+01 -1.053396e+01 6.521942e-01 3.316402e+00 
-1.350134e+00 -1.207058e+01 2.575707e+01 1.911254e+01 1.473640e+01 -7.775098e+00 -9.581954e+00 -6.675249e-01 -1.112655e+01 -8.039000e+00 1.778036e+00 9.187424e-02 
-2.984740e+00 -7.040392e+00 1.979737e+01 1.805113e+01 8.373547e+00 -1.869500e-01 -1.947316e-01 2.385655e+00 -5.781157e+00 -1.042098e+00 1.531357e+00 -4.447454e+00 
-4.858062e+00 3.939898e-01 1.145255e+01 1.591689e+01 6.358893e+00 -3.391388e+00 -2.853742e+00 1.544281e+00 -4.332121e+00 -7.535036e+00 -1.922738e-01 -4.779708e-01 
-6.508329e+00 -2.767025e-01 8.971341e+00 1.577440e+01 9.848362e+00 -1.159758e+00 -1.516986e-01 7.104036e-01 -3.009437e+00 -1.126342e+01 -6.416148e+00 1.676007e+00 
-7.469115e+00 6.783507e-01 9.845924e+00 1.355177e+01 8.547186e+00 1.257081e+00 1.650524e+00 1.097673e+00 -2.101909e+00 -7.270772e+00 -5.918627e+00 -2.341378e+00 
-8.464608e+00 -1.678989e-01 5.738779e+00 6.300969e+00 4.538470e+00 3.103717e+00 3.681252e+00 2.739819e+00 1.338180e-01 -4.374830e+00 -3.887255e+00 -9.113422e-01 
-1.040565e+01 -2.455401e+00 3.781279e+00 4.312257e+00 7.390121e-01 1.043938e+00 4.105127e+00 1.073937e+00 5.429577e-01 -2.553102e+00 -3.834519e+00 -9.859056e-01 
-1.286814e+01 -4.699277e+00 1.381528e+00 1.634735e+00 1.754130e+00 3.936251e+00 4.478654e+00 -2.615170e-01 -1.099618e+00 -2.978942e+00 -3.743966e+00 -2.917323e+00 
-1.385305e+01 -6.964177e+00 -2.585109e-01 1.378716e+00 2.206036e+00 2.097510e+00 6.525884e-01 -1.328437e-01 3.800038e-01 -2.857020e+00 -3.677699e+00 -5.894888e+00 
-1.298496e+01 -4.634100e+00 1.131423e+00 1.214848e-01 -2.048111e+00 -2.403398e+00 -3.429523e+00 -2.072937e+00 -6.112573e-01 -1.593115e+00 2.052124e+00 2.885516e+00 
-1.190101e+01 -7.188617e+00 -1.178520e+00 1.209562e+00 7.540385e-01 1.885581e+00 1.839439e+00 -5.326622e+00 -5.712466e+00 -7.204257e-01 2.051777e+00 -9.413936e-01 
-1.186969e+01 -1.449790e+01 -3.766241e+00 2.104863e+00 2.347952e+00 9.530203e+00 1.004583e+01 -1.163536e+01 -1.568875e+01 3.647755e+00 5.991703e+00 -8.679599e-01 
-1.248721e+01 -5.143952e+00 -2.088086e+00 -1.643973e+00 -1.493246e+00 2.650711e+00 -1.899980e-01 -5.694528e+00 -7.058716e+00 -6.686384e-01 4.912110e-01 -2.632853e+00 
-1.436392e+01 -7.064571e+00 -3.385602e+00 -3.634209e+00 -4.134557e+00 3.006687e-01 7.164273e-02 -2.630105e+00 -3.826714e+00 5.840212e-01 4.488835e-01 -2.281049e+00 
-1.450825e+01 -7.571270e+00 -2.250471e+00 -2.037906e+00 -1.085863e+00 1.752594e+00 -2.261607e+00 -1.427072e+00 -2.816901e+00 -3.562806e+00 -3.931664e+00 -3.391366e+00 
-1.334938e+01 -6.411750e+00 -3.530234e+00 -2.666522e+00 -2.566244e+00 -2.292272e+00 -5.656052e+00 -1.691914e+00 4.682496e-01 -1.600513e+00 -2.069949e+00 -1.459496e+00 
-1.436096e+01 -6.075352e+00 1.874500e-02 2.053002e-01 -2.385927e+00 -9.733337e-01 -5.295285e-01 3.331285e-01 1.190762e+00 -1.746997e+00 -1.291748e+00 -1.187679e+00 
-1.428096e+01 -6.305574e+00 -6.803992e-01 1.085315e-01 -2.835607e+00 8.229004e-01 3.258668e+00 2.085834e+00 8.327649e-01 2.760565e+00 -1.345524e+00 -2.783561e+00 
-1.519646e+01 -5.814119e+00 -2.107927e+00 -1.419196e+00 -1.201622e+00 3.240954e+00 2.622640e+00 1.583008e+00 -8.780003e-01 -2.245338e+00 -2.488366e+00 -2.175531e+00 
-1.477532e+01 -5.771018e+00 -1.480316e+00 -2.800674e-01 -3.401076e-01 2.484933e+00 9.094955e-01 -1.491409e+00 -1.813606e+00 -2.164550e+00 -5.851666e+00 -3.150503e+00 
-1.367952e+01 -4.361828e+00 -3.524959e-01 -4.880821e-01 -2.906286e+00 -1.571471e+00 -2.450522e+00 -1.244056e+00 -1.873273e+00 -5.466801e+00 -3.817866e+00 5.796996e-01 
-1.464792e+01 -5.921345e+00 -4.156801e+00 -1.397861e+00 -3.167857e+00 -2.519990e+00 -4.079322e+00 -2.853722e+00 -6.372304e+00 -4.936499e+00 -3.675271e+00 1.180844e-01 
-1.478167e+01 -7.811478e+00 -3.383981e-01 -1.137271e+00 -4.179636e+00 1.097376e+00 -8.290383e-01 -2.814995e+00 -1.221457e+00 -1.152547e-01 -5.697517e-01 -6.085697e-01 
-1.363846e+01 -6.085865e+00 -1.675074e+00 -1.091553e+00 -2.503356e+00 2.206207e+00 3.380171e-01 -2.271569e+00 -3.057571e+00 -2.726516e+00 -2.809986e+00 -1.729732e+00 
-1.337266e+01 -5.839348e+00 8.771416e-01 -1.383384e+00 -4.543610e+00 -1.692313e+00 -1.268836e+00 -1.278411e+00 -3.951561e+00 -6.837307e-01 -3.209910e-01 -4.313015e+00 
-3.954838e+00 -1.918802e+01 8.748910e+00 -3.130555e+00 7.620000e+00 -1.144954e+01 -5.415497e+00 -3.843132e+00 4.587230e-01 6.363774e+00 -2.689490e-01 -7.257816e+00 
1.007813e+00 -1.675755e+01 1.417080e+01 -5.705975e+00 1.473473e+01 -1.020226e+01 -2.162201e+00 -8.832657e+00 -3.292225e+00 1.998257e+00 -1.407975e+00 -4.461237e+00 
7.329110e+00 -1.090844e+01 6.780446e+00 -6.299541e+00 2.102468e+01 -1.445784e+01 -7.355856e+00 -4.261008e+00 -1.562658e+01 -9.099603e+00 -4.105032e-01 -1.300879e+00 
8.142604e+00 -1.066560e+01 2.923405e+00 -1.845130e+00 1.954708e+01 -1.856343e+01 -1.096719e+01 -2.653216e+00 -1.840031e+01 -8.150564e+00 4.634552e-01 -6.076659e-01 
8.179851e+00 -1.081698e+01 -6.323083e-02 4.956065e-01 2.088443e+01 -2.013256e+01 -8.681273e+00 -2.106042e+00 -1.786682e+01 -6.079074e+00 2.986451e+00 -4.301770e-02 
8.938322e+00 -1.323116e+01 1.332969e+00 -5.048452e-01 2.120555e+01 -2.485147e+01 -3.071058e+00 -7.661480e+00 -1.723606e+01 -4.917856e+00 3.851736e+00 -2.584725e+00 
8.341534e+00 -1.327741e+01 3.212670e+00 -9.696400e-01 1.876571e+01 -2.303277e+01 -6.244313e+00 -9.007553e+00 -1.975007e+01 -4.236632e+00 3.155761e+00 -1.208014e+00 
8.545965e+00 -1.403851e+01 4.837566e+00 -3.824699e+00 2.089557e+01 -2.490065e+01 -8.545289e+00 -7.599642e+00 -2.266017e+01 -3.141701e+00 2.826509e+00 -3.461636e+00 
7.382017e+00 -1.327688e+01 4.566576e+00 -2.070670e+00 1.441806e+01 -2.147822e+01 -9.957202e+00 -7.140541e+00 -2.264413e+01 -3.692422e+00 1.285719e+00 -6.951084e-01 
1.018480e+01 -1.505453e+01 1.649907e+00 4.704618e-01 1.610659e+01 -2.646067e+01 -8.101188e+00 -6.549644e+00 -2.238791e+01 -4.085413e+00 1.826261e+00 -6.232564e-01 
1.015348e+01 -1.610788e+01 2.595501e+00 1.451864e+00 1.423775e+01 -2.679769e+01 -1.074686e+01 -1.977994e+00 -2.585307e+01 -2.043287e-01 3.480503e+00 -2.907608e+00 
6.078818e+00 -1.340198e+01 3.852866e-01 4.727525e+00 1.471748e+01 -2.335461e+01 -1.126411e+01 -3.554554e+00 -2.619753e+01 1.784006e+00 2.757466e+00 7.966112e-01 
7.973726e+00 -1.052421e+01 -7.416515e+00 2.576515e+00 1.356768e+01 -1.927938e+01 -6.793845e+00 -2.204109e+00 -1.961419e+01 -1.344832e+00 1.209737e+00 3.510944e+00 
6.171087e+00 -6.908462e+00 -5.874116e+00 8.117478e+00 8.321789e+00 -1.319598e+01 -1.304224e+01 -1.270597e+01 -2.085565e+01 -6.605232e+00 1.011631e+00 5.648428e+00 
2.236519e+00 -2.059083e+00 -5.676172e-01 5.948183e+00 2.606740e+00 -9.299286e+00 -1.190316e+01 -1.112129e+01 -1.491410e+01 -7.503075e+00 -8.532071e-01 2.373858e-01 
-4.680729e-01 -2.492195e+00 -2.924553e+00 2.638996e+00 2.350735e+00 -8.585164e+00 -1.409956e+01 -1.058037e+01 -1.318628e+01 -8.069480e+00 8.950568e-01 1.604607e+00 
-3.129493e+00 -3.796260e+00 -2.770000e+00 3.724025e+00 2.817110e+00 -5.100179e+00 -1.401220e+01 -1.501834e+01 -1.063167e+01 -6.359613e+00 -5.145872e-01 6.046551e+00 
