-1.256132e+01 -2.759151e+01 3.816656e+00 1.464385e+01 -1.157376e+01 -7.268292e+00 7.770172e-01 -2.096981e+00 -1.081445e+00 -1.817790e+00 -1.497927e+01 -2.071278e+00 
-1.309253e+01 -3.083746e+01 1.104192e+01 1.787039e+01 -1.357877e+01 -1.023635e+01 1.509505e+00 3.760494e+00 1.395967e+00 -8.323933e-01 -1.229715e+01 -8.869418e-01 
-1.478688e+01 -3.269495e+01 1.445434e+01 1.255468e+01 -1.111268e+01 -6.398408e+00 -2.256571e+00 4.689937e+00 -6.585571e-01 -8.641003e+00 -1.132807e+01 9.204235e-01 
-1.513710e+01 -3.143173e+01 1.448755e+01 1.037439e+01 -1.629100e+01 -1.229450e+01 -6.145399e+00 1.707788e+00 -5.214983e+00 -1.138729e+01 -1.230590e+01 -2.106178e+00 
-1.305827e+01 -2.700164e+01 1.404610e+01 1.970215e+01 -1.285189e+01 -1.144628e+01 3.312572e-02 4.164318e+00 1.194333e-01 -5.296320e+00 -1.630145e+01 -7.571253e+00 
-1.014811e+01 -2.222609e+01 5.934037e+00 1.722455e+01 -2.924459e+00 -8.128285e+00 -6.950312e-02 -3.465046e+00 -7.471111e+00 -2.183539e+00 -1.007909e+01 -3.619479e+00 
-3.474991e+00 -8.955058e+00 1.142021e+01 2.084152e+01 5.171542e+00 -7.648837e+00 5.011631e+00 4.884970e+00 -3.882472e+00 2.777747e+00 -4.463489e+00 -1.942019e+00 
-8.455192e-01 2.104836e-01 2.465515e+01 3.075792e+01 1.397408e+01 -1.954745e+01 6.070452e+00 6.936462e+00 -2.004622e+01 -5.303777e+00 -5.973963e+00 -3.243981e+00 
8.038441e-01 -8.275601e-01 2.317715e+01 2.708175e+01 1.445957e+01 -2.538137e+01 5.423488e+00 1.049683e+01 -2.173427e+01 -1.050703e+01 -6.084912e+00 6.412239e-01 
5.783731e-01 -6.777363e+00 2.431918e+01 2.814330e+01 1.171005e+01 -2.411729e+01 8.320572e+00 6.150259e+00 -1.651924e+01 -6.116179e+00 -1.005284e+01 4.548403e+00 
-2.156420e+00 -1.333791e+01 3.250482e+01 2.699395e+01 7.620006e+00 -1.235949e+01 6.057707e+00 -9.621140e+00 -7.059157e+00 -5.624623e-01 -1.505154e+01 3.464889e+00 
-1.526533e+00 -1.012217e+01 2.980861e+01 2.659687e+01 1.167140e+01 -1.002865e+01 4.894245e+00 -3.543141e+00 -1.237914e+01 -2.916529e+00 -1.311339e+01 2.115747e+00 
-9.247664e-01 -2.818517e+00 2.088983e+01 2.445782e+01 8.352307e+00 -7.193879e+00 4.024248e+00 2.814461e+00 -6.414112e+00 -7.033931e-01 -4.180821e+00 1.577949e-01 
-1.520909e+00 3.298252e+00 1.598313e+01 2.242319e+01 5.837394e+00 -3.330972e+00 3.543636e+00 1.154654e+00 -6.155656e+00 1.337121e+00 2.446669e+00 4.857093e-02 
-8.631168e+00 -3.601658e-01 1.662512e+01 1.467577e+01 1.504744e+01 -7.124646e+00 5.137402e+00 -4.482295e+00 -1.354331e+00 3.339606e+00 -9.623779e+00 3.610628e+00 
-1.182764e+01 -1.727314e+01 1.783030e+01 1.114558e-01 1.756846e+01 -1.792637e+01 8.565742e+00 -7.830233e+00 3.332853e+00 1.182022e+00 -1.310510e+01 8.661427e+00 
-7.597376e+00 -1.580944e+01 2.047508e+01 1.591367e+00 1.785934e+01 -1.356094e+01 6.982708e+00 -1.534387e+01 -3.161771e+00 -2.670459e+00 -6.584875e+00 1.360591e+01 
5.688025e+00 -7.627021e+00 6.100068e+00 -1.105064e+00 1.176361e+01 -1.648379e+01 7.486797e+00 -1.602042e+01 -9.343274e+00 -8.896021e+00 9.780875e-01 6.409410e+00 
8.323632e+00 -1.069007e+01 1.340519e+00 -1.213480e+00 1.015526e+01 -1.863989e+01 1.115897e+01 -1.415344e+01 -7.978839e+00 -1.403850e+01 9.190171e+00 5.300368e+00 
9.049127e+00 -1.150074e+01 -4.591241e-01 -4.579031e+00 9.576879e+00 -1.839310e+01 7.553204e+00 -7.463230e+00 -5.971982e+00 -1.300688e+01 1.062699e+01 4.944259e+00 
1.019489e+01 -1.185444e+01 -2.038695e+00 -5.299365e+00 6.368991e+00 -1.629728e+01 4.637338e+00 -4.014944e+00 -2.509728e+00 -1.361981e+01 1.238376e+01 3.099086e+00 
1.199712e+01 -1.492628e+01 -2.839550e+00 -4.689442e+00 2.150798e+00 -1.619414e+01 3.689865e+00 2.846919e-01 -3.974309e+00 -1.096263e+01 1.386845e+01 7.068229e-01 
1.191020e+01 -1.379981e+01 -2.991907e+00 -6.054951e+00 2.772576e+00 -1.753594e+01 2.290625e+00 2.211152e+00 -5.516733e+00 -8.444893e+00 1.174062e+01 1.510168e+00 
1.171694e+01 -1.367953e+01 -2.648777e+00 -6.493936e+00 1.056414e+00 -1.719118e+01 3.342403e+00 2.046062e+00 -5.831165e+00 -5.364549e+00 8.413066e+00 1.959020e+00 
1.185550e+01 -1.395579e+01 -1.821227e+00 -6.678841e+00 -1.454432e+00 -1.258132e+01 4.463242e-01 2.354392e+00 -5.465567e+00 -3.875455e+00 6.677471e+00 3.770910e+00 
1.284430e+01 -1.411013e+01 -1.546463e+00 -8.339002e+00 -2.915639e-01 -1.120043e+01 -8.975770e-01 4.034835e+00 -5.869212e+00 -4.607698e+00 9.903285e+00 9.676031e-01 
1.270319e+01 -1.254427e+01 -3.639102e+00 -8.977525e+00 7.682393e-01 -1.114109e+01 2.580065e+00 7.597316e-01 -1.503457e+00 -9.913482e+00 1.215864e+01 5.685157e-01 
1.217402e+01 -1.136068e+01 -7.079519e+00 -6.620310e+00 5.349193e+00 -1.457023e+01 2.416731e+00 -1.015396e+00 -4.359617e-01 -8.052300e+00 1.075865e+01 2.308020e+00 
1.250021e+01 -1.103993e+01 -7.875816e+00 -6.089537e+00 7.402349e+00 -1.531436e+01 1.874408e+00 -7.612857e-01 -6.177522e+00 -1.765804e-01 6.623147e+00 2.748793e+00 
1.362297e+01 -1.197198e+01 -7.149187e+00 -4.833775e+00 1.079535e+01 -1.817740e+01 2.125278e+00 3.034581e+00 -1.280422e+01 -1.050501e+00 8.388206e+00 3.976755e+00 
1.317714e+01 -1.033912e+01 -7.875816e+00 -2.193214e+00 1.322686e+01 -1.747330e+01 1.849925e+00 -2.252765e+00 -1.362288e+01 1.366947e+00 5.833152e+00 4.751017e+00 
1.248897e+01 -7.792889e+00 -1.016444e+01 3.079924e+00 1.308989e+01 -9.794110e+00 -3.110469e+00 -4.709699e+00 -9.683070e+00 -7.447192e+00 5.668339e+00 5.209887e+00 
1.281771e+01 -7.195876e+00 -7.362097e+00 3.882734e+00 2.027662e+01 -1.165633e+01 -4.663989e+00 -5.903368e+00 -9.632341e+00 -1.358402e+01 6.223546e+00 1.742754e-01 
7.530649e+00 -4.245415e+00 1.359822e-01 2.162712e+00 2.074041e+01 -1.376722e+01 -4.490592e+00 -1.347195e+00 -1.288118e+01 1.127589e+00 3.140446e+00 4.144145e+00 
3.967595e+00 -1.179067e+00 4.034124e+00 4.201996e+00 1.562040e+01 -9.307126e+00 -3.281853e+00 5.596316e+00 -5.707841e+00 6.892703e+00 -3.900916e+00 3.504959e+00 
3.673102e+00 -7.967544e+00 -2.123569e-01 8.988926e+00 1.438973e+01 -1.093056e+01 -3.171845e+00 9.354957e+00 -3.716291e+00 5.918280e-01 1.849108e+00 4.807568e+00 
5.947752e+00 -1.826230e+01 -1.326391e+00 5.129185e+00 1.106657e+01 -2.317111e+01 -1.680374e+00 6.539921e+00 -7.329857e+00 -1.517660e+00 -1.009331e+00 1.334783e-02 
6.067389e+00 -1.214388e+01 5.497148e+00 1.574929e+01 1.496133e+01 -1.728773e+01 -2.343101e+00 -2.202907e-01 -6.480584e+00 -3.754657e+00 -2.970968e+00 -3.190339e+00 
5.261113e+00 -6.729031e+00 4.118767e+00 1.675364e+01 2.295833e+01 -1.887067e+01 -2.104305e+00 3.971800e-01 -1.431340e+01 -6.691460e+00 1.328477e-01 -1.657326e+00 
4.851073e+00 -9.077537e+00 5.788841e+00 1.768149e+01 2.738944e+01 -2.138565e+01 2.192663e-01 1.038929e+00 -1.566559e+01 -7.922927e+00 -9.605316e-01 1.306585e+00 
4.587768e+00 -1.136782e+01 9.171311e+00 2.145144e+01 2.728163e+01 -2.030289e+01 -6.862823e-01 1.545125e+00 -1.910511e+01 -1.056258e+01 3.478406e-01 3.532188e-02 
4.612820e+00 -1.212082e+01 1.033548e+01 2.315084e+01 2.697311e+01 -2.162774e+01 -8.831553e-01 6.144682e-01 -2.143777e+01 -5.905156e+00 -3.183151e-01 2.499000e+00 
4.646564e+00 -1.139254e+01 9.578900e+00 2.722542e+01 2.006303e+01 -1.979095e+01 -1.101829e+00 -1.043720e+00 -1.717172e+01 -7.059819e+00 1.026887e+00 4.302165e+00 
4.027414e+00 -1.061153e+01 1.341909e+01 2.570627e+01 2.008608e+01 -2.024873e+01 2.007557e+00 -2.289182e+00 -2.095016e+01 -4.919014e+00 4.086095e-01 4.765235e+00 
2.607611e+00 -1.188245e+01 1.331882e+01 2.937312e+01 1.903849e+01 -1.606557e+01 -2.640284e-01 -3.564991e+00 -2.033529e+01 -4.881730e+00 1.627670e+00 4.509302e+00 
1.366755e+00 -1.458631e+01 1.527538e+01 3.363460e+01 1.703754e+01 -1.861446e+01 3.462137e+00 -4.712127e+00 -2.244141e+01 -2.429609e+00 4.425340e+00 1.728616e+00 
3.968716e-01 -1.216146e+01 1.231418e+01 2.955270e+01 1.096622e+01 -1.315119e+01 7.575339e+00 -1.962238e+00 -2.084476e+01 -4.149114e+00 1.752430e+00 -1.870603e+00 
1.253252e+00 -1.050553e+01 1.209215e+01 3.461101e+01 1.215892e+01 -8.979330e+00 5.478156e+00 -2.678439e+00 -2.166911e+01 -6.908449e+00 4.654144e+00 -1.740698e+00 
-3.881452e+00 -3.270533e+00 7.865853e+00 1.739482e+01 7.188762e+00 -2.106918e+00 -3.716880e-01 -3.715919e+00 -1.239970e+01 -8.346838e+00 -3.186882e+00 -3.972033e+00 
-5.653521e+00 -2.215463e+00 1.084464e+01 1.853685e+01 8.570642e+00 -8.484832e-01 1.025875e+00 2.543356e+00 -1.064780e+01 -1.161994e+01 -1.035112e+00 -2.018282e+00 
-7.801885e+00 -1.950185e+00 8.825577e+00 1.409844e+01 4.724702e+00 -1.999558e-01 3.028815e+00 6.399918e+00 -2.651857e+00 -5.056962e+00 -5.282439e-01 -5.677523e-02 
-7.561587e+00 -7.429788e-01 6.440593e+00 8.776085e+00 1.492404e+00 -3.266920e+00 1.597712e+00 8.267302e+00 -7.136592e-01 -6.984134e+00 -6.482212e+00 -1.842166e+00 
-1.020947e+01 -3.052489e+00 3.758057e+00 6.730814e+00 3.228230e+00 9.440333e-01 3.105954e+00 2.766309e+00 -3.500693e+00 -7.059073e+00 -5.687613e+00 -3.104058e+00 
-1.107096e+01 -3.648952e+00 1.850982e+00 3.055315e+00 1.472741e+00 4.445711e-03 3.950098e-01 -7.734247e-01 -4.418625e+00 -9.260279e+00 -5.286170e+00 -6.146818e+00 
-1.185627e+01 -3.943339e+00 1.270851e+00 1.289398e+00 1.433413e+00 2.170442e+00 -2.697300e-01 -7.826438e-02 -2.776930e+00 -6.851033e+00 -7.180593e+00 -5.963593e+00 
-1.213747e+01 -3.519334e+00 1.225925e+00 -7.259410e-01 1.020477e+00 -1.455565e+00 -3.128916e+00 -2.146259e-01 -4.341220e+00 -5.639699e+00 1.264025e-01 -6.807735e-01 
-1.226989e+01 -3.085443e+00 1.138678e+00 -4.771829e-01 -7.526367e-02 -3.460019e+00 -1.989266e+00 2.264246e-01 -2.910750e+00 -4.375423e+00 -4.131101e+00 -3.080469e+00 
-8.799888e+00 -8.741957e+00 5.841580e+00 1.600470e+01 4.694190e+00 -8.852639e+00 1.330743e+00 4.695197e+00 -6.400992e+00 -7.477765e+00 -9.186379e-01 1.200593e+00 
-8.294240e+00 -8.744154e+00 1.052430e+01 1.902571e+01 9.313114e+00 -8.668018e+00 7.673944e+00 4.477909e+00 -6.424170e+00 -7.558297e+00 -2.249108e+00 4.634684e+00 
-1.129592e+01 -2.103426e+01 1.580212e+01 1.380446e+01 -8.085830e+00 -9.645755e+00 7.379137e+00 4.185763e+00 -3.095736e+00 -6.826053e+00 1.115278e+00 8.389983e+00 
-1.505274e+01 -2.839668e+01 1.861097e+01 8.111622e+00 -6.619871e+00 -1.570339e+01 3.120376e+00 1.329860e+00 2.791452e+00 -1.490907e+01 -5.403564e+00 9.016809e-01 
-1.858206e+01 -3.001087e+01 1.850094e+01 -5.283979e-01 -5.214258e+00 -1.947257e+01 9.138249e+00 1.628972e-01 5.979944e+00 -1.274477e+01 -2.883498e+00 4.858302e+00 
-1.949263e+01 -2.904807e+01 1.841955e+01 -5.118450e+00 -3.051934e+00 -2.204313e+01 4.291552e+00 -6.195513e+00 1.709525e+00 -9.081319e+00 -5.788434e+00 2.199442e+00 
-1.894199e+01 -2.876357e+01 1.956158e+01 -1.528751e+00 6.631405e-01 -2.344710e+01 9.695301e-01 -1.025965e+01 -1.708560e+00 -1.075869e+01 -3.157879e+00 3.615476e+00 
-1.970737e+01 -2.765852e+01 1.832319e+01 -4.727354e+00 -1.319498e+00 -2.181094e+01 6.608415e+00 -2.722544e+00 -1.727365e+00 -8.201060e+00 1.591301e+00 6.538347e+00 
-1.831517e+01 -2.729713e+01 1.875877e+01 -4.747308e+00 -3.180081e-01 -1.777849e+01 8.811581e+00 -1.322917e+00 -2.934802e+00 -1.042725e+01 -4.272895e+00 2.279583e+00 
-1.857694e+01 -2.920460e+01 1.793578e+01 -3.001346e+00 -5.155267e+00 -2.217076e+01 1.443769e+00 -6.198750e+00 -7.161489e+00 -1.193573e+01 -2.417143e+00 3.254843e+00 
-1.508802e+01 -2.589714e+01 1.744420e+01 1.131763e+00 -4.797931e+00 -1.562191e+01 2.652174e+00 -3.174028e-01 -3.307398e+00 -7.571346e+00 -4.572596e+00 2.065336e+00 
-1.140175e+01 -2.296590e+01 1.752689e+01 1.027063e+01 -3.992399e+00 -1.263077e+01 -2.343772e+00 -8.029630e-01 -2.573139e+00 -8.783425e+00 -1.074703e+00 4.621111e+00 
-1.156229e+01 -1.950960e+01 1.283180e+01 1.169001e+01 -4.797931e+00 -9.050447e+00 7.028321e+00 2.660295e+00 -1.257684e+00 -8.002713e+00 -1.438856e+00 3.399613e+00 
-1.004228e+01 -1.140078e+01 1.266772e+01 1.253805e+01 1.999591e+00 -1.084343e+01 1.008203e+01 5.147172e+00 -9.882956e-01 -3.564139e+00 -2.363740e+00 -2.113611e+00 
-4.343642e+00 -1.291659e+00 2.330867e+01 2.075838e+01 1.374557e+01 -1.737345e+01 1.099094e+01 5.611287e+00 -1.123162e+01 -1.085078e+01 -1.959995e+00 -1.218084e-02 
-2.237713e+00 -2.962964e+00 2.505753e+01 2.529588e+01 1.654663e+01 -2.869419e+01 1.023363e+01 7.687057e+00 -1.340509e+01 -1.474055e+01 -3.675795e+00 -4.953433e+00 
-1.806710e+00 -4.931403e+00 2.263022e+01 2.123993e+01 2.132964e+01 -2.413707e+01 5.835344e+00 3.481297e+00 -1.387259e+01 -1.276304e+01 -4.349317e+00 1.388665e+00 
-1.437061e+00 -4.572207e+00 1.971198e+01 2.058145e+01 2.332720e+01 -2.286121e+01 5.665303e+00 -9.154510e-01 -1.263366e+01 -1.418428e+01 -3.005956e+00 2.831762e-01 
-1.034179e+00 -4.724343e+00 1.777301e+01 1.528171e+01 2.714059e+01 -1.619508e+01 -9.881319e-01 -3.034112e+00 -1.102302e+01 -1.207666e+01 -2.870147e+00 3.633168e-01 
-1.916024e-01 -4.693037e+00 1.610358e+01 1.449353e+01 2.746606e+01 -1.212212e+01 -2.280048e+00 -4.823401e+00 -1.378206e+01 -6.015142e+00 -7.113840e+00 2.740391e+00 
1.034428e+00 -2.054539e+00 1.132646e+01 1.446227e+01 2.814479e+01 -1.382892e+01 -1.030391e+00 -5.119593e+00 -1.511545e+01 -2.559355e+00 -8.175915e+00 3.964475e+00 
5.661026e-01 -1.577808e+00 1.154783e+01 1.036375e+01 2.598722e+01 -1.147878e+01 3.601294e-01 -4.558366e+00 -2.116969e+01 5.285047e+00 -8.052996e+00 5.893344e+00 
1.160712e+00 -4.648000e+00 9.996256e+00 1.424078e+01 2.376590e+01 -3.367237e+00 -1.493898e+00 -9.934731e+00 -1.878936e+01 8.397618e-01 -5.575283e+00 3.509806e+00 
4.102571e+00 -4.452475e+00 6.353997e+00 1.060253e+01 2.229858e+01 -8.938355e+00 -4.374213e+00 -1.042636e+01 -1.460816e+01 -2.082129e+00 7.714292e-02 2.278614e+00 
6.631322e+00 -5.957913e+00 3.261918e+00 6.293160e+00 1.967993e+01 -1.601140e+01 -2.733829e+00 -7.239872e+00 -1.531487e+01 -4.647218e+00 3.392269e+00 4.171290e+00 
7.958073e+00 -7.885159e+00 7.649458e-01 3.219601e+00 1.555870e+01 -1.810864e+01 1.248909e+00 -9.216103e+00 -1.073001e+01 -6.815987e+00 5.958833e+00 4.120233e+00 
8.462187e+00 -1.112342e+01 2.784010e+00 -5.077788e-01 7.229445e+00 -1.419157e+01 2.765870e+00 -8.832105e+00 -7.989335e+00 -7.639947e+00 7.936123e+00 1.112050e+00 
8.291933e+00 -8.166914e+00 -1.922148e+00 -4.920241e+00 1.156901e+01 -1.964919e+01 3.962201e+00 -5.054042e+00 -4.813524e+00 -1.055550e+01 7.389204e+00 3.799347e+00 
9.966860e+00 -7.774215e+00 -4.704954e+00 -3.597966e+00 7.608479e+00 -1.896863e+01 2.665560e-01 -2.345426e+00 -1.866432e+00 -1.360863e+01 9.981088e+00 2.837013e+00 
1.067804e+01 -8.737014e+00 -5.689419e+00 -4.195916e+00 5.798067e+00 -1.824381e+01 4.483365e-01 6.411740e-01 -2.129291e-01 -1.754052e+01 1.275113e+01 3.191829e+00 
1.101650e+01 -9.886551e+00 -4.809130e+00 -4.513183e+00 6.415099e+00 -2.092081e+01 6.116707e-01 5.063818e+00 -1.215701e+00 -1.483301e+01 1.046309e+01 3.493649e+00 
1.040655e+01 -1.028200e+01 -4.880751e+00 -4.849072e+00 8.122446e+00 -2.126697e+01 1.060756e+00 6.017540e+00 -2.759437e+00 -1.089291e+01 7.990447e+00 2.392038e+00 
9.601301e+00 -8.980872e+00 -4.740765e+00 -5.334616e+00 9.460931e+00 -2.450725e+01 5.712928e+00 2.335779e+00 -3.502879e+00 -9.256550e+00 6.611177e+00 3.439683e+00 
1.023119e+01 -1.014304e+01 -4.418469e+00 -5.146385e+00 8.397059e+00 -2.020210e+01 1.573229e+00 6.903687e+00 -4.320229e+00 -1.174036e+01 5.979089e+00 5.448046e+00 
1.162952e+01 -1.111353e+01 -4.911353e+00 -1.095087e+00 6.678185e+00 -1.937320e+01 1.099996e+00 1.242055e+00 -4.385389e+00 -8.040742e+00 6.784737e+00 -6.009560e-01 
1.222106e+01 -1.056760e+01 -7.102959e+00 1.056603e+00 8.350951e+00 -2.011027e+01 -7.486933e-02 1.208470e+00 -7.367467e+00 -1.151927e+01 1.166604e+01 9.769744e-01 
1.271341e+01 -8.819947e+00 -8.282754e+00 4.111538e+00 1.013967e+01 -2.029818e+01 -4.483214e+00 1.240436e+00 -7.173735e+00 -1.318583e+01 1.028125e+01 3.697555e+00 
1.379833e+01 -8.786994e+00 -8.557519e+00 9.056769e+00 1.242540e+01 -2.021859e+01 -6.120581e+00 -1.522401e+00 -9.547502e+00 -1.162628e+01 6.938501e+00 3.141741e+00 
1.253191e+01 -7.301877e+00 -8.932552e+00 1.330761e+01 1.706398e+01 -1.452596e+01 -7.031831e+00 -3.593315e+00 -5.852157e+00 -1.059390e+01 2.824172e+00 2.411750e+00 
7.432996e+00 -4.609005e+00 -4.051899e+00 1.325972e+01 1.813328e+01 -4.024242e+00 -1.082038e+01 -4.242260e-01 -5.544751e-01 -3.687920e+00 6.195071e-02 2.192333e+00 
5.575545e+00 -3.981236e+00 1.091799e+00 1.383971e+01 1.044411e+01 -6.399821e+00 -3.504215e+00 9.175704e+00 -1.558997e+00 -5.241514e+00 4.282625e+00 3.021853e+00 
9.952544e+00 -1.835457e+01 -5.878238e+00 1.077945e+01 6.856514e+00 -1.863613e+01 -3.419027e+00 8.334875e+00 -4.788597e+00 -2.462791e+00 2.745449e+00 -1.042779e-01 
8.312385e+00 -1.077136e+01 -7.950923e-01 2.047569e+01 1.530782e+01 -1.643010e+01 -1.080699e+00 -1.459683e+00 -5.895889e+00 -8.509766e+00 -6.585287e-01 -4.015981e+00 
7.476966e+00 -8.684837e+00 3.785403e+00 2.280630e+01 1.795631e+01 -2.279716e+01 3.786122e+00 -3.598980e+00 -1.603513e+01 -7.847988e+00 -9.462601e-01 -4.436397e+00 
6.187027e+00 -9.190678e+00 8.561230e+00 2.279500e+01 1.861809e+01 -2.329733e+01 1.901574e+00 -4.442641e+00 -1.493833e+01 -8.894156e+00 -9.462601e-01 -2.250948e+00 
5.025928e+00 -1.013590e+01 8.806694e+00 2.438333e+01 2.190260e+01 -2.241331e+01 2.147414e+00 -6.270370e+00 -1.873164e+01 -5.207213e+00 -4.499397e+00 7.582034e-01 
4.310147e+00 -1.105861e+01 1.097356e+01 2.636009e+01 2.206940e+01 -2.102960e+01 -2.700654e-01 -6.064412e+00 -1.906444e+01 -7.251082e+00 -1.800707e+00 8.622569e-01 
4.324974e+00 -1.223176e+01 1.149444e+01 2.816791e+01 2.115945e+01 -2.108235e+01 -4.766646e-01 -1.876860e+00 -2.184141e+01 -5.621058e+00 -2.956697e+00 3.419891e-01 
4.297366e+00 -1.148701e+01 1.256876e+01 2.935583e+01 1.779018e+01 -1.942971e+01 -8.928816e-01 -1.268696e+00 -2.125715e+01 -7.846124e+00 -7.487612e-01 -5.586237e-01 
3.697643e+00 -9.371374e+00 1.533138e+01 2.725136e+01 1.130931e+01 -2.207280e+01 4.784573e+00 -9.959731e-01 -2.186197e+01 -7.183599e+00 2.788331e-02 2.001272e-01 
1.027270e+00 -7.891750e+00 1.637249e+01 2.698531e+01 1.595468e+01 -2.011968e+01 2.962073e+00 -1.780962e+00 -2.267932e+01 -4.972329e+00 -1.913958e+00 1.623916e+00 
2.674077e+00 -1.362955e+01 1.063173e+01 3.252782e+01 1.710399e+01 -2.102536e+01 6.596313e-01 1.427781e+00 -2.203427e+01 -1.284208e+01 6.253931e+00 5.505243e+00 
-4.825161e-01 -9.801421e+00 9.085365e+00 3.045661e+01 1.448466e+01 -1.161583e+01 -4.350400e+00 9.956329e-01 -1.779009e+01 -1.246701e+01 8.900599e+00 4.318322e+00 
-4.556331e+00 -2.703179e+00 8.539743e+00 2.058677e+01 1.097232e+01 -4.579988e+00 -5.886815e+00 -2.822084e+00 -9.540068e+00 -7.645539e+00 2.823251e+00 -2.814518e+00 
-6.142296e+00 -1.946341e+00 8.472680e+00 1.624614e+01 9.441945e+00 -3.059243e-01 1.906270e+00 1.880162e+00 -9.130300e+00 -1.099395e+01 -1.059051e+00 -6.988698e-01 
