-1.271918e+01 -2.784793e+01 5.775647e+00 1.593802e+01 -1.336339e+01 -1.230760e+01 -1.022792e+01 1.318599e-01 -2.107346e+00 -1.115533e+01 -5.381237e+00 2.790054e+00 
-1.359391e+01 -3.258603e+01 1.278147e+01 1.414607e+01 -1.190483e+01 -3.739393e+00 -7.295429e+00 3.770108e+00 -4.020621e+00 -1.675669e+01 -5.049527e+00 -3.983441e+00 
-1.570824e+01 -3.481244e+01 1.669013e+01 8.840786e+00 -1.206365e+01 -4.087593e+00 -9.014237e+00 9.998369e+00 -9.816095e-01 -2.198280e+01 -3.416069e+00 4.154799e-01 
-1.613755e+01 -3.695713e+01 2.256922e+01 7.648365e+00 -1.048826e+01 -7.337600e+00 -9.587811e+00 1.090310e+01 -1.914175e+00 -1.715213e+01 -5.944305e+00 -6.054595e+00 
-1.921901e+01 -3.916131e+01 2.286299e+01 3.515577e+00 -8.898870e+00 -5.281421e+00 -8.401278e+00 1.101541e+01 -5.253938e+00 -1.474602e+01 -1.677364e-01 -5.234632e+00 
-1.760318e+01 -3.604105e+01 2.632911e+01 3.935748e+00 -8.175980e+00 -5.897202e+00 -8.374512e+00 1.092119e+01 -5.231352e+00 -1.309430e+01 -8.799353e-01 -1.386780e+00 
-1.574046e+01 -3.366626e+01 2.601279e+01 6.961642e+00 -9.090547e+00 -4.340595e+00 -6.522253e+00 1.397667e+01 -2.431871e+00 -1.333345e+01 -3.539647e+00 -1.676921e+00 
-1.257560e+01 -2.873964e+01 2.566639e+01 1.248033e+01 -7.902766e+00 4.883189e-01 -4.402708e+00 1.037960e+01 -2.955511e+00 -9.428896e+00 6.592133e-01 -2.316957e+00 
-8.051736e+00 -1.568585e+01 2.973294e+01 2.133049e+01 4.446624e+00 5.005911e+00 6.859980e+00 9.626495e+00 -3.864897e+00 -8.820071e+00 2.808818e+00 -5.101181e+00 
-1.989744e+00 -7.807416e+00 2.762448e+01 2.082811e+01 1.173882e+01 -8.318734e+00 -2.607433e-01 5.127821e+00 -9.192231e+00 -1.799624e+01 8.406989e+00 -1.999926e+00 
-1.140601e+00 -9.224545e+00 3.092519e+01 2.254367e+01 1.159826e+01 -5.159208e+00 -5.274922e+00 2.716258e+00 -1.526015e+01 -1.802372e+01 6.971441e+00 -1.144442e+00 
-1.799256e+00 -1.069759e+01 3.341550e+01 2.186940e+01 7.133735e+00 4.781211e+00 -2.186420e+00 -7.037317e+00 -1.193644e+01 -1.398950e+01 4.112890e+00 -5.146972e-01 
9.097574e-01 -3.502268e+00 2.641236e+01 1.853710e+01 8.499804e+00 1.501186e+00 -1.150966e+01 -9.606753e-01 -9.115558e+00 -1.058343e+01 8.468778e+00 2.994215e+00 
1.267990e+00 4.801952e+00 1.806820e+01 1.641051e+01 5.356932e+00 2.480176e+00 -4.240298e-02 9.361304e-01 -4.076492e+00 -4.727034e+00 6.249951e+00 5.560999e+00 
8.391534e-01 7.813979e+00 1.641999e+01 1.624194e+01 8.849080e+00 2.299215e+00 -1.639996e+00 -2.100007e+00 -5.554689e+00 -2.193842e+00 2.457597e+00 2.893960e+00 
-1.385109e+00 7.507902e+00 1.426696e+01 1.471820e+01 9.053535e+00 3.586954e+00 -1.618200e+00 2.133489e+00 -3.583165e+00 -4.189482e+00 2.374437e+00 2.276498e+00 
-8.500000e+00 -1.189967e+01 1.450379e+01 -2.516283e+00 7.019947e+00 4.276064e+00 8.990614e+00 -1.987072e+00 8.038544e+00 -1.178519e+01 1.011617e+01 -4.859839e+00 
-1.011347e+01 -1.679690e+01 1.407308e+01 -5.126159e+00 3.886201e+00 -6.525420e+00 4.844060e+00 -1.395067e+01 5.355559e+00 -1.775537e+01 1.515871e+01 -9.860620e+00 
1.544246e+00 -1.207672e+01 1.298609e+01 -1.824579e+00 5.224888e+00 -2.408343e+00 2.348242e-01 -1.039915e+01 4.745960e-01 -1.676828e+01 1.171014e+01 -5.265505e+00 
7.343249e+00 -1.379850e+01 7.911497e+00 -4.054972e+00 7.474492e+00 -6.772419e+00 -6.306206e+00 -9.742137e+00 1.785181e+00 -2.537212e+01 1.393408e+01 3.798576e+00 
6.640052e+00 -1.336411e+01 6.403459e+00 -7.781705e+00 4.969929e+00 -8.268563e+00 -3.313301e+00 -5.873028e+00 3.565318e+00 -2.270626e+01 1.731528e+01 6.518419e-01 
7.068415e+00 -1.423073e+01 6.652650e+00 -1.133572e+01 5.041732e+00 -1.093538e+01 -2.881974e+00 -1.222110e+00 4.534735e+00 -1.840369e+01 1.833782e+01 -2.340195e+00 
6.721081e+00 -1.457910e+01 6.323438e+00 -1.543114e+01 4.877438e+00 -1.140193e+01 -3.878079e+00 4.017816e+00 4.173953e+00 -1.839382e+01 1.788811e+01 -2.352478e+00 
7.205358e+00 -1.434972e+01 6.008190e+00 -1.726295e+01 5.536438e+00 -1.142552e+01 -5.970093e+00 3.051942e+00 5.625997e+00 -1.960374e+01 2.128278e+01 -6.194686e+00 
5.060703e+00 -1.106961e+01 2.196204e+00 -1.361344e+01 2.460499e+00 -1.242080e+01 -5.421757e+00 6.026309e+00 2.134076e+00 -1.695677e+01 2.103377e+01 -8.013877e+00 
6.032100e+00 -1.093055e+01 4.799289e+00 -1.907816e+01 5.871718e+00 -1.698642e+01 1.520011e+00 2.611434e+00 4.204860e+00 -1.830194e+01 1.973527e+01 -4.481395e+00 
6.216902e+00 -1.208819e+01 4.394352e+00 -1.617101e+01 4.141160e+00 -1.743282e+01 4.158831e+00 2.124130e+00 3.294880e+00 -1.810014e+01 2.131902e+01 -4.065437e+00 
7.270750e+00 -1.179574e+01 3.059781e+00 -1.510231e+01 5.279653e+00 -1.621026e+01 2.537913e+00 2.589596e+00 3.258029e+00 -1.570048e+01 2.151368e+01 -7.131835e+00 
7.384948e+00 -1.034922e+01 -5.350158e-02 -1.242434e+01 5.194464e+00 -1.780975e+01 4.759936e+00 1.797804e+00 -1.881261e-01 -1.572667e+01 2.296548e+01 -4.335660e+00 
7.343249e+00 -1.203515e+01 2.100072e+00 -1.211710e+01 4.925509e+00 -1.365322e+01 6.573566e-01 1.291782e+00 -6.374695e-01 -1.650895e+01 2.338872e+01 -4.648043e+00 
7.931774e+00 -1.283726e+01 1.817583e+00 -9.256454e+00 4.981491e+00 -7.788287e+00 -3.054811e+00 -8.502362e-01 1.329299e+00 -2.083170e+01 2.302170e+01 -1.891373e+00 
9.309262e+00 -1.316340e+01 1.609744e+00 -5.080488e+00 4.813546e+00 -3.820439e+00 -5.694395e+00 -1.239581e+00 -2.570954e+00 -2.421673e+01 2.352112e+01 -3.483807e-01 
1.054554e+01 -1.262867e+01 1.212327e+00 -1.692549e+00 8.539356e+00 -1.747107e+00 -1.174139e+01 -1.610206e+00 -6.027807e+00 -2.332453e+01 2.090926e+01 9.801592e-01 
1.183442e+01 -1.285661e+01 3.970840e-01 1.939521e+00 1.641570e+01 -4.622757e+00 -1.600074e+01 1.932577e+00 -7.976745e+00 -2.107771e+01 1.879961e+01 -1.409685e+00 
1.042898e+01 -9.719143e+00 1.609744e+00 5.380604e+00 1.759740e+01 -2.317434e+00 -1.514650e+01 5.218918e+00 -8.222815e+00 -1.573697e+01 1.473130e+01 -2.682787e+00 
7.214361e+00 -5.916477e+00 -6.241117e-03 8.766052e+00 1.301240e+01 5.727959e-01 -9.500245e+00 8.201395e+00 1.389925e+00 -4.101035e+00 1.232896e+01 -2.162571e-01 
9.056699e+00 -9.763585e+00 1.593096e+00 1.309232e+01 1.318460e+01 -3.082016e+00 -8.041457e+00 1.495813e+00 -1.080535e+01 -1.067617e+01 8.959837e+00 -3.623255e+00 
9.225864e+00 -1.289962e+01 2.356245e+00 1.436362e+01 2.151793e+01 -1.307990e+01 -9.452830e+00 6.290239e+00 -1.871284e+01 -1.423724e+01 1.279075e+01 -6.080157e+00 
7.051830e+00 -1.206597e+01 6.039876e+00 1.258828e+01 2.651367e+01 -1.736593e+01 -1.073649e+01 8.357383e+00 -1.877763e+01 -1.670817e+01 1.518194e+01 -1.069486e+01 
5.122777e+00 -1.240502e+01 1.052210e+01 1.177119e+01 2.531980e+01 -1.499414e+01 -7.912977e+00 4.335406e+00 -1.415165e+01 -1.752094e+01 1.015706e+01 -9.486823e+00 
3.604081e+00 -1.227026e+01 1.184754e+01 1.524881e+01 2.228341e+01 -1.474371e+01 -3.178702e+00 -3.417787e+00 -7.365733e+00 -2.016705e+01 9.945673e+00 -5.456719e+00 
3.501729e+00 -1.426299e+01 1.411980e+01 1.651845e+01 1.940585e+01 -1.363264e+01 -5.682924e+00 -2.433196e+00 -6.682803e+00 -1.825342e+01 1.179934e+01 -5.437133e+00 
3.249640e+00 -1.457337e+01 1.535824e+01 1.781135e+01 2.020297e+01 -1.168452e+01 -9.106392e+00 -1.397440e+00 -7.544044e+00 -2.045859e+01 1.479030e+01 -4.296488e+00 
3.529212e+00 -1.303366e+01 1.460798e+01 1.900211e+01 2.258523e+01 -1.204259e+01 -9.346146e+00 6.628407e-01 -1.200538e+01 -1.650895e+01 1.117170e+01 -3.062891e+00 
5.095294e+00 -1.549016e+01 1.667133e+01 2.542093e+01 1.711304e+01 -1.001514e+01 -1.131809e+01 3.688370e+00 -1.685484e+01 -1.565797e+01 1.180073e+01 -2.209399e+00 
4.455594e+00 -1.573388e+01 1.613052e+01 2.716472e+01 1.949895e+01 -1.100485e+01 -7.977217e+00 4.156957e+00 -2.064455e+01 -1.293200e+01 1.225323e+01 -5.642622e+00 
1.495439e+00 -1.563568e+01 2.125667e+01 2.781491e+01 1.608834e+01 -4.696514e+00 -8.228442e+00 3.326308e-03 -2.012269e+01 -1.206299e+01 9.365879e+00 -6.118001e+00 
-5.795602e-01 -1.621199e+01 2.377759e+01 2.695214e+01 1.616257e+01 -5.283136e+00 -6.952050e+00 3.545486e+00 -2.776093e+01 -6.679739e+00 1.415429e+01 -1.394517e+01 
-3.599894e+00 -1.196992e+01 2.560624e+01 2.072847e+01 4.972972e+00 -1.158589e+01 -9.058315e-02 5.640084e+00 -3.091287e+01 -6.450034e+00 1.304302e+01 -1.619426e+01 
-4.892563e+00 -3.368224e+00 1.581366e+01 1.805631e+01 1.203455e+01 -5.774990e+00 -2.973363e+00 5.562714e+00 -1.789321e+01 -7.498518e+00 3.744479e+00 -8.069648e+00 
-5.879124e+00 -3.120209e+00 1.338941e+01 1.796248e+01 1.193232e+01 -1.223949e+00 -5.303227e-01 3.012010e+00 -1.481616e+01 -7.798637e+00 4.882484e-01 -8.301694e+00 
-6.003747e+00 -8.407597e-01 1.017570e+01 1.645701e+01 7.848715e+00 3.991248e-01 3.093887e-01 -5.357658e-01 -1.067518e+01 -1.336350e+01 -5.615384e+00 -5.425182e+00 
-7.222969e+00 -4.192766e-01 9.177863e+00 1.424488e+01 8.420092e+00 -5.837249e-01 2.114615e+00 -3.442134e-01 -1.005882e+01 -1.149624e+01 -5.609344e+00 -1.045584e+01 
-7.668389e+00 -5.791248e-01 7.674121e+00 1.025741e+01 5.399526e+00 -9.701703e-02 1.102067e+00 -4.331873e+00 -8.530104e+00 -8.108631e+00 -5.238611e+00 -6.638529e+00 
-8.601404e+00 -1.562081e-01 4.938385e+00 5.315004e+00 4.167325e+00 -2.197794e+00 -5.165561e+00 -1.363747e+00 -3.569495e+00 -3.207548e+00 -2.120824e+00 -4.701822e+00 
-1.023240e+01 -3.699390e+00 3.757410e+00 5.045962e+00 3.625829e-02 -2.636903e+00 3.613171e+00 1.761602e-01 -4.534751e+00 -1.675611e+00 -2.696902e+00 -5.852427e+00 
-1.104506e+01 -1.589946e+01 1.821482e+01 1.292956e+01 1.713268e+00 -7.248835e+00 -4.403855e+00 2.497252e+00 -1.933931e+01 -1.009268e+01 6.534273e+00 -1.582046e+01 
-7.767425e+00 -1.570736e+01 2.305848e+01 1.277760e+01 3.823526e+00 7.665406e-02 -1.812833e+00 4.355372e+00 -1.220925e+01 -1.251853e+01 6.004653e+00 -8.678146e+00 
-1.128104e+01 -2.785152e+01 2.655306e+01 1.138506e+01 -5.647686e+00 2.356248e+00 3.907988e+00 1.174980e+01 1.481458e+00 -1.391179e+01 -5.133955e-03 -2.107152e+00 
-1.535190e+01 -3.128001e+01 2.254344e+01 1.999308e+00 -1.306523e+01 -6.205093e+00 -1.070629e+00 8.640032e+00 -7.462391e-01 -6.219041e+00 6.735435e+00 -4.795437e+00 
-1.613518e+01 -3.326485e+01 2.369166e+01 6.424719e-01 -7.042355e+00 -1.003400e+01 -3.759159e+00 7.410852e+00 -1.849389e+00 -1.184917e+01 2.687563e+00 -7.910966e+00 
-1.681421e+01 -3.249070e+01 2.488606e+01 -2.217347e+00 -7.153709e+00 -1.046068e+01 -4.646286e+00 7.183110e+00 1.871959e+00 -1.049370e+01 2.904986e+00 -6.562508e+00 
-1.626644e+01 -3.169074e+01 2.195054e+01 -3.859003e+00 -5.606917e+00 -1.231360e+01 -7.056440e+00 -2.797582e+00 -9.197951e-01 -1.109050e+01 4.991408e+00 -3.283650e+00 
-1.567886e+01 -2.984496e+01 2.268361e+01 1.658023e+00 -4.492764e+00 -9.656217e+00 -7.433469e+00 -2.314021e+00 -5.677129e+00 -1.005532e+01 5.401166e+00 -6.899125e+00 
-1.494107e+01 -3.295591e+01 2.041726e+01 -1.110454e+00 -9.887065e+00 -1.055502e+01 -8.738922e+00 -5.189192e-01 -5.675346e+00 -1.510711e+01 -5.096662e-01 -7.313754e+00 
-1.230646e+01 -3.044421e+01 1.967183e+01 1.052678e+00 -1.101095e+01 -7.009126e+00 -1.120873e+01 1.012876e+00 -4.949027e+00 -1.093679e+01 3.020666e+00 -7.712780e+00 
-9.542001e+00 -2.143752e+01 2.542472e+01 1.137095e+01 -3.837416e+00 1.001185e+00 -1.103514e+00 8.407299e+00 7.182875e-01 -6.832160e+00 6.225328e+00 -2.542364e+00 
-5.869173e+00 -8.833885e+00 2.504395e+01 1.847731e+01 1.579200e+01 -5.545572e+00 -1.043480e+00 -1.280760e+01 1.271646e+00 -1.903399e+01 1.025741e+01 -7.301471e+00 
-8.036572e+00 -1.020657e+01 2.573191e+01 1.691703e+01 1.952937e+01 -4.460235e+00 7.413669e+00 -2.691322e+01 2.547163e+00 -1.887169e+01 1.092175e+01 -1.080939e+01 
-2.912335e+00 -5.219739e+00 2.372925e+01 1.218305e+01 2.143091e+01 1.911564e+00 -6.162431e+00 -1.620438e+01 -2.392419e-01 -1.788890e+01 1.095892e+01 -7.810711e+00 
-2.364911e-01 -4.163165e+00 2.072982e+01 1.035041e+01 1.459448e+01 5.089960e+00 -1.056403e+01 -9.759607e+00 -6.536588e+00 -1.222013e+01 1.121444e+01 -1.872782e+00 
-3.748560e-01 1.771288e+00 1.705532e+01 1.396670e+01 9.545806e+00 8.022643e+00 -3.500668e+00 -8.368825e+00 -6.472396e+00 -4.250880e+00 6.635087e+00 8.184903e-01 
-2.891011e+00 -5.494277e+00 1.428736e+01 -9.277714e-01 1.043116e+01 5.375981e+00 1.977340e+00 2.411770e+00 -1.849983e+00 -7.383880e+00 1.001257e+01 -1.391427e+00 
-7.939433e+00 -1.012199e+01 1.042973e+01 -2.209044e+00 6.029926e+00 -3.351313e+00 3.302295e+00 -1.519732e+01 7.640910e+00 -1.657894e+01 1.775199e+01 -1.491850e+01 
-1.933830e+00 -7.007458e+00 1.110480e+01 2.744157e+00 8.391492e+00 -1.408341e+00 -2.135563e+00 -2.266350e+01 2.564399e+00 -2.143666e+01 1.770553e+01 -1.270858e+01 
4.896750e+00 -8.072635e+00 4.700471e+00 -2.847604e+00 1.088328e+01 -1.027672e+01 -4.694848e+00 -1.056325e+01 5.971326e+00 -2.752190e+01 1.388205e+01 -1.518551e-01 
4.944135e+00 -1.024241e+01 5.568345e+00 -9.603553e+00 1.083338e+01 -1.152543e+01 -5.425963e+00 -8.408134e+00 7.554132e+00 -2.660523e+01 1.718892e+01 5.343248e-01 
4.888221e+00 -1.036499e+01 4.856753e+00 -1.235874e+01 7.831677e+00 -1.377415e+01 -3.467401e+00 -6.183130e+00 5.459574e+00 -2.009235e+01 1.739798e+01 -1.297480e+00 
5.403772e+00 -1.262293e+01 5.808944e+00 -1.467467e+01 8.204684e+00 -1.218067e+01 -6.990671e+00 1.812155e+00 1.008340e+00 -1.719463e+01 1.530040e+01 -2.170227e+00 
5.606581e+00 -1.255268e+01 4.736454e+00 -1.322898e+01 1.027661e+01 -1.181274e+01 -9.269286e+00 3.197947e+00 6.754929e-01 -1.672750e+01 1.328971e+01 -2.246911e+00 
7.129068e+00 -1.513319e+01 7.514080e+00 -1.179990e+01 4.789815e+00 -1.088006e+01 -7.241513e+00 4.732862e+00 -2.224436e+00 -1.548752e+01 1.473873e+01 -2.835492e+00 
7.677789e+00 -1.578836e+01 7.128478e+00 -1.032515e+01 2.770831e+00 -1.005287e+01 -1.078658e+01 5.173994e+00 -2.285432e-01 -1.775279e+01 1.799264e+01 -2.841800e+00 
7.185456e+00 -1.250394e+01 2.400283e+00 -8.258342e+00 4.061448e+00 -9.555444e+00 -1.159685e+01 8.406674e+00 -8.373784e+00 -1.339098e+01 1.804560e+01 -3.689317e+00 
7.548901e+00 -1.294693e+01 1.080212e+00 -9.219918e+00 1.160799e+01 -1.232904e+01 -1.146798e+01 6.659617e+00 -1.053135e+01 -1.735993e+01 2.450138e+01 -8.395641e+00 
8.102835e+00 -1.224159e+01 1.313293e+00 -7.101626e+00 1.493706e+01 -1.120939e+01 -1.606843e+01 8.234465e+00 -1.081486e+01 -2.006701e+01 2.398663e+01 -5.686110e+00 
8.879478e+00 -1.207816e+01 4.357516e-01 -1.179376e+00 1.804343e+01 -1.237663e+01 -1.366668e+01 7.260480e+00 -1.089332e+01 -2.328975e+01 1.854920e+01 -6.795550e+00 
9.726726e+00 -1.092266e+01 -1.779583e+00 6.240045e+00 2.101227e+01 -8.596179e+00 -1.204271e+01 5.649443e+00 -9.644547e+00 -1.707613e+01 1.028156e+01 -5.573241e+00 
5.387661e+00 -4.778186e+00 2.914778e+00 4.990327e+00 1.243737e+01 -2.210659e+00 -1.077778e+01 9.886059e+00 -4.654219e+00 -8.513083e+00 8.556583e+00 1.156103e+00 
-1.037301e+00 -1.176635e+01 1.371594e+01 -3.224264e-01 1.478007e+01 1.029237e+01 -1.043517e+01 5.169002e+00 2.706454e+00 -6.792230e+00 2.928215e+00 -6.476196e+00 
2.790477e+00 -2.301019e+01 9.082805e+00 5.187957e+00 -5.964712e+00 -4.240252e+00 2.082495e+00 4.727246e+00 -6.181155e+00 6.154253e-01 3.751448e+00 -7.252008e+00 
4.766441e+00 -1.849072e+01 1.107473e+01 1.300181e+01 2.433726e+00 -4.604318e+00 5.923516e-01 -2.418845e+00 -7.062010e+00 -1.026427e+00 -6.913164e-01 -1.103247e+01 
4.851260e+00 -1.268601e+01 1.211016e+01 1.462519e+01 1.805316e+01 -8.388203e+00 -7.973775e+00 2.277621e+00 -1.380929e+01 -8.294971e+00 2.889655e+00 -1.119613e+01 
4.895329e+00 -1.342074e+01 1.276321e+01 1.839926e+01 1.951538e+01 -1.008117e+01 -7.253750e+00 2.223962e+00 -1.625334e+01 -1.166841e+01 3.027170e+00 -1.108990e+01 
4.648451e+00 -1.287525e+01 1.477501e+01 1.979761e+01 1.776109e+01 -9.605616e+00 -6.245790e+00 3.415068e-01 -1.735114e+01 -1.180537e+01 5.206508e+00 -1.009333e+01 
3.999274e+00 -9.821647e+00 1.362840e+01 1.965894e+01 2.208687e+01 -7.954240e+00 -1.309273e+01 2.623913e+00 -1.824924e+01 -1.550555e+01 7.695255e+00 -5.104500e+00 
2.933580e+00 -8.895531e+00 1.929536e+01 2.020201e+01 1.486891e+01 -8.167362e+00 -1.047991e+01 2.773661e+00 -1.982848e+01 -1.504958e+01 1.032430e+01 -4.541481e+00 
3.391795e+00 -1.365729e+01 1.475191e+01 2.724112e+01 1.519872e+01 -1.164550e+01 -9.357234e+00 6.844930e+00 -1.982134e+01 -1.534626e+01 9.230686e+00 -2.768103e+00 
1.457531e+00 -1.366445e+01 1.460154e+01 2.923817e+01 1.544759e+01 -1.045725e+01 -6.493191e+00 6.584743e+00 -1.840615e+01 -1.528272e+01 9.337540e+00 -2.098521e+00 
1.657970e+00 -1.242366e+01 1.373581e+01 3.533978e+01 1.534354e+01 -1.533033e+01 -4.642079e+00 6.449346e+00 -2.002521e+01 -1.493666e+01 9.601420e+00 1.777549e+00 
-1.372315e+00 -7.537896e+00 9.997939e+00 3.173013e+01 1.211609e+01 -1.059061e+01 -3.945761e+00 4.194394e+00 -1.394006e+01 -1.604439e+01 3.334721e+00 8.692815e-01 
-5.383948e+00 -3.734513e+00 5.558678e+00 1.273609e+01 1.016769e+01 -1.787416e+00 -2.460971e+00 3.154894e+00 -9.359843e+00 -1.583401e+01 -3.046265e+00 -2.662205e+00 
