-1.235148e+01 -2.177116e+01 4.838921e+00 1.367756e+01 -1.718214e+01 -8.742634e+00 1.399652e+01 4.791296e+00 -1.468705e+01 -8.406737e-01 5.652048e+00 -4.593133e+00 
-1.309674e+01 -2.685620e+01 1.079393e+01 1.489460e+01 -1.682776e+01 -1.051678e+01 8.699040e+00 8.774042e+00 -5.356311e+00 -4.792033e+00 -1.228241e+00 6.430105e-01 
-1.676706e+01 -3.154343e+01 1.966838e+01 1.077613e+01 -1.969622e+01 -7.335741e+00 8.957347e-01 7.094886e+00 -4.430144e+00 -6.542798e+00 -2.371227e+00 6.029204e+00 
-1.693325e+01 -3.240472e+01 1.799315e+01 8.583955e+00 -1.803810e+01 -1.302690e+01 -4.402852e-01 7.931575e+00 -9.242828e+00 -9.496485e+00 -5.338127e+00 1.501637e+00 
-1.788786e+01 -3.371307e+01 2.148500e+01 8.025988e+00 -1.477449e+01 -6.021031e+00 2.632740e+00 1.427493e+01 -5.494931e+00 -8.434288e+00 -2.071619e+00 4.091229e+00 
-2.135816e+01 -3.358047e+01 2.402543e+01 -1.539589e+00 -5.700359e+00 -1.355929e+01 6.178434e+00 1.773956e+01 -1.214867e+01 6.301781e-01 -7.531200e+00 1.871089e+00 
-2.318574e+01 -3.162746e+01 2.593404e+01 -5.991342e+00 5.845613e-01 -1.985235e+01 5.736231e+00 1.524914e+01 -1.666250e+01 2.709404e+00 -8.972335e+00 3.452006e+00 
-2.209292e+01 -3.164912e+01 2.642026e+01 -6.411502e+00 -1.813815e-01 -1.747335e+01 5.108991e+00 1.527995e+01 -1.970461e+01 -1.480388e+00 -7.197546e+00 6.751231e+00 
-2.030733e+01 -2.955169e+01 2.622735e+01 -1.329134e+00 -5.299555e+00 -1.390288e+01 1.380053e+00 1.247289e+01 -1.769440e+01 -2.970905e+00 -5.502036e+00 1.765148e-01 
-1.432601e+01 -2.420536e+01 2.343619e+01 4.910360e+00 -5.055563e+00 -7.709894e+00 5.721446e+00 1.658930e+01 -1.155190e+01 -4.400277e+00 -5.735776e-01 1.183344e+00 
-3.959442e+00 -1.107063e+01 2.842927e+01 2.060534e+01 7.985497e-01 -1.372962e+00 8.252357e+00 1.142240e+01 -1.506250e+01 -1.050583e+01 -2.030763e+00 -3.769844e+00 
2.493057e+00 -8.359398e+00 2.265561e+01 2.822365e+01 9.707376e+00 -1.087368e+01 1.522078e+00 6.077532e+00 -2.230831e+01 -1.196870e+01 5.282402e+00 -3.355826e+00 
3.259310e+00 -6.870515e+00 2.125109e+01 2.841912e+01 1.345104e+01 -1.148790e+01 -1.600678e+00 6.111816e+00 -2.524282e+01 -1.489166e+01 7.312053e+00 -1.625419e-02 
4.116533e+00 -2.290297e+00 1.651872e+01 2.609738e+01 1.274001e+01 -8.715029e+00 -5.520924e+00 1.279283e+00 -1.666438e+01 -1.213554e+01 7.278006e+00 6.036851e+00 
3.746819e+00 3.806375e+00 1.375331e+01 2.278553e+01 1.040425e+01 -3.976748e+00 -2.451510e-02 2.280074e+00 -9.095751e+00 -5.558031e+00 5.221118e+00 5.225692e+00 
3.117606e+00 8.873696e+00 1.629847e+01 1.765972e+01 7.827901e+00 -7.311346e-01 3.043376e-01 -2.862944e+00 -9.852755e+00 -3.245288e+00 8.449689e+00 7.204277e+00 
1.372836e+00 9.308282e+00 1.433572e+01 1.445721e+01 7.981316e+00 3.722711e+00 1.350931e+00 -1.899133e+00 -5.788616e+00 -2.130857e+00 5.383081e+00 4.667427e+00 
-3.836399e+00 -1.306828e+01 1.533339e+01 9.782273e+00 6.327151e+00 4.188060e+00 -5.675046e+00 1.478439e+00 4.902479e+00 -2.626159e+00 1.495956e+00 6.431091e+00 
-3.547742e+00 -1.998424e+01 1.711480e+01 -7.334957e+00 6.079762e+00 -1.266360e+01 -5.953271e+00 -6.096831e+00 -8.030833e-02 -2.127170e+00 -2.700991e+00 2.658251e+00 
3.831959e+00 -1.284114e+01 1.346893e+01 -2.388148e+00 7.590136e+00 -6.623915e+00 -5.671014e+00 -4.542485e+00 -1.354098e+01 -6.595954e+00 -3.884346e+00 7.961904e+00 
1.088335e+01 -1.685417e+01 8.031679e+00 -2.218886e+00 5.758214e+00 -8.980731e+00 -7.071102e+00 9.060085e-01 -1.524999e+01 -1.431278e+01 1.153818e+01 5.056198e-01 
1.202223e+01 -1.791109e+01 6.046323e+00 -3.529547e+00 3.822694e+00 -8.396580e+00 -7.231944e+00 1.761958e+00 -1.312653e+01 -1.203076e+01 1.281249e+01 1.950464e+00 
1.387313e+01 -1.623314e+01 1.400161e+00 -2.008431e+00 8.506316e-01 -1.021016e+01 -6.290637e+00 2.911057e+00 -1.195413e+01 -1.006031e+01 1.307222e+01 6.380001e-01 
1.388946e+01 -1.446789e+01 -2.301946e+00 -4.229061e-01 -7.944754e-01 -1.252360e+01 -3.532127e+00 7.031326e+00 -1.381117e+01 -5.478758e+00 9.179741e+00 7.358350e-01 
1.414954e+01 -1.505018e+01 -1.364723e+00 -4.350395e+00 -1.372252e-01 -1.184874e+01 -5.283021e+00 8.170794e+00 -1.215290e+01 -6.175930e+00 1.136260e+01 -1.381460e+00 
1.445686e+01 -1.640580e+01 -1.760533e+00 -3.095156e+00 -9.059985e-01 -1.119952e+01 -7.397266e+00 1.061769e+01 -1.212377e+01 -6.661400e+00 1.328622e+01 -2.865069e+00 
1.466096e+01 -1.730779e+01 -1.287979e+00 -3.764717e+00 1.534489e+00 -1.349225e+01 -5.851569e+00 1.087771e+01 -1.579507e+01 -4.705078e+00 1.468942e+01 -5.619213e+00 
1.435423e+01 -1.636378e+01 -3.108808e+00 2.631313e-01 -7.384309e-01 -1.364260e+01 -1.005249e+00 5.330983e+00 -1.700647e+01 -2.377586e+00 1.323029e+01 -3.955493e+00 
1.503009e+01 -1.550380e+01 -5.795372e+00 5.117867e-02 4.658267e+00 -1.587027e+01 -9.962881e-01 5.761655e+00 -1.900118e+01 -2.584679e+00 1.387133e+01 -3.152508e+00 
1.275933e+01 -1.310964e+01 -6.018245e+00 1.620227e+00 5.589513e+00 -1.424549e+01 -4.550943e+00 7.569087e+00 -2.091131e+01 -4.794798e+00 1.565342e+01 -1.693687e+00 
1.283514e+01 -1.293371e+01 -5.849513e+00 3.531545e+00 1.047219e+01 -1.693258e+01 -5.978361e+00 7.811773e+00 -2.281392e+01 -4.496449e+00 1.399001e+01 -2.280169e+00 
1.381948e+01 -1.309651e+01 -3.921979e+00 5.272102e+00 1.736341e+01 -1.984693e+01 -1.114726e+01 8.999008e+00 -2.530673e+01 -8.526466e+00 1.690730e+01 -4.642974e+00 
1.174815e+01 -1.006229e+01 -2.658332e+00 8.347287e+00 1.479781e+01 -1.065776e+01 -9.068412e+00 5.206173e+00 -1.744065e+01 -3.857656e+00 1.139470e+01 1.368202e+00 
6.987940e+00 -2.334938e+00 1.922125e+00 7.293516e+00 6.773809e+00 -4.165550e+00 -6.938691e-01 5.437688e+00 -4.614814e+00 8.388073e-01 6.758555e+00 5.555324e+00 
6.538335e+00 1.963653e+00 4.645158e-01 6.734051e+00 4.092160e+00 4.526903e-02 2.341074e+00 2.705352e+00 -5.346443e+00 -4.036174e+00 8.159808e+00 6.417379e+00 
5.895126e+00 -1.763800e+01 2.878996e-01 3.610184e+00 8.225874e+00 -1.484886e+01 3.881188e-01 1.380843e+01 -1.258990e+01 1.076319e+00 3.916655e+00 -5.011107e+00 
7.729117e+00 -1.390594e+01 5.137486e+00 1.204934e+01 1.039689e+01 -1.502830e+01 4.866850e-01 6.485475e+00 -1.643507e+01 -2.294934e+00 2.513943e+00 -8.139714e+00 
8.305264e+00 -1.271313e+01 5.808207e+00 2.223879e+01 1.684655e+01 -1.915729e+01 -1.987774e+00 1.290839e+00 -1.948846e+01 -6.072383e+00 4.565968e+00 -4.848665e+00 
7.700543e+00 -1.625087e+01 9.615968e+00 2.325287e+01 1.505539e+01 -1.611033e+01 -2.107398e+00 -4.658435e+00 -1.708353e+01 -5.169040e+00 1.043139e+00 -4.025143e-02 
7.190874e+00 -1.601257e+01 1.092009e+01 2.418906e+01 1.414962e+01 -1.531372e+01 -2.183115e+00 -2.909940e+00 -1.807830e+01 -5.146303e+00 8.442113e-01 1.894559e+00 
7.400223e+00 -1.511254e+01 1.046961e+01 2.905498e+01 1.483970e+01 -1.427654e+01 -3.074691e+00 -3.928451e+00 -2.029387e+01 -4.979768e+00 3.349539e+00 1.277751e+00 
6.511510e+00 -1.235995e+01 1.182472e+01 2.786340e+01 1.552243e+01 -1.443232e+01 -2.236430e+00 -4.232001e+00 -1.803601e+01 -6.817795e+00 4.216749e+00 1.976044e+00 
5.776748e+00 -1.117107e+01 1.191724e+01 3.048248e+01 1.513747e+01 -1.494351e+01 -4.927045e-01 -7.924082e-01 -1.940576e+01 -9.611400e+00 4.729877e+00 1.285134e+00 
5.621631e+00 -1.102993e+01 1.125335e+01 3.121270e+01 1.649726e+01 -1.157417e+01 -1.040643e+00 -1.464225e+00 -2.059883e+01 -8.214598e+00 4.784838e+00 5.124761e-01 
4.096123e+00 -1.141594e+01 1.392782e+01 3.554163e+01 1.325404e+01 -1.310085e+01 2.967211e-01 -1.432252e+00 -1.954391e+01 -1.039768e+01 6.854372e+00 -4.421392e-01 
2.808539e+00 -1.114679e+01 1.602356e+01 3.563824e+01 9.885133e+00 -1.444316e+01 5.679779e+00 -4.864911e+00 -2.463947e+01 -5.594594e+00 5.953115e+00 -2.882474e+00 
2.798625e+00 -6.917125e+00 1.553734e+01 3.400104e+01 9.637178e+00 -1.285042e+01 9.457104e+00 -2.604079e+00 -2.589175e+01 -9.082913e+00 7.308648e+00 -2.173896e+00 
-1.067043e+00 -5.963268e+00 1.611555e+01 2.817422e+01 6.992893e+00 -6.170889e+00 8.326281e+00 -3.564036e+00 -2.327254e+01 -8.494204e+00 2.983297e+00 -4.539074e+00 
-6.006865e+00 -1.121703e+01 1.654395e+01 2.795403e+01 6.388290e+00 -1.300620e+01 1.454491e+01 -5.728352e-01 -2.064958e+01 -2.909760e+00 2.850030e+00 -4.440711e+00 
-5.497779e+00 -2.969748e+00 1.301793e+01 2.019941e+01 8.879162e+00 -3.593229e+00 8.573144e+00 -8.746319e-02 -1.412976e+01 -5.157979e+00 -3.486003e+00 -3.756922e+00 
-5.775939e+00 -2.913291e+00 1.097003e+01 1.657000e+01 4.473150e+00 -2.717249e+00 4.065086e+00 1.307789e+00 -9.661037e+00 -6.681065e+00 1.289246e+00 3.310465e-01 
-6.489708e+00 1.307836e+00 9.384159e+00 1.031478e+01 4.545046e+00 7.536449e-01 -1.875973e-01 -9.191443e-01 -4.454579e+00 -7.733121e+00 -4.662063e+00 -5.156937e+00 
-1.042710e+01 -1.076144e+01 1.374332e+01 1.957403e+01 4.535422e+00 -9.553051e+00 7.147071e+00 -3.341382e+00 -1.431490e+01 -6.984023e+00 -4.851749e+00 -2.893022e+00 
-1.102133e+01 -1.462741e+01 1.432784e+01 1.680667e+01 4.356533e+00 -1.029150e+01 9.994289e+00 -4.875697e+00 -1.495913e+01 -5.127867e+00 -5.646003e+00 -9.083713e-01 
-1.184706e+01 -2.266396e+01 1.918058e+01 1.116633e+01 -1.179280e+01 -5.727723e+00 8.500115e+00 -2.630658e+00 -7.059217e+00 -1.030181e+01 -5.390169e+00 4.392645e+00 
-1.562468e+01 -2.738663e+01 2.330635e+01 4.258774e+00 -8.696198e+00 -9.350447e+00 1.083434e+01 6.621669e-01 -8.516838e+00 -6.485340e+00 -7.551142e+00 3.908744e+00 
-1.809080e+01 -2.935868e+01 2.430665e+01 -2.458549e+00 -2.933228e+00 -1.620399e+01 1.253506e+01 -5.597379e-01 -7.990084e+00 -1.750469e+00 -6.020514e+00 7.625679e+00 
-1.969911e+01 -3.093750e+01 2.247478e+01 -7.749875e+00 -5.128591e+00 -2.564950e+01 7.997428e+00 -4.308273e+00 -5.493051e+00 -1.823597e+00 -1.036045e+01 5.722250e+00 
-1.923201e+01 -2.896283e+01 2.344302e+01 -2.758878e+00 2.365534e+00 -1.911884e+01 1.619052e+01 -1.684568e+00 -5.574343e+00 -2.850766e+00 -5.196591e+00 8.107470e+00 
-1.884364e+01 -2.722711e+01 2.398285e+01 -3.034491e+00 3.735463e-03 -2.099798e+01 1.644769e+01 5.893611e-01 -3.129000e+00 3.149297e-01 -3.892128e+00 9.141988e+00 
-1.935972e+01 -2.800372e+01 2.349191e+01 -3.869570e+00 -1.650995e+00 -1.974587e+01 1.501982e+01 -1.250430e+00 -3.341393e+00 1.408774e+00 -6.300180e+00 7.651259e+00 
-1.792985e+01 -2.836412e+01 2.352029e+01 -6.093944e-01 -3.092870e+00 -2.075200e+01 8.651549e+00 -7.020579e+00 -9.705208e+00 -3.293527e+00 -9.770480e+00 4.970161e+00 
-1.701373e+01 -2.861884e+01 2.092046e+01 2.615580e+00 -4.463415e+00 -1.735110e+01 3.900659e+00 -6.338362e+00 -1.175537e+01 -2.928503e+00 -1.162309e+01 5.977518e+00 
-1.438783e+01 -2.536207e+01 1.857714e+01 3.089665e+00 -9.770103e+00 -1.437267e+01 5.911858e+00 -3.504713e+00 -1.267214e+01 -5.355239e+00 -1.324175e+01 1.407230e+00 
-9.850373e+00 -2.158209e+01 1.625379e+01 8.986140e+00 -9.969938e+00 -6.705745e+00 8.457105e+00 -1.929566e+00 -1.246115e+01 -6.411598e+00 -3.771506e+00 4.685095e+00 
-2.796651e+00 -9.164234e+00 2.120273e+01 2.051771e+01 -4.316008e-01 -6.483915e+00 8.324040e+00 8.332027e-01 -8.379628e+00 -4.590163e+00 -1.369777e+00 5.273159e+00 
9.465569e-01 -5.512927e+00 2.390611e+01 2.793305e+01 6.138638e+00 -1.670484e+01 3.877362e+00 1.137523e+00 -1.583407e+01 -7.570274e+00 -1.544386e+00 8.632050e-01 
2.128592e+00 -5.584483e+00 2.025394e+01 2.709199e+01 1.136720e+01 -1.676399e+01 6.203524e+00 -1.252356e+00 -1.755484e+01 -6.965894e+00 -2.979685e+00 1.328118e+00 
3.055209e+00 -4.327335e+00 1.714528e+01 2.290236e+01 1.473271e+01 -1.098804e+01 1.871988e+00 -4.139164e+00 -1.705486e+01 -5.943949e+00 -6.823195e-02 -1.502168e-01 
3.131018e+00 -2.921169e+00 1.584116e+01 1.944297e+01 1.660086e+01 -8.833338e+00 6.148210e-01 -4.298643e+00 -1.938367e+01 -3.897292e+00 5.465485e-01 -5.339088e-01 
2.683163e+00 -1.958122e+00 1.374332e+01 1.901082e+01 1.628384e+01 -6.356733e+00 -3.830066e+00 -5.634572e+00 -1.427918e+01 -1.789491e+00 -1.165012e+00 3.302485e+00 
9.471400e-01 2.220279e-01 1.319875e+01 1.842215e+01 1.236695e+01 -8.238100e-01 -5.451928e+00 -7.505180e+00 -8.626794e+00 -1.846642e+00 3.089328e+00 1.186772e+00 
-1.583126e+00 2.249219e+00 1.177689e+01 1.312558e+01 9.533581e+00 6.655791e+00 1.305232e+00 -3.632778e-01 -5.514667e+00 -5.558338e+00 2.714817e+00 2.928091e-01 
-5.924641e+00 -8.359398e+00 9.141838e+00 7.683718e+00 7.420304e+00 6.117485e+00 -3.591921e-01 2.525456e+00 1.401277e+00 -6.269644e+00 7.492012e+00 -5.761087e+00 
3.118189e+00 -7.467906e+00 1.144678e+01 1.072820e+01 4.900561e+00 -4.138930e+00 -1.040578e+01 -6.095290e+00 -1.039830e+01 -1.016232e+01 4.832503e+00 7.281875e-01 
1.144083e+01 -1.176453e+01 1.963125e+00 8.079164e+00 6.129014e+00 -1.317085e+01 -2.273616e+00 -1.950367e+00 -1.376371e+01 -1.053594e+01 7.738119e+00 1.522539e-01 
1.207005e+01 -1.273348e+01 1.190429e+00 3.553264e+00 5.629707e+00 -1.434161e+01 -2.294226e+00 -3.386239e-01 -1.453434e+01 -6.923492e+00 9.228865e+00 -4.774758e-01 
1.209396e+01 -1.128990e+01 -6.272456e-01 -1.326887e+00 5.106058e+00 -1.513231e+01 4.893732e-01 4.176106e+00 -1.842039e+01 -2.706969e+00 7.732282e+00 6.567232e-01 
1.278673e+01 -1.328689e+01 -1.919277e+00 -2.140995e+00 3.919498e+00 -1.761089e+01 6.403586e-01 5.036678e+00 -1.830385e+01 -1.411255e+00 8.595116e+00 -1.990024e-01 
1.251441e+01 -1.408188e+01 -8.038618e-01 -5.330769e+00 4.791303e+00 -1.692420e+01 -5.422806e+00 9.348784e+00 -1.619824e+01 -2.874425e+00 1.117291e+01 -2.101113e+00 
1.305731e+01 -1.395518e+01 -3.112488e+00 -3.479367e+00 2.336663e+00 -1.588505e+01 -3.668328e+00 9.710503e+00 -2.038832e+01 8.277460e-01 9.866505e+00 -2.505638e+00 
1.330048e+01 -1.487753e+01 -3.266501e+00 -1.585275e+00 2.417616e+00 -1.715885e+01 -3.885622e+00 9.785234e+00 -1.824793e+01 -1.342429e+00 1.088984e+01 -1.770953e+00 
1.376117e+01 -1.547886e+01 -2.364497e+00 -2.287040e+00 1.727531e+00 -1.595900e+01 -3.898166e+00 8.816801e+00 -1.855713e+01 -3.154646e+00 1.451578e+01 -4.796978e+00 
1.378624e+01 -1.465564e+01 -2.781858e+00 -9.052292e-01 2.064365e+00 -1.718793e+01 -2.260623e+00 4.288974e+00 -1.690356e+01 -1.762145e+00 1.248175e+01 -3.160683e+00 
1.286779e+01 -1.464710e+01 -2.058573e+00 -1.942524e+00 6.880804e+00 -1.759659e+01 -9.103357e+00 1.053949e+01 -1.956223e+01 -6.502547e+00 1.861740e+01 -4.340767e+00 
1.310047e+01 -1.401755e+01 -2.923782e+00 3.080682e-01 1.022423e+01 -1.793525e+01 -1.291339e+01 1.084612e+01 -1.957586e+01 -9.687293e+00 1.863248e+01 -3.255354e+00 
1.358098e+01 -1.320286e+01 -4.526469e+00 6.353585e+00 1.084299e+01 -1.835969e+01 -9.856941e+00 6.612981e+00 -1.982444e+01 -6.577518e+00 9.770203e+00 -2.725832e+00 
1.243976e+01 -1.282408e+01 -2.196817e+00 1.088173e+01 1.242299e+01 -1.236634e+01 -7.157123e+00 -1.029316e+00 -1.374914e+01 -4.117290e+00 -3.032213e+00 -1.636727e+00 
7.376897e+00 -9.716986e+00 1.082672e+00 1.305219e+01 1.017102e+01 -7.612782e+00 -3.647271e+00 -6.926971e+00 -8.513079e+00 3.578334e+00 -3.396510e+00 7.583750e+00 
5.019825e+00 -3.235620e+00 1.640906e+00 1.290839e+01 9.209768e+00 -7.396375e+00 -2.693419e+00 1.639845e+00 -5.316370e+00 -5.887209e-01 5.834926e+00 9.009608e+00 
4.592380e+00 -1.335779e+01 -9.442086e-01 1.233394e+01 8.041323e+00 -1.212775e+01 4.095551e+00 1.227450e+01 -6.311612e+00 1.096598e+00 2.188557e+00 1.791977e+00 
5.127707e+00 -1.851242e+01 1.961023e+00 9.117955e+00 8.987854e+00 -1.346465e+01 2.746987e+00 9.448555e+00 -9.202888e+00 -4.240297e-01 -3.965571e+00 -1.244596e+00 
6.942454e+00 -1.215053e+01 6.199286e+00 2.345658e+01 1.383486e+01 -1.809201e+01 1.501021e+00 4.220791e+00 -1.577581e+01 -7.521420e+00 -7.948792e-01 2.113240e-01 
6.225186e+00 -1.303086e+01 9.397301e+00 2.767616e+01 1.740303e+01 -1.979271e+01 4.258634e+00 -1.191877e+00 -2.221433e+01 -6.215259e+00 -2.217532e+00 7.657029e-02 
5.983764e+00 -1.377859e+01 1.170698e+01 2.765669e+01 1.556602e+01 -1.712040e+01 1.108996e+00 -1.594428e+00 -2.292529e+01 -6.553245e+00 1.930777e+00 1.058084e+00 
4.537564e+00 -1.407794e+01 1.312201e+01 2.848278e+01 1.303156e+01 -1.635090e+01 2.787757e+00 -5.693895e+00 -2.186614e+01 -3.043418e+00 -5.847643e-01 2.785094e+00 
5.302650e+00 -1.115466e+01 1.236508e+01 2.799747e+01 1.505879e+01 -1.961179e+01 -1.279442e+00 -1.231554e+00 -2.090003e+01 -8.102140e+00 2.716276e+00 3.655587e+00 
4.171932e+00 -7.148860e+00 1.529239e+01 2.916957e+01 1.075467e+01 -1.750392e+01 -2.079620e+00 -4.483161e+00 -2.117304e+01 -8.248396e+00 5.857299e+00 5.427691e+00 
3.071537e+00 -7.230919e+00 1.668640e+01 3.027727e+01 9.377901e+00 -1.908433e+01 4.884771e-01 -3.506639e+00 -2.286984e+01 -7.240277e+00 6.892309e+00 8.874659e-01 
1.631752e+00 -1.571847e+01 1.525980e+01 3.736607e+01 9.343369e+00 -1.820293e+01 7.518038e+00 -4.049408e+00 -2.288206e+01 -4.056146e+00 3.283878e+00 -2.523306e+00 
1.923908e+00 -1.431887e+01 1.450761e+01 4.133175e+01 8.027737e+00 -1.721997e+01 5.434708e+00 -3.448472e+00 -2.146579e+01 -7.727591e+00 4.611201e+00 -4.131912e+00 
-3.434029e+00 -4.011571e+00 1.004700e+01 2.205605e+01 7.742419e+00 -8.173764e+00 -1.817076e+00 7.889029e-01 -1.169146e+01 -1.332248e+01 -2.115879e+00 -1.979476e-01 
-5.320503e+00 -1.657457e+00 1.184890e+01 1.831655e+01 5.116814e+00 -7.925808e+00 2.024765e+00 2.095555e+00 -1.525469e+01 -1.655762e+01 -4.850777e+00 -5.347860e+00 
-6.808689e+00 -2.346098e+00 7.462407e+00 1.522938e+01 5.868604e+00 -3.311259e+00 7.655135e+00 6.642258e+00 -8.417689e+00 -1.186884e+01 -3.711196e+00 -4.271080e-01 
-7.817530e+00 -2.603435e+00 7.783575e+00 1.324017e+01 5.734437e+00 -2.144436e+00 3.016700e+00 2.625998e+00 -4.441892e+00 -9.340090e+00 -4.367318e+00 -2.245819e-01 
-1.010987e+01 -2.296862e+00 7.135457e+00 8.599683e+00 3.006367e+00 -5.324979e+00 -6.759480e-01 2.318210e+00 -2.175109e+00 -9.625534e+00 -4.492317e+00 -7.055814e-01 
