-1.046816e+01 -2.813042e+01 2.285541e+00 2.094094e+01 -8.373318e+00 -1.463202e+01 9.277095e+00 7.336504e+00 -9.413041e+00 -4.237507e+00 -3.401294e+00 1.779384e+00 
-1.530552e+01 -3.163744e+01 1.190215e+01 1.423672e+01 -7.933697e+00 -1.878183e+01 5.727731e+00 3.903685e+00 -9.188981e+00 -1.011821e+00 -1.170916e+00 8.668362e+00 
-2.050431e+01 -3.352694e+01 2.150203e+01 2.192583e+00 -1.076124e+00 -1.934924e+01 -3.133882e+00 9.189049e+00 -1.332579e+01 -2.920711e+00 -7.473571e+00 3.399537e+00 
-2.069991e+01 -2.818434e+01 2.510718e+01 3.619895e-01 6.585439e-01 -1.659783e+01 6.241525e+00 1.495202e+01 -6.640737e+00 -1.167235e+00 -5.151387e+00 5.809499e+00 
-1.978244e+01 -2.724759e+01 2.467619e+01 1.849307e+00 -2.147178e+00 -1.807583e+01 8.784489e+00 1.492887e+01 -3.833188e+00 1.743400e+00 -6.318277e+00 1.864989e+00 
-1.803674e+01 -2.842608e+01 2.212320e+01 4.958241e+00 -3.837433e+00 -1.132579e+01 2.604522e+00 1.022680e+01 -1.414046e+01 -8.233506e+00 -9.614560e+00 -3.116468e+00 
-1.366416e+01 -2.274279e+01 2.164585e+01 1.336441e+01 -2.178073e+00 -4.824184e+00 9.992168e+00 1.189766e+01 -7.752479e+00 1.355287e+00 -9.109627e-01 3.090086e+00 
-5.498222e+00 -5.737954e+00 2.526917e+01 1.480842e+01 1.064431e+01 -1.397995e+01 1.195874e+01 9.079335e+00 -1.021915e+01 -2.440416e-01 -7.571657e+00 -4.158556e+00 
-2.269957e+00 -6.101751e+00 2.561941e+01 2.018975e+01 2.340426e+01 -2.259299e+01 8.791712e+00 5.905701e+00 -2.771095e+01 -4.837202e+00 2.553468e+00 -4.562687e+00 
-2.848665e+00 -5.624193e+00 2.441004e+01 2.077778e+01 2.275223e+01 -2.578231e+01 8.342925e+00 6.186527e+00 -2.559472e+01 -1.148411e+01 1.044000e+01 -7.425180e+00 
-4.254604e+00 -4.853940e+00 2.105145e+01 2.137773e+01 2.761188e+01 -1.960675e+01 9.197161e+00 -1.903070e+00 -2.108985e+01 -1.895243e+01 1.873531e+01 -1.046524e+01 
-3.331594e+00 -5.077313e+00 2.219153e+01 1.418526e+01 2.780305e+01 -1.371539e+01 5.220679e+00 1.114550e+00 -2.109992e+01 -1.166993e+01 1.432094e+01 -5.489829e+00 
-2.077390e+00 -2.694859e+00 1.921280e+01 1.274815e+01 2.469287e+01 -8.712449e+00 1.429361e-01 4.861915e+00 -1.589971e+01 -6.173848e+00 1.460070e+01 2.874409e+00 
-1.280910e+00 4.045455e+00 1.883197e+01 1.697288e+01 1.427843e+01 -1.228195e+00 -5.545458e-02 1.098949e+00 -1.304080e+01 -5.460970e+00 1.064584e+01 1.739152e+00 
-2.027988e+00 4.630256e+00 1.363520e+01 1.575479e+01 9.479284e+00 2.813263e+00 4.833785e-01 1.193061e+00 -7.095907e+00 -5.944105e+00 4.747125e+00 2.590973e+00 
-8.097874e+00 -9.528788e+00 9.835099e+00 -1.309478e+01 2.333153e+01 -1.596238e+01 1.034128e+01 -8.194978e+00 -4.693679e+00 8.491663e+00 -6.084894e-01 6.087188e+00 
-7.720806e+00 -1.508647e+01 1.576246e+01 -1.133762e+01 1.594165e+01 -2.378225e+01 3.601291e+00 -1.673500e+01 -3.323136e+00 3.316545e+00 -7.848516e-01 3.586780e+00 
9.310871e-01 -9.927543e+00 1.205840e+01 -8.026608e+00 1.228951e+01 -1.051246e+01 5.346359e+00 -1.481552e+01 -7.677456e+00 2.293684e+00 -3.288229e+00 7.352819e+00 
8.859090e+00 -1.190176e+01 7.327977e+00 -8.983637e+00 1.327174e+01 -8.768888e+00 2.725386e+00 -8.209070e+00 -1.018391e+01 -8.943850e+00 6.834964e+00 7.577572e+00 
9.355630e+00 -1.144494e+01 4.342079e+00 -1.124599e+01 9.575190e+00 -1.029325e+01 2.817359e+00 -7.728445e+00 -1.311734e+01 -5.893426e+00 1.017763e+01 5.216311e+00 
9.197846e+00 -1.101360e+01 1.231470e+00 -1.509984e+01 1.370042e+01 -1.280228e+01 1.265641e-01 -4.170310e+00 -7.797291e+00 -2.401678e+00 7.243737e+00 4.967056e+00 
1.108419e+01 -1.221164e+01 -1.463913e+00 -1.397462e+01 1.255019e+01 -1.548365e+01 -2.477555e+00 4.339518e+00 -8.074722e+00 -8.217764e-01 7.113278e+00 3.681158e+00 
1.073788e+01 -1.198649e+01 -3.114781e+00 -1.430158e+01 1.142636e+01 -1.772661e+01 8.820860e-01 5.392867e+00 -8.872780e+00 -2.188829e+00 1.200214e+01 -1.872011e+00 
1.041727e+01 -9.429840e+00 -5.476168e+00 -1.344622e+01 1.086959e+01 -1.611960e+01 1.462331e+00 3.961058e+00 -9.498134e+00 -2.820621e+00 1.464129e+01 -4.286511e+00 
1.143051e+01 -1.259084e+01 -3.831034e+00 -1.059270e+01 9.954307e+00 -1.848955e+01 2.752834e+00 2.535791e+00 -9.743341e+00 -3.294887e+00 1.442192e+01 -4.394804e+00 
1.178036e+01 -1.036777e+01 -3.924686e+00 -1.106839e+01 8.220282e+00 -1.360100e+01 1.417548e+00 3.235842e+00 -1.093363e+01 -3.114134e+00 1.360099e+01 -9.962934e-01 
1.233588e+01 -1.001227e+01 -4.805309e+00 -1.117822e+01 1.106334e+01 -1.051548e+01 -3.088618e+00 2.423561e+00 -1.422102e+01 5.538382e-02 1.627397e+01 -4.587492e+00 
1.181312e+01 -9.502718e+00 -4.275884e+00 -7.597356e+00 1.210736e+01 -1.130966e+01 -5.113455e+00 1.238858e+00 -9.649690e+00 -8.945961e+00 2.205043e+01 -4.627119e+00 
1.228799e+01 -9.060118e+00 -5.352890e+00 -5.186898e+00 1.720258e+01 -1.120384e+01 -7.540371e+00 3.201184e-02 -9.468930e+00 -1.265605e+01 1.815452e+01 -6.469138e-01 
1.151066e+01 -7.357857e+00 -3.877860e+00 -2.957176e+00 1.975985e+01 -8.391954e+00 -8.078723e+00 -1.907096e+00 -1.339074e+01 -1.454720e+01 1.578547e+01 -2.000268e+00 
1.172339e+01 -5.465995e+00 -3.148707e+00 2.255339e+00 2.141599e+01 -4.430117e+00 -1.021239e+01 -6.212589e+00 -1.281775e+01 -9.125447e+00 1.062023e+01 4.354066e-01 
7.734944e+00 -1.029925e+00 8.200671e-01 7.357403e+00 1.341463e+01 -7.807115e-01 -6.923530e+00 4.079562e-01 -4.059262e+00 -2.720108e+00 7.003112e+00 4.752891e+00 
4.522305e+00 5.302154e+00 4.167675e+00 2.370810e+00 1.463115e+01 -1.089616e+00 1.004395e+00 -1.147658e+00 -8.196571e+00 1.073177e+00 -2.525764e+00 7.720953e+00 
5.787203e-01 -1.323549e+01 3.475791e+00 -1.474252e+00 1.996132e+01 -1.972114e+01 5.267869e+00 1.332192e+01 -1.246026e+01 -8.623192e-01 -2.411733e+00 -1.391047e+00 
4.562634e+00 -1.359040e+01 4.313888e+00 -2.798404e+00 1.995230e+01 -2.245240e+01 -1.079414e-01 8.860915e+00 -1.404932e+01 -1.115289e+00 2.069801e+00 -5.138635e+00 
5.854646e+00 -5.541243e+00 4.900173e+00 6.860375e+00 2.799293e+01 -2.036011e+01 -8.533513e-01 2.685498e-01 -1.736139e+01 -3.199020e+00 1.355654e+00 -7.691979e+00 
4.288403e+00 -6.261134e+00 6.655206e+00 7.280840e+00 3.213038e+01 -1.942382e+01 -1.545311e+00 -4.148938e-01 -1.711014e+01 -4.581698e+00 3.166629e+00 -6.787525e+00 
4.064581e+00 -8.267941e+00 8.367235e+00 7.999397e+00 3.264724e+01 -2.339775e+01 -3.601448e+00 4.539821e+00 -1.768061e+01 -9.170636e+00 7.375164e+00 -5.655898e+00 
4.448203e+00 -1.059826e+01 7.602724e+00 1.331797e+01 3.380841e+01 -2.377015e+01 -5.319069e+00 7.177470e+00 -2.064123e+01 -1.102082e+01 6.683244e+00 -3.984926e+00 
3.469742e+00 -1.072742e+01 8.260204e+00 1.720006e+01 3.086752e+01 -2.395509e+01 -2.904673e+00 5.389344e+00 -2.384655e+01 -5.436475e+00 1.952870e+00 -2.479720e+00 
4.355952e+00 -1.416453e+01 1.225335e+01 1.859261e+01 2.879300e+01 -2.226091e+01 -3.651527e+00 1.358637e+00 -2.170815e+01 -5.806851e+00 4.255243e+00 2.312238e-01 
4.708823e+00 -1.116469e+01 1.141477e+01 1.780691e+01 2.850979e+01 -1.985719e+01 -5.023890e+00 -4.033186e-01 -2.022332e+01 -6.072913e+00 4.031045e+00 -2.733348e-01 
4.291427e+00 -9.707131e+00 1.394292e+01 1.898923e+01 2.493232e+01 -2.161236e+01 -5.137532e+00 2.920794e+00 -2.181238e+01 -3.933013e+00 1.382713e+00 -2.296106e+00 
2.881960e+00 -1.242494e+01 1.340059e+01 2.266987e+01 2.664639e+01 -2.304954e+01 -4.784569e+00 5.494025e+00 -2.350567e+01 -3.046984e+00 5.820760e+00 -1.580849e-01 
8.923776e-02 -1.514098e+01 1.772343e+01 2.602669e+01 2.015506e+01 -1.951856e+01 -8.711679e-01 2.652550e+00 -2.472416e+01 2.142071e+00 3.206733e+00 -4.437153e+00 
-4.326691e+00 -1.381614e+01 1.874883e+01 2.490148e+01 1.754887e+01 -1.304870e+01 7.695267e+00 6.219743e+00 -2.207974e+01 4.871952e+00 2.322989e+00 -6.135350e+00 
-4.790968e+00 -6.434145e+00 8.347645e+00 1.890702e+01 1.191747e+01 -1.480156e+00 3.606588e+00 2.574778e-01 -1.012852e+01 6.605695e-01 4.693491e+00 -1.749199e+00 
-5.766909e+00 -4.025028e+00 8.398293e+00 1.746363e+01 1.162075e+01 -2.848519e-01 3.697372e-01 2.269057e+00 -9.584233e+00 -3.862064e+00 4.962625e+00 2.525634e+00 
-1.041271e+01 -1.837249e+01 1.608212e+01 2.182580e+01 1.634715e+01 -1.662554e+01 4.156496e+00 7.899162e+00 -2.410132e+01 -2.236551e+00 4.960754e-02 -5.929957e+00 
-1.289641e+01 -1.950239e+01 1.865040e+01 1.991237e+01 1.919278e+01 -1.609945e+01 8.057859e+00 3.071272e+00 -2.552121e+01 1.005606e+00 -3.056784e+00 -8.515366e+00 
-1.504842e+01 -1.886545e+01 1.703489e+01 1.243688e+01 1.591268e+01 -2.256729e+01 9.191864e+00 -1.224927e-01 -2.052945e+01 4.944169e+00 -6.986038e+00 -2.698120e+00 
-1.582222e+01 -1.559957e+01 1.316168e+01 9.483577e+00 1.820476e+01 -2.219237e+01 1.414008e+01 4.961563e+00 -1.890715e+01 3.985501e+00 -6.170906e+00 2.613342e-02 
-1.571485e+01 -1.431917e+01 1.113525e+01 7.745235e+00 9.622821e+00 -2.363157e+01 1.081799e+01 6.358646e+00 -1.807133e+01 8.054255e-01 -3.151488e+00 8.598046e-01 
-1.350940e+01 -1.397552e+01 1.152754e+01 1.345541e+01 9.764426e+00 -1.902673e+01 1.113003e+01 1.210803e+01 -1.005098e+01 -8.999057e-01 7.449096e-01 3.040780e+00 
-1.071416e+01 -1.478725e+01 1.066459e+01 1.468793e+01 1.207968e+01 -1.336668e+01 1.080644e+01 7.236856e+00 -9.054042e+00 7.112480e-01 3.617923e+00 -1.423414e+00 
-6.295207e+00 -7.373855e+00 1.497214e+01 1.565563e+01 1.563012e+01 -1.214013e+01 2.314641e+00 1.072403e+01 -5.564745e+00 -6.297165e+00 -1.816933e+00 -4.845519e+00 
-2.040591e+00 -3.082355e+00 2.330007e+01 2.006863e+01 1.692130e+01 -1.415078e+01 -2.933083e+00 9.817132e+00 -1.485997e+01 -1.430479e+01 5.050081e+00 -3.043280e-02 
-2.488233e+00 -4.026213e+00 2.583729e+01 1.932309e+01 1.719679e+01 -1.890025e+01 -2.202119e+00 1.337476e+01 -1.401509e+01 -1.918471e+01 5.135121e+00 9.777769e-01 
-2.122759e+00 -6.524798e+00 2.318491e+01 1.840623e+01 2.243684e+01 -2.001140e+01 -2.381249e+00 1.393189e+01 -1.126947e+01 -1.477314e+01 4.699778e-01 3.361889e-01 
-1.995222e+00 -9.115813e+00 2.289153e+01 2.007114e+01 2.006752e+01 -1.970300e+01 2.688720e-02 9.179486e+00 -1.207256e+01 -3.664418e+00 -3.074662e+00 -6.623409e-01 
-1.708892e+00 -1.185199e+01 1.828773e+01 1.935698e+01 2.279085e+01 -7.757516e+00 -3.365016e+00 4.678220e+00 -1.266418e+01 -5.081304e+00 1.124209e+00 -7.340318e-01 
-2.948478e+00 -5.155523e+00 1.615427e+01 2.178940e+01 1.970514e+01 -2.336320e+00 -6.707804e+00 2.824166e+00 -9.552010e+00 -5.150142e+00 7.237456e+00 -3.010898e+00 
-3.756552e+00 -5.055601e-01 1.025654e+01 1.680720e+01 1.219489e+01 2.810239e+00 1.042436e+00 4.161360e+00 -1.172158e+00 -3.706227e+00 2.484373e+00 1.453157e-01 
-6.621360e+00 1.362009e+00 1.041899e+01 1.373781e+01 1.008304e+01 2.845803e-01 -8.085689e-01 7.222261e+00 4.584930e+00 -2.069312e+00 -9.800580e-01 1.603938e+00 
-8.821259e+00 6.847784e-01 7.402517e+00 7.975550e+00 6.399363e+00 5.041607e+00 3.550730e+00 3.197594e+00 -1.749680e+00 -3.220136e+00 -6.204246e+00 -4.523968e+00 
-9.335443e+00 -8.207717e-01 4.458667e+00 5.238132e+00 4.616420e+00 3.963213e+00 2.238077e+00 9.640719e-01 1.480347e-01 -2.948161e+00 -4.703475e+00 -2.797035e+00 
-1.123187e+01 -1.964302e+00 4.009516e+00 4.569780e+00 4.919585e+00 5.393849e+00 3.516541e+00 3.715461e+00 1.937495e+00 -2.503880e+00 -1.068481e+00 4.216556e-02 
-1.112752e+01 -2.481558e+00 3.815999e+00 2.279813e+00 -2.841045e+00 -2.479938e+00 2.223887e-01 4.234838e+00 6.047147e-01 -1.975557e+00 -1.503347e+00 3.609467e+00 
-1.243718e+01 -4.517398e+00 4.838768e-02 -1.146665e+00 -1.041367e+00 -1.692811e+00 -3.037575e+00 -3.766451e-01 5.285810e+00 3.591053e+00 3.479249e+00 -1.273680e+00 
-1.346050e+01 -6.339937e+00 -2.571022e+00 -3.533277e+00 -3.442225e+00 -4.941094e+00 -4.163394e+00 -5.025370e+00 -2.269298e+00 -2.009342e+00 1.301538e+00 -5.528384e-01 
-1.392881e+01 -6.612488e+00 -3.139628e+00 -4.221083e+00 -2.651165e+00 -3.596630e+00 -3.508512e+00 -1.212580e+00 -2.150974e+00 -7.347783e-01 -3.386799e+00 -1.920712e+00 
-1.349327e+01 -6.478582e+00 -2.253750e+00 -6.916841e-01 -2.680773e+00 -3.161241e+00 -2.068254e+00 4.240609e-01 -2.834232e+00 -1.751727e+00 -2.129070e+00 -5.380163e-01 
-1.448433e+01 -5.818534e+00 -1.597703e+00 -1.257116e+00 -7.768218e-01 -5.080895e-01 -4.668039e+00 -3.372121e+00 -1.650489e+00 -2.866960e-01 -3.528849e-01 -4.336422e+00 
-1.480293e+01 -7.244096e+00 -2.594435e+00 -3.123480e+00 -3.122969e+00 -3.339125e+00 -1.936314e+00 4.285903e-01 -1.253691e-01 -1.625453e+00 7.874299e-01 -8.577515e-01 
-1.425850e+01 -6.226769e+00 -2.920786e+00 -3.240206e+00 -2.692359e+00 -2.173553e+00 -1.588167e+00 -3.894518e+00 -3.844265e+00 -1.505936e+00 2.322512e-01 2.286665e+00 
-1.456297e+01 -6.694253e+00 -3.750282e+00 -2.996085e+00 -3.323791e+00 -4.269366e+00 -4.115723e+00 -1.590034e+00 -3.498860e+00 -3.785201e+00 -1.197008e+00 1.764725e-01 
-1.393386e+01 -5.452367e+00 -2.352658e+00 -2.908227e+00 -3.890213e+00 -2.480946e+00 -1.184645e+00 1.266035e+00 2.870378e-02 -5.261519e-01 2.206604e-02 -1.057536e-01 
-1.391823e+01 -6.236841e+00 -3.148707e+00 -1.902875e+00 -3.789802e+00 -3.088676e+00 -3.650564e+00 -3.398794e+00 -1.797009e+00 5.026215e-01 1.209250e+00 2.238871e+00 
-1.385622e+01 -5.434592e+00 -2.765495e+00 -2.475210e+00 1.001616e+00 1.618463e+00 -3.047206e+00 -6.318276e+00 -4.744030e+00 -1.557459e+00 -3.677675e+00 -4.106528e+00 
-1.464918e+01 -5.596938e+00 -2.070745e+00 3.099020e-01 -9.815062e-01 -2.515716e+00 -4.488428e+00 -3.225669e+00 -4.274259e+00 -9.687440e-01 -6.587405e-01 2.258230e+00 
-1.499499e+01 -7.282017e+00 -3.349869e+00 -2.413082e+00 -3.786584e+00 -3.513986e+00 -4.284740e+00 -2.298641e+00 -2.743097e+00 -5.604981e+00 -8.123931e-01 2.200315e-01 
-1.530350e+01 -8.407180e+00 -4.137794e+00 -2.187788e+00 -3.621163e+00 -3.504412e+00 -3.457470e+00 -7.188702e-01 2.885129e-01 1.388651e+00 3.055497e+00 -1.998290e-01 
-1.442283e+01 -6.357120e+00 -2.883039e+00 7.268421e-02 -1.260855e+00 -2.127192e+00 -3.756983e+00 -2.042476e+00 -2.457070e-01 1.236193e+00 -5.277976e-01 -4.241137e+00 
-1.554597e+01 -6.497543e+00 -3.631783e+00 -3.205690e+00 -6.025883e+00 -3.425296e+00 -2.987978e+00 -3.846203e+00 -6.502777e+00 -1.270281e+00 1.530146e-02 -1.861121e+00 
-1.482612e+01 -6.479768e+00 -4.091923e+00 -3.651886e+00 -5.059747e+00 -3.061464e+00 2.623558e-01 -3.585274e-01 -3.820600e+00 -1.337852e+00 -2.022770e+00 -2.819117e+00 
-1.406795e+01 -7.878667e+00 -2.258528e+00 -2.492782e+00 -4.501049e+00 -6.290309e-01 -1.900199e+00 -9.256473e-03 -3.080950e+00 8.797539e-01 2.105073e+00 -3.873608e+00 
-1.477671e+01 -6.484508e+00 2.141913e-01 1.389305e+00 -3.446731e+00 -7.343507e-01 -3.437727e+00 -9.684932e-01 -2.208877e+00 -7.891418e-02 4.352363e+00 9.311929e-01 
-1.598656e+01 -1.107344e+01 4.155729e+00 -3.382035e+00 -3.278735e+00 -4.128268e+00 -1.500599e-02 3.536296e+00 -5.061239e+00 6.415650e-01 4.205958e+00 1.219166e+00 
-1.142998e+01 -1.337058e+01 2.302580e+01 -1.092845e+01 5.376585e+00 -1.648948e+01 4.688588e+00 2.423796e-01 -1.164861e+01 -1.327294e+00 4.160056e+00 6.917229e+00 
-2.311293e+00 -8.959393e+00 2.387680e+01 -5.647527e+00 1.683569e+01 -1.835551e+01 -6.139597e+00 -5.097841e+00 -1.418024e+01 -1.274811e-01 -2.395788e+00 3.646674e+00 
7.983970e+00 -1.160077e+01 6.794252e+00 -3.188118e+00 2.423845e+01 -1.547307e+01 -1.031351e+01 -5.724180e-01 -1.973945e+01 -1.149424e+01 4.913340e+00 -3.006663e+00 
1.021311e+01 -1.159840e+01 3.156130e+00 -2.355346e+00 2.432212e+01 -1.681854e+01 -1.113981e+01 2.898147e+00 -1.906525e+01 -1.346522e+01 8.395649e+00 -2.749846e+00 
1.011884e+01 -1.076653e+01 1.258706e+00 -4.996507e-01 2.334955e+01 -1.613472e+01 -1.401215e+01 4.953007e+00 -1.938246e+01 -1.291282e+01 1.160206e+01 -2.515414e+00 
1.054430e+01 -1.165469e+01 6.767211e-01 -5.046712e-01 2.234673e+01 -1.841094e+01 -9.385597e+00 2.233324e+00 -2.092269e+01 -1.122523e+01 1.237225e+01 -5.491039e+00 
1.052968e+01 -1.308855e+01 -8.135998e-01 1.883823e+00 2.125765e+01 -2.148235e+01 -7.607785e+00 1.571521e+00 -2.382036e+01 -7.927746e+00 1.224131e+01 -5.929654e+00 
1.121123e+01 -1.392694e+01 -2.247538e+00 6.183238e+00 1.705454e+01 -2.506019e+01 -4.501429e+00 -2.968497e+00 -2.461238e+01 -6.738068e+00 9.559639e+00 -3.339103e+00 
1.100807e+01 -1.452003e+01 4.769923e-01 4.988991e+00 1.775742e+01 -2.763020e+01 -9.004706e+00 -1.300653e+00 -2.747733e+01 -7.302711e+00 1.049557e+01 -5.491947e+00 
9.299675e+00 -1.167069e+01 4.229986e-01 1.418173e+00 1.761646e+01 -2.311153e+01 -8.843875e+00 -3.432514e+00 -2.639831e+01 -4.202032e+00 6.350330e+00 -3.140970e+00 
7.670923e+00 -8.219949e+00 -2.921264e+00 9.035739e-01 1.392827e+01 -1.562677e+01 -8.758162e+00 -8.344450e+00 -2.529866e+01 -1.825211e+00 3.883674e+00 -2.570468e+00 
8.044462e+00 -4.064725e+00 -4.883193e+00 4.356410e+00 1.098996e+01 -1.222580e+01 -8.673413e+00 -1.433037e+01 -2.524579e+01 -6.240574e+00 3.525635e+00 4.738976e+00 
1.599022e+00 -1.088583e+00 1.506412e-01 5.022879e+00 5.144866e+00 -1.371489e+01 -1.295422e+01 -1.354426e+01 -1.816750e+01 -6.714840e+00 1.120344e+00 4.037495e+00 
-2.096944e-01 -1.482005e+00 -2.550281e-01 7.474129e+00 3.325878e+00 -7.400739e+00 -7.036208e+00 -7.863825e+00 -1.136614e+01 -4.600703e+00 3.681220e+00 4.614047e+00 
-2.746333e+00 -2.655161e+00 -1.046298e+00 7.371209e+00 2.891407e+00 -4.181180e+00 -1.183081e+01 -1.614466e+01 -1.375175e+01 -7.835258e+00 3.976446e+00 9.358349e+00 
-5.420591e+00 -2.966817e+00 -4.270433e-01 4.143667e+00 5.245921e+00 -4.750108e+00 -1.741657e+01 -1.719197e+01 -1.251816e+01 -5.680154e+00 3.256984e+00 4.067744e+00 
-6.073402e+00 -1.098656e+00 -5.168735e-01 1.932773e+00 3.959241e+00 -2.318682e+00 -1.225456e+01 -1.802942e+01 -1.405789e+01 -6.623619e+00 1.217947e+00 2.437609e+00 
-7.235356e+00 -8.551369e-01 -1.532719e+00 -1.771088e+00 -1.419840e+00 -5.008620e+00 -1.360766e+01 -1.729162e+01 -1.912114e+01 -8.581077e+00 8.130386e-01 3.449146e+00 
-8.868645e+00 -1.691751e+00 4.492787e-01 -1.607294e+00 -3.528476e+00 -4.191258e+00 -9.223804e+00 -1.510591e+01 -1.461073e+01 -5.854995e+00 2.085746e+00 2.098514e+00 
