-1.265559e+01 -2.826667e+01 1.834362e+01 1.256463e+01 -1.907436e+01 -4.403885e+00 5.994563e+00 2.836735e+00 -2.502913e-01 -4.305555e+00 -1.527969e+00 2.446514e+00 
-1.691773e+01 -3.297727e+01 2.059168e+01 1.111674e+01 -1.653262e+01 -6.152050e+00 6.127796e+00 5.570164e+00 -1.542253e+00 -5.965106e+00 -2.861834e+00 3.804513e+00 
-1.936100e+01 -3.387860e+01 2.182799e+01 8.097301e+00 -1.363394e+01 -3.846051e+00 4.869023e+00 6.893844e+00 -3.108007e+00 -1.171535e+01 -3.666412e+00 -1.395606e-02 
-1.844992e+01 -3.304639e+01 2.137541e+01 9.200021e+00 -1.618584e+01 -4.422551e+00 1.448673e+00 2.890647e+00 4.787862e+00 -8.348801e+00 -1.346692e+00 6.640426e+00 
-1.799391e+01 -3.218613e+01 2.133248e+01 6.982434e+00 -2.214832e+01 -4.561209e+00 3.041349e+00 5.544631e-01 -1.759756e+00 -1.339925e+01 -9.057061e-01 4.929586e+00 
-1.455398e+01 -2.785399e+01 1.759492e+01 1.181853e+01 -1.948718e+01 -7.485839e+00 2.035148e+00 4.537329e-01 -2.051562e+00 -1.376070e+01 -3.017659e+00 6.537461e+00 
-1.304331e+01 -1.814124e+01 1.558130e+01 1.662247e+01 -1.051742e+01 -7.778089e+00 1.250218e+01 -3.233086e+00 -4.983130e+00 -8.562537e+00 -2.628096e+00 -1.354375e+00 
-1.014872e+01 -4.107985e+00 2.232843e+01 2.104049e+01 7.699015e+00 -5.850201e+00 2.144642e+01 1.473330e+00 -7.231248e-01 -8.803919e+00 -5.572157e+00 -5.410791e+00 
-4.453608e-01 -1.857923e-01 1.988493e+01 2.648548e+01 1.177266e+01 -7.482639e+00 2.752812e+00 1.066157e-01 -7.879122e+00 -1.051051e+01 -4.761475e-01 -1.306346e+00 
1.820175e+00 1.546378e+00 1.752139e+01 2.618318e+01 1.198606e+01 -9.340132e+00 -1.859694e+00 8.372642e-01 -8.329440e+00 -1.058767e+01 -3.730301e+00 2.396287e+00 
1.573697e+00 4.984029e+00 1.497918e+01 1.888651e+01 1.048019e+01 1.330715e+00 -2.294187e-01 -1.479530e+00 -6.151704e+00 -1.459315e+00 4.123298e+00 -9.682976e-02 
9.895409e-01 1.097169e+01 1.583744e+01 1.512025e+01 1.089366e+01 3.979628e+00 -1.089308e+00 -5.656759e+00 -3.661447e+00 1.391465e+00 3.982017e+00 3.483377e+00 
1.205555e-01 8.501752e+00 1.330067e+01 1.307061e+01 1.103529e+01 9.019869e+00 4.028289e-01 -3.992583e+00 -2.168194e+00 1.407969e+00 2.531802e+00 3.162241e+00 
-1.456995e+00 -5.033954e+00 1.233383e+01 6.358537e+00 5.260164e+00 9.686031e-01 6.374647e+00 -7.806142e+00 -3.167899e+00 4.095765e+00 -2.320210e-01 -6.756900e-01 
4.809710e+00 -9.008161e+00 9.976206e+00 9.284350e+00 7.680596e+00 4.710320e-01 2.332214e-01 -1.889356e+01 -1.897135e+01 -9.160421e+00 4.566881e+00 -3.872016e-01 
1.011903e+01 -8.762467e+00 -4.364215e-01 8.448914e+00 8.955276e+00 -9.030283e+00 -7.970929e-01 -1.582199e+01 -5.969325e+00 -1.576603e+01 4.126415e+00 9.218261e-01 
8.208013e+00 -8.893868e+00 -9.003455e-01 2.737360e+00 6.816201e+00 -1.555737e+01 5.253194e+00 -1.978452e+01 7.080430e+00 -2.123363e+01 1.283342e+01 1.809893e+00 
8.571415e+00 -9.036220e+00 -4.790892e+00 1.103650e+00 3.567576e+00 -1.965527e+01 1.114327e+01 -1.942653e+01 9.460809e+00 -2.075912e+01 1.752376e+01 -6.125930e-01 
8.109797e+00 -8.668022e+00 -7.099161e+00 -2.877715e+00 6.866376e+00 -2.416007e+01 8.840290e+00 -7.412207e+00 1.788747e+00 -1.353252e+01 1.327077e+01 1.630961e+00 
9.711199e+00 -1.062604e+01 -5.488752e+00 -6.414562e+00 5.983562e+00 -2.425180e+01 7.919914e+00 -3.609997e+00 -1.465248e+00 -1.329816e+01 1.383953e+01 -2.317154e+00 
9.201874e+00 -9.549506e+00 -7.198855e+00 -3.716010e+00 1.302748e+00 -2.066854e+01 7.993070e+00 -4.138239e+00 7.799026e-02 -1.429710e+01 1.579877e+01 -4.403751e+00 
9.430112e+00 -1.067668e+01 -5.600784e+00 -5.614144e+00 4.809231e+00 -2.300601e+01 7.771558e+00 -3.431709e+00 1.335727e+00 -1.743837e+01 1.854753e+01 -2.975121e+00 
9.645720e+00 -1.021952e+01 -8.556573e+00 -4.312036e+00 6.748244e+00 -2.546080e+01 1.217563e+01 -7.105287e+00 2.035971e+00 -1.515081e+01 1.611614e+01 -2.370834e+00 
1.047823e+01 -1.137270e+01 -9.549567e+00 -5.815160e-01 4.360838e+00 -2.592957e+01 1.494248e+01 -9.019633e+00 1.306457e+00 -1.223690e+01 1.632339e+01 -3.463574e+00 
9.503540e+00 -1.133574e+01 -1.001497e+01 1.876911e+00 1.488837e+00 -1.908783e+01 9.694457e+00 -8.995515e+00 1.834679e+00 -1.527295e+01 2.011098e+01 -5.418012e+00 
1.027852e+01 -1.153079e+01 -9.502188e+00 1.274256e-01 6.262379e+00 -1.864786e+01 4.651189e+00 -4.403070e+00 -1.019884e+00 -1.851118e+01 2.389962e+01 -4.209123e+00 
1.085051e+01 -1.171489e+01 -7.229454e+00 2.021986e+00 1.051258e+01 -1.899664e+01 2.657995e+00 -3.856384e+00 -6.633994e+00 -1.808040e+01 2.237616e+01 -5.855963e-01 
1.044876e+01 -1.116533e+01 -6.461512e+00 7.303316e+00 1.202480e+01 -1.491208e+01 -2.576185e-01 -5.932939e+00 -6.570049e+00 -2.165244e+01 1.894229e+01 -2.973552e+00 
1.089120e+01 -1.301453e+01 -2.324198e+00 1.078442e+01 1.025600e+01 -9.572118e+00 -2.666862e+00 -8.311685e+00 -2.185756e+00 -1.102752e+01 5.443659e+00 2.154258e+00 
2.684016e+00 -7.433397e+00 8.142719e+00 3.587089e+00 1.068089e+01 -6.336040e+00 3.216678e+00 -9.354455e+00 5.124700e+00 4.505082e+00 -1.816246e+00 1.349257e+01 
1.267354e+00 -2.104115e+00 8.713740e+00 1.795439e+00 7.693298e+00 -4.184165e+00 3.165591e+00 -4.367601e+00 6.942182e+00 5.388085e+00 2.549462e+00 1.395372e+01 
7.659402e+00 -1.442846e+01 -4.244053e+00 1.173777e+01 6.604072e+00 -9.063881e+00 1.421291e+00 7.984851e+00 8.993696e-01 -2.891100e+00 1.597369e+00 3.246685e+00 
7.580361e+00 -1.434155e+01 9.390640e-01 1.881647e+01 1.363990e+01 -1.569870e+01 5.743625e+00 -3.557504e+00 -4.729601e+00 -6.220104e+00 -3.345412e+00 -2.122213e+00 
7.049054e+00 -1.258269e+01 2.198568e+00 2.465881e+01 1.947346e+01 -2.014324e+01 2.910567e+00 -7.018271e+00 -1.141051e+01 -1.160065e+01 -6.574243e-01 8.031661e-01 
6.330668e+00 -1.358599e+01 5.158305e+00 2.489250e+01 1.768878e+01 -1.656051e+01 1.283970e+00 -5.969826e+00 -8.186239e+00 -1.351973e+01 2.455967e+00 1.252379e+00 
4.734410e+00 -1.420741e+01 9.229486e+00 2.734593e+01 1.324740e+01 -1.307271e+01 7.256961e-01 -9.743661e+00 -2.578434e+00 -1.754441e+01 6.163053e+00 -2.718966e+00 
4.510849e+00 -1.453249e+01 1.278689e+01 2.793266e+01 1.394476e+01 -1.276073e+01 8.895292e-02 -8.474839e+00 -7.675128e+00 -1.326515e+01 1.292471e+00 4.901923e-01 
4.930844e+00 -1.412460e+01 1.287820e+01 3.063979e+01 1.514259e+01 -1.315111e+01 -2.968069e+00 -6.023738e+00 -1.317576e+01 -1.040158e+01 2.278845e+00 1.321127e+00 
5.054317e+00 -1.336220e+01 1.259047e+01 3.087134e+01 1.728802e+01 -1.384334e+01 -2.124935e+00 -4.179383e+00 -1.579841e+01 -1.198149e+01 1.349087e+00 2.811912e+00 
4.858818e+00 -1.232262e+01 1.260725e+01 3.147451e+01 1.868654e+01 -1.414572e+01 -4.706239e+00 -3.044868e+00 -1.680847e+01 -1.166295e+01 2.268457e+00 2.216100e+00 
4.149318e+00 -1.182918e+01 1.171543e+01 3.523433e+01 1.781326e+01 -1.409132e+01 -1.490236e+00 -4.980495e+00 -1.642300e+01 -1.185441e+01 4.885284e+00 3.576610e+00 
1.715878e+00 -9.434530e+00 1.529702e+01 3.253435e+01 1.560432e+01 -1.115923e+01 -1.517671e-01 -7.215476e+00 -1.425562e+01 -9.660927e+00 4.727901e+00 2.854918e+00 
3.140023e+00 -9.934813e+00 1.115674e+01 3.298458e+01 1.250177e+01 -9.244137e+00 4.811806e+00 -2.147281e+00 -2.005031e+01 -9.760780e+00 4.948134e+00 -8.960587e-01 
-1.841444e+00 -4.480289e+00 6.393133e+00 1.817757e+01 1.092478e+01 -1.701108e+00 2.655952e+00 1.856862e+00 -8.082215e+00 -4.244900e+00 7.855187e-01 -3.140869e+00 
-6.073188e+00 -1.258611e+01 1.162708e+01 2.213678e+01 1.401826e+00 -8.861226e+00 1.331139e+01 8.418984e+00 -7.650811e+00 -2.457851e+00 2.706846e+00 -4.190288e+00 
-8.044073e+00 -1.540234e+01 1.142276e+01 2.132492e+01 8.181535e-01 -1.299165e+01 1.452194e+01 6.206230e+00 -6.997400e+00 -4.145047e+00 1.333505e+00 -6.618424e+00 
-9.965383e+00 -1.058429e+01 9.039474e+00 1.127968e+01 7.220136e+00 -1.170266e+01 9.387938e+00 7.305277e+00 -4.345930e+00 -9.543743e+00 -3.987542e-01 -5.230290e+00 
-8.491662e+00 -1.103393e+01 8.198489e+00 1.010549e+01 1.351652e+00 -9.832903e+00 1.150783e+01 7.370070e-01 -9.534940e+00 -1.163943e+01 -4.097529e+00 -1.287511e+00 
-1.175994e+01 -2.343220e+01 1.677812e+01 1.216728e+01 -1.460948e+01 -6.788813e+00 9.905343e+00 -3.993528e+00 -4.251363e+00 -9.180639e+00 -4.256990e+00 4.654910e+00 
-1.529061e+01 -2.763841e+01 2.000239e+01 8.109451e+00 -1.249327e+01 -5.043314e+00 1.135825e+01 -6.532591e+00 6.570987e-01 -1.696922e+01 -3.297626e+00 4.685987e+00 
-1.748178e+01 -2.983048e+01 2.004731e+01 4.706960e+00 -1.045962e+01 -1.190958e+01 1.388969e+01 -6.865521e+00 3.504457e+00 -1.208588e+01 -2.458246e+00 3.816755e+00 
-1.824927e+01 -2.847746e+01 1.664585e+01 1.629639e+00 -8.308483e+00 -1.756685e+01 1.063200e+01 -6.983276e+00 7.977912e+00 -1.319418e+01 -7.109244e-01 2.851151e+00 
-1.948915e+01 -2.841176e+01 1.516525e+01 5.726581e-01 -8.718769e+00 -1.645119e+01 4.406791e+00 -1.048755e+01 9.436941e+00 -9.311027e+00 1.310650e+00 -6.634473e-01 
-1.975901e+01 -2.946913e+01 1.756334e+01 9.221264e-01 -1.043168e+01 -1.605067e+01 7.324449e+00 -6.176016e+00 8.906467e+00 -1.125446e+01 2.099127e+00 6.069413e+00 
-1.820437e+01 -2.936579e+01 1.481237e+01 -5.958092e-01 -8.674311e+00 -1.327004e+01 7.532473e+00 -8.284256e+00 4.237124e+00 -1.140053e+01 1.782801e+00 -2.223960e-01 
-1.493095e+01 -2.605406e+01 1.807464e+01 1.535304e+00 -9.766077e+00 -1.109630e+01 1.567603e+00 -5.042919e+00 4.569458e+00 -1.094211e+01 -1.707297e-01 3.510688e+00 
-1.136708e+01 -2.353691e+01 1.616762e+01 8.195925e+00 -1.031228e+01 -5.680611e+00 1.832027e+00 -3.294092e+00 9.426001e-01 -1.385478e+01 -5.050661e+00 4.460282e+00 
-1.097327e+01 -1.782916e+01 1.270596e+01 1.051928e+01 -7.495533e+00 -5.872600e+00 7.489917e-01 -2.505275e+00 3.188334e+00 -1.095242e+01 -3.238931e+00 1.139997e+00 
-3.196369e+00 -4.313300e+00 1.852327e+01 1.696765e+01 4.931173e+00 1.818154e+00 9.346660e+00 -1.444967e-02 -3.507121e-01 -8.918214e+00 -7.285197e+00 -1.939828e+00 
-2.994386e-01 -1.380723e+00 2.010851e+01 2.210104e+01 8.926062e+00 -4.387886e+00 -4.488867e-01 -8.269119e-01 -2.638776e+00 -8.447829e+00 -2.440586e+00 -1.782242e+00 
-6.876291e-01 1.672989e+00 1.627472e+01 1.663533e+01 7.761256e+00 -2.203479e+00 9.676422e-01 -2.947921e+00 1.288761e-01 -5.240135e+00 -1.250600e+00 -3.088759e+00 
-3.041092e+00 -7.264541e-01 1.578167e+01 1.764800e+01 1.215119e+01 -3.849183e-01 1.268031e+00 -8.890529e+00 4.863516e+00 1.750662e-01 4.472867e+00 2.848640e+00 
4.876995e-01 6.739469e+00 1.387119e+01 1.193502e+01 8.560234e+00 4.687321e+00 6.537662e-01 -2.897792e+00 -4.073038e+00 2.311822e-01 -1.443304e+00 -2.678785e+00 
3.127799e-01 1.653142e+00 1.144645e+01 1.338721e+01 1.239063e+01 6.570411e+00 4.669990e+00 -4.835311e+00 -5.632488e+00 -5.794694e+00 -1.713401e+00 -9.243111e-01 
4.905120e+00 -2.800131e+00 7.443871e+00 1.093593e+01 1.194668e+01 -9.886165e-01 -5.336852e+00 -1.363572e+01 -1.041846e+01 -1.739009e+01 1.466346e-01 5.735093e+00 
7.233328e+00 -3.103997e+00 2.385125e+00 9.570214e+00 8.533559e+00 -1.006969e+01 -4.880750e+00 -1.430868e+01 -3.524101e+00 -1.796198e+01 6.234213e+00 1.349379e+00 
6.869458e+00 -3.550898e+00 2.861156e-01 6.031938e+00 4.980077e+00 -1.272287e+01 1.869627e+00 -1.946105e+01 3.094668e+00 -1.443121e+01 1.087313e+01 -2.030863e+00 
7.629937e+00 -3.877349e+00 -2.394280e+00 4.039986e-01 6.161396e+00 -1.447530e+01 3.750839e+00 -2.106091e+01 5.756495e+00 -9.775222e+00 1.104350e+01 -4.867404e+00 
7.998951e+00 -7.403969e+00 -4.341774e+00 1.150102e+00 1.205575e+00 -1.614454e+01 5.234394e+00 -1.458438e+01 4.974744e+00 -1.466887e+01 1.481136e+01 -3.698069e+00 
7.576619e+00 -6.196719e+00 -5.751313e+00 4.381055e-02 4.745084e+00 -2.064721e+01 4.570677e+00 -9.644350e+00 5.495311e+00 -1.540127e+01 1.310559e+01 -4.557883e+00 
7.637420e+00 -5.849053e+00 -7.455000e+00 -2.184693e-01 8.335402e+00 -2.190794e+01 4.171793e+00 -8.851750e+00 3.076655e+00 -1.052206e+01 9.443176e+00 -4.906330e+00 
8.224382e+00 -6.285004e+00 -9.293422e+00 7.999197e-01 8.296025e+00 -2.207806e+01 5.711747e+00 -7.459025e+00 -3.961942e-01 -1.070403e+01 1.017659e+01 -4.385230e+00 
8.378723e+00 -7.987062e+00 -8.613823e+00 5.237951e+00 3.919431e+00 -2.073680e+01 7.361639e+00 -1.053295e+01 -1.826403e+00 -1.149625e+01 1.120660e+01 -2.409132e+00 
9.274367e+00 -1.001010e+01 -6.821793e+00 5.555974e+00 6.188070e+00 -2.064081e+01 5.058248e+00 -1.017874e+01 -4.075289e+00 -1.428555e+01 1.356372e+01 -4.817285e-02 
9.285125e+00 -9.045116e+00 -7.046352e+00 5.707482e+00 1.280345e+01 -2.098639e+01 2.147947e+00 -1.181501e+01 -3.304796e+00 -1.471798e+01 1.292484e+01 8.609265e-01 
9.657881e+00 -9.698702e+00 -5.181279e+00 8.666885e+00 1.654366e+01 -1.837374e+01 -2.606784e+00 -8.972816e+00 -4.328368e+00 -1.527295e+01 9.257225e+00 -1.426614e-01 
5.582349e+00 -1.130837e+01 3.024748e+00 1.260680e+01 1.195367e+01 -6.415502e+00 -4.765908e+00 -9.379046e+00 -4.691774e+00 -5.845034e+00 5.604678e+00 5.930663e+00 
2.379544e+00 -7.473092e+00 8.343589e+00 9.006348e+00 1.105561e+01 -1.629646e+00 -1.463262e+00 8.301706e-01 1.324019e+00 -4.395918e+00 -5.914454e+00 5.342071e+00 
3.233095e+00 -2.227490e-01 3.015371e+00 8.980620e+00 9.882548e+00 -2.169348e+00 2.971871e+00 2.386996e+00 -7.447401e-01 -2.276711e+00 -3.274252e+00 6.056229e+00 
2.323887e+00 -1.376530e+01 8.546693e-01 1.230807e+01 -9.074603e-01 -1.131548e+01 1.153317e+01 -1.382110e+00 -3.984458e-01 2.659441e+00 -1.212682e+00 -1.261770e+00 
2.415556e+00 -1.864973e+01 1.291942e+00 7.679226e+00 -2.493348e+00 -1.966700e+01 9.882865e+00 -7.924843e+00 1.241611e+00 -1.450237e+00 -6.623978e+00 -1.428773e+00 
3.268173e+00 -1.214263e+01 1.049244e+01 1.835695e+01 7.164246e+00 -5.300366e+00 4.564547e+00 -3.853074e+00 -3.061307e-01 -8.584819e+00 -1.013992e+01 -5.849684e-01 
3.723711e+00 -1.029548e+01 8.447724e+00 2.702576e+01 1.436330e+01 -1.128242e+01 -5.968334e-01 2.220062e-01 -5.944108e+00 -1.436065e+01 -1.281375e-01 -1.535191e+00 
1.716346e+00 -7.640080e+00 1.166065e+01 2.851725e+01 1.729818e+01 -1.185732e+01 -3.046537e+00 -5.357879e+00 -4.879106e+00 -1.752254e+01 1.454010e+00 1.486522e-01 
7.449341e-01 -9.650795e+00 1.632604e+01 3.123582e+01 1.372755e+01 -1.338416e+01 -2.871617e+00 -4.005351e+00 -1.145554e+01 -1.636267e+01 6.932311e+00 5.752634e-01 
9.044197e-01 -1.015245e+01 1.704118e+01 3.085633e+01 1.308545e+01 -1.296765e+01 -6.233985e-01 -3.426980e+00 -9.062107e+00 -1.725352e+01 5.752193e+00 1.080667e+00 
1.952066e+00 -8.420960e+00 1.784910e+01 3.283308e+01 1.077616e+01 -1.406306e+01 -4.738169e-01 3.567860e-01 -1.504413e+01 -1.337820e+01 4.149789e+00 -7.635863e-01 
1.880976e+00 -7.766691e+00 1.497672e+01 3.108788e+01 1.482313e+01 -1.355909e+01 -2.184605e+00 -1.915555e+00 -1.322664e+01 -1.108322e+01 1.999398e+00 2.214216e+00 
1.249582e+00 -8.804214e+00 1.289449e+01 3.321256e+01 1.935405e+01 -1.487741e+01 -3.625246e+00 3.638793e+00 -1.338696e+01 -1.656403e+01 3.254832e+00 4.487906e+00 
2.767670e-01 -1.116191e+01 1.207077e+01 3.870257e+01 1.668910e+01 -2.026483e+01 -2.083658e+00 6.372222e+00 -1.453076e+01 -1.482856e+01 4.939304e+00 5.283055e+00 
-3.826891e-01 -1.009154e+01 1.235554e+01 4.041990e+01 1.748173e+01 -1.663731e+01 -1.598948e+00 6.358035e+00 -1.680577e+01 -1.630449e+01 3.260026e+00 4.857385e+00 
-5.266406e+00 -3.646712e+00 8.015387e+00 1.988989e+01 1.170025e+01 -5.218237e+00 2.962471e+00 7.914860e+00 -5.007897e+00 -1.094376e+01 -2.166333e+00 2.613479e-01 
-6.136327e+00 -7.510918e-01 9.293646e+00 1.559622e+01 8.688527e+00 -4.358021e+00 3.873856e+00 9.930882e+00 -1.276565e+00 -1.382136e+01 -5.740968e+00 -3.054542e+00 
