2.708835e+00 1.059922e+01 1.295606e+01 2.221977e+01 1.238284e+01 4.406461e+00 7.113906e+00 3.382490e-01 -1.649615e+01 -1.311975e+01 5.268338e+00 2.558616e-01 
4.862280e+00 9.926568e+00 1.244839e+01 2.299315e+01 6.958687e+00 -1.581540e+00 6.061927e+00 9.641334e-01 -1.940359e+01 -1.031448e+01 1.175446e+01 1.451471e+00 
6.271709e+00 9.205082e+00 1.170061e+01 2.229593e+01 6.007604e+00 -4.697577e-01 5.887206e+00 1.132544e+00 -1.959972e+01 -1.042758e+01 8.082207e+00 3.747543e+00 
7.639966e+00 9.401943e+00 9.454947e+00 2.102224e+01 7.964314e+00 -1.509157e+00 1.374180e+00 6.970643e-01 -1.606115e+01 -1.043473e+01 7.600594e+00 4.292336e+00 
7.595882e+00 -2.386020e+00 7.629906e+00 3.146007e+01 2.167734e+01 -1.768285e+01 -1.897330e+01 1.318270e+01 -4.957418e-01 -1.539165e+01 -9.385519e+00 4.699028e+00 
5.187501e+00 -7.265743e+00 1.701333e+01 2.801361e+01 2.069142e+01 -2.313345e+01 -2.197902e+01 2.572239e+01 -9.159814e+00 -1.681140e+01 -1.697211e-01 -4.114721e+00 
3.785142e+00 -8.062247e+00 2.232604e+01 2.614116e+01 1.965462e+01 -2.264031e+01 -1.856231e+01 2.436819e+01 -1.690667e+01 -1.676526e+01 5.749305e+00 -2.831574e+00 
2.324143e+00 -9.057122e+00 2.561509e+01 2.096589e+01 2.109477e+01 -1.909093e+01 -1.730119e+01 2.378001e+01 -2.300282e+01 -1.187055e+01 5.952854e+00 -2.107085e+00 
-1.373478e+00 -1.076190e+01 3.323773e+01 1.278814e+01 2.033344e+01 -1.283527e+01 -1.894357e+01 2.030308e+01 -1.680568e+01 -1.501692e+01 4.494145e+00 -7.770220e-02 
-3.434181e+00 -1.021664e+01 3.509257e+01 9.341679e+00 2.291031e+01 -7.900732e+00 -1.786551e+01 1.491897e+01 -1.708763e+01 -1.107168e+01 3.616404e+00 -1.326165e-01 
-2.409028e+00 -1.319623e+01 3.538934e+01 1.906557e+01 1.273761e+01 -4.220655e+00 -7.986191e+00 7.954432e+00 -1.767533e+01 -4.011922e+00 -5.606813e+00 -1.980946e+00 
-4.323756e+00 -1.359196e+01 4.012428e+01 1.674729e+01 1.014745e+01 -1.525300e+00 -9.051208e+00 5.608623e+00 -1.561513e+01 -3.232994e+00 4.156900e-02 -8.059967e-01 
-6.221848e+00 -1.375912e+01 4.280576e+01 1.121228e+01 5.337949e+00 3.228024e+00 -7.713939e+00 1.055349e+01 -1.291484e+01 -9.630499e+00 1.822535e+00 3.050783e+00 
-9.034053e+00 -1.301397e+01 4.293721e+01 6.155283e+00 6.207446e+00 -1.496659e+00 -3.023062e+00 1.252037e+01 -9.947081e+00 4.731162e-02 -3.539073e+00 2.610653e+00 
-1.137215e+01 -1.256637e+01 4.076106e+01 2.453094e+00 4.486328e+00 -6.675949e+00 -1.317572e+00 1.166701e+01 -6.798703e+00 1.386996e+00 -1.074559e+00 5.420798e+00 
-1.409078e+01 -1.455914e+01 4.084518e+01 -1.592749e+00 9.149158e+00 -9.582205e+00 -7.068300e-01 1.141314e+01 -9.989822e+00 -3.914118e-01 -5.246813e+00 3.888906e+00 
-1.549314e+01 -1.522827e+01 4.063955e+01 -1.795846e+00 1.087532e+01 -3.780629e+00 7.444573e+00 1.292066e+01 -1.220168e+01 -3.057981e+00 -8.096488e+00 -8.736880e-01 
-1.594978e+01 -1.576599e+01 4.137564e+01 1.926776e+00 1.377761e+01 -5.582837e-01 5.568014e+00 1.146215e+01 -9.290106e+00 -8.236049e+00 -7.768424e+00 -1.145813e+00 
-1.389573e+01 -1.526603e+01 4.341216e+01 5.897696e+00 1.559957e+01 -4.172747e+00 1.603143e+00 8.080112e+00 -1.416744e+01 -9.769498e+00 -7.724230e+00 5.238657e+00 
-1.138837e+01 -1.680869e+01 4.263517e+01 1.013301e+01 1.162243e+01 -1.224311e+00 -3.897237e-01 9.110057e+00 -1.149645e+01 -6.602295e+00 -6.373264e+00 -7.688664e-02 
-7.910751e+00 -1.723463e+01 3.958273e+01 1.108844e+01 1.010437e+01 -3.759799e+00 -2.847819e+00 1.146529e+01 -5.668471e+00 -6.762426e+00 -9.087132e+00 5.209183e-01 
-5.611747e+00 -1.701210e+01 3.768875e+01 1.588042e+01 1.112512e+01 -2.946923e+00 -8.197421e+00 8.379858e+00 -8.438382e+00 -1.013441e+01 -2.950041e+00 3.175722e-01 
-3.714486e+00 -1.757650e+01 3.518837e+01 1.927239e+01 1.108295e+01 1.534054e+00 -6.040786e+00 8.200136e+00 -8.480434e+00 -1.561815e+01 -7.391650e+00 -1.771347e+00 
-3.771878e+00 -1.787556e+01 3.491730e+01 2.114794e+01 1.472090e+01 -2.788097e+00 -8.050343e+00 7.852004e+00 -1.043895e+01 -1.084607e+01 -5.697458e+00 -3.660182e+00 
-2.817841e+00 -1.663549e+01 3.358533e+01 1.798941e+01 1.289024e+01 -7.296075e-01 -9.074158e+00 5.364176e+00 -1.011184e+01 -7.396402e+00 -4.778426e+00 -2.128562e+00 
-1.179260e+00 -1.725427e+01 3.167908e+01 2.261544e+01 1.253914e+01 -2.400666e+00 -7.310776e+00 3.561302e+00 -1.019629e+01 -7.835423e+00 2.412462e-01 -3.607715e+00 
-3.433273e-02 -1.651969e+01 2.824165e+01 2.483031e+01 1.142259e+01 -1.361787e+00 -7.007751e+00 3.884927e+00 -9.339396e+00 -7.096380e+00 8.667295e-01 -8.373028e+00 
7.113464e-01 -1.405969e+01 2.464999e+01 2.534796e+01 1.600613e+01 -2.048124e+00 -6.500277e+00 6.227595e+00 -1.104836e+01 -8.111337e+00 3.715687e-01 -8.238732e+00 
2.553710e+00 -1.145872e+01 2.007220e+01 2.346622e+01 1.770524e+01 -6.698862e+00 -7.865712e+00 8.810939e+00 -1.227441e+01 -1.027341e+01 2.663502e+00 -8.211819e+00 
2.608191e+00 -1.492014e+01 1.735041e+01 2.899938e+01 2.340670e+01 -1.054662e+01 -1.240847e+01 1.121016e+01 -1.469240e+01 -1.123032e+01 5.702531e+00 -7.922839e+00 
2.163612e+00 -1.431546e+01 1.745615e+01 2.878514e+01 2.494631e+01 -1.595451e+01 -1.159432e+01 1.073195e+01 -1.811584e+01 -9.489715e+00 4.264791e+00 -7.539254e+00 
8.194762e-01 -1.659471e+01 2.216480e+01 2.743281e+01 2.167779e+01 -8.690696e+00 -9.427251e+00 2.412591e+00 -1.872076e+01 -6.199586e+00 -2.723267e+00 -1.061826e+01 
1.269046e+00 -1.719083e+01 2.008972e+01 2.504641e+01 1.764245e+01 -3.967575e+00 -7.579899e+00 -4.753660e+00 -1.439872e+01 -4.775670e+00 -4.159717e+00 -8.660377e+00 
3.661624e+00 -1.210821e+01 7.673137e+00 1.318566e+01 1.752465e+01 9.235814e+00 -3.675007e+00 -6.423942e+00 -9.982928e+00 -9.102483e+00 -6.852296e+00 -1.099326e+00 
4.021364e+00 -7.663271e-01 8.525484e+00 1.922471e+01 1.317854e+01 2.930161e+00 -1.337913e+00 -6.682214e+00 -1.296965e+01 -5.268862e+00 2.862211e+00 2.683782e+00 
3.077724e+00 2.009858e+00 1.104339e+01 2.211141e+01 1.304470e+01 -8.925995e-01 -3.935263e+00 -2.775463e+00 -9.225649e+00 -7.909536e+00 1.679309e+00 2.508708e+00 
2.554958e+00 4.567030e+00 1.171931e+01 2.022471e+01 1.231592e+01 3.160405e-01 1.612531e+00 5.093965e+00 -6.666687e+00 -1.069546e+01 1.275761e+00 3.680123e+00 
2.640214e+00 3.481529e+00 9.877323e+00 1.822532e+01 1.472824e+01 4.521024e+00 3.710752e+00 2.089594e+00 -6.934854e+00 -9.613533e+00 2.406011e-01 2.895555e+00 
3.510659e+00 5.193862e+00 8.738717e+00 1.537267e+01 1.539835e+01 7.978224e+00 -9.785608e-01 -4.208558e-01 -6.389214e+00 -6.952917e+00 -1.365849e+00 1.971798e+00 
4.204768e+00 5.318725e+00 7.399731e+00 1.500054e+01 1.391191e+01 6.601905e+00 -6.901453e-03 -2.850871e+00 -9.677535e+00 -7.169600e+00 3.527050e+00 9.784471e-01 
4.389836e+00 4.603281e+00 7.752004e+00 1.382592e+01 1.435422e+01 6.564933e+00 -1.937181e+00 -5.011303e+00 -8.528001e+00 -5.174807e+00 2.593502e+00 2.569489e-01 
4.283786e+00 5.317718e+00 7.902727e+00 1.382282e+01 1.390916e+01 6.567536e+00 -2.251158e+00 -5.266433e+00 -9.465897e+00 -5.067061e+00 2.618663e+00 8.009270e-01 
3.745217e+00 4.455761e+00 9.387179e+00 1.249773e+01 1.408333e+01 9.572213e+00 -2.613118e+00 -8.076629e+00 -1.042309e+01 -1.900751e+00 2.948663e+00 -1.228184e+00 
4.594867e+00 -7.420815e+00 5.310632e+00 1.223272e+01 2.737100e+01 1.099279e+01 -1.077808e+01 -1.545905e+01 -6.652900e+00 2.694237e+00 -3.171654e+00 -8.576374e+00 
5.012830e+00 -6.536705e+00 5.127193e+00 2.109035e+01 3.452407e+01 -7.964783e+00 -2.627404e+01 -2.769808e+00 -4.140508e-01 -2.473116e+00 -5.605200e+00 -3.053678e+00 
3.746881e+00 -7.102615e+00 1.063970e+01 2.045196e+01 3.012387e+01 -1.275925e+01 -2.378726e+01 6.692609e+00 -2.513889e+00 -6.337692e+00 -6.232296e+00 -3.742826e+00 
1.626706e+00 -7.551719e+00 1.615806e+01 1.799498e+01 3.268699e+01 -1.538274e+01 -2.203014e+01 1.010230e+01 -8.154360e+00 -4.047936e+00 -7.216812e+00 -2.655685e+00 
6.897205e-01 -6.964662e+00 1.797317e+01 1.620364e+01 3.316322e+01 -1.242910e+01 -2.569668e+01 1.378471e+01 -7.815876e+00 -8.208666e+00 -2.370364e+00 -5.466646e+00 
1.582213e-01 -7.925301e+00 1.896631e+01 1.573429e+01 3.147189e+01 -1.269832e+01 -2.440687e+01 1.708694e+01 -6.709773e+00 -1.079487e+01 -1.921010e+00 -5.432121e+00 
-6.323733e-01 -8.975558e+00 2.119678e+01 1.986062e+01 2.221315e+01 -8.229320e+00 -1.555971e+01 8.800884e+00 -8.391160e+00 -5.802235e+00 4.944718e-01 -9.997893e+00 
-1.652536e+00 -1.219027e+01 2.565189e+01 1.970273e+01 9.653347e+00 -2.988061e+00 -5.098334e+00 6.113226e+00 -8.295682e+00 -3.923522e+00 -3.070364e+00 -1.217788e+01 
-6.002677e+00 -1.422534e+01 3.492373e+01 1.663336e+01 4.586249e+00 1.655386e+00 -6.110153e+00 1.614525e+00 -1.152230e+01 -2.273994e+00 -1.417139e+00 -8.413261e+00 
-9.054015e+00 -1.575038e+01 3.517318e+01 1.294294e+01 6.178569e+00 7.696059e-01 -9.863842e-01 9.925717e+00 -1.052788e+01 -7.339553e+00 -1.536816e+00 -3.914909e+00 
-1.245719e+01 -1.466135e+01 3.858375e+01 8.227740e+00 9.479631e+00 6.357754e-01 4.421106e-02 9.622201e+00 -1.032176e+01 -5.259337e+00 -4.461330e+00 -2.498826e+00 
-1.486266e+01 -1.684645e+01 3.873564e+01 1.174449e+00 9.850439e+00 2.385986e+00 2.705713e+00 1.414101e+01 -6.216180e+00 -2.744565e+00 -3.405524e+00 -2.714949e+00 
-1.753388e+01 -1.931098e+01 3.694682e+01 -2.337026e+00 7.919396e+00 1.974601e+00 6.794714e+00 1.852911e+01 -2.690369e+00 2.444813e+00 1.759309e+00 4.913249e+00 
-1.783373e+01 -2.043827e+01 3.630770e+01 -2.818763e+00 5.562542e+00 5.144428e-01 3.442150e+00 1.686889e+01 -3.512105e+00 2.260573e+00 2.240922e+00 4.753671e+00 
-1.869752e+01 -2.084307e+01 3.737387e+01 -7.055939e+00 9.185826e+00 -3.090647e+00 7.010638e+00 1.490200e+01 -7.566322e+00 -3.809944e-01 -4.636814e+00 5.637737e+00 
-1.894206e+01 -2.239580e+01 3.599340e+01 -6.112899e+00 6.342202e+00 -4.235236e+00 3.871913e+00 1.538901e+01 -3.635158e+00 -2.504963e+00 -3.887782e+00 -3.783717e-01 
-1.961455e+01 -2.221606e+01 3.479346e+01 -6.052837e+00 4.650419e+00 -5.314732e+00 6.524548e+00 1.487687e+01 -6.036253e+00 2.195687e+00 -1.361333e+00 -4.234993e-01 
-1.931553e+01 -2.133245e+01 3.634217e+01 -3.578519e+00 1.031475e+01 -2.909950e+00 7.504031e+00 1.098897e+01 -5.225892e+00 -4.173066e-01 1.893108e-01 -1.186047e+00 
-1.656695e+01 -1.904867e+01 3.763150e+01 1.819035e+00 1.292782e+01 -5.525112e+00 7.905629e+00 1.296339e+01 -5.093187e+00 -7.638385e+00 -2.211332e+00 -1.592196e+00 
-1.231579e+01 -1.625940e+01 3.910252e+01 4.725553e+00 1.454352e+01 -2.680824e+00 5.026638e+00 1.114607e+01 -1.091703e+01 -7.604156e+00 -4.818426e+00 -5.245086e+00 
-8.686375e+00 -1.611036e+01 3.936366e+01 1.111321e+01 1.233105e+01 -1.684647e+00 -1.203873e+00 7.583049e+00 -8.995398e+00 -4.484874e+00 -6.050038e+00 -6.196028e+00 
-5.818857e+00 -1.619747e+01 3.702685e+01 1.250393e+01 1.200287e+01 -2.281416e+00 -7.272702e+00 6.260900e+00 -1.181667e+01 -3.513670e+00 4.473751e-01 -3.501964e+00 
-4.018497e+00 -1.419714e+01 3.675753e+01 1.272126e+01 9.539676e+00 -2.603234e+00 -7.563730e+00 6.358930e+00 -1.369142e+01 -6.009393e+00 -9.723010e-01 -9.209905e-01 
-2.990017e+00 -1.282415e+01 3.659571e+01 1.504078e+01 8.997443e+00 -2.624584e+00 -1.074835e+01 4.183416e+00 -1.585262e+01 -4.739655e+00 4.727694e+00 -4.621183e+00 
-1.555219e+00 -1.340316e+01 3.481741e+01 1.732501e+01 6.927519e+00 -9.576921e-01 -9.196723e+00 3.128965e+00 -1.752366e+01 -7.920549e+00 7.464787e+00 -2.296295e+00 
-2.767928e-01 -1.298829e+01 3.094650e+01 1.959870e+01 4.561040e+00 -2.447011e+00 -4.900143e+00 4.360625e+00 -1.753159e+01 -9.003666e+00 6.788982e+00 -4.533374e+00 
8.157333e-01 -1.609375e+01 2.499116e+01 2.268046e+01 1.092665e+01 -3.599932e+00 -1.033737e+01 3.612203e+00 -1.237679e+01 -9.084624e+00 3.334469e+00 -2.822331e+00 
1.999338e+00 -1.510542e+01 2.123943e+01 2.564146e+01 1.709793e+01 -6.925384e+00 -1.313917e+01 5.290025e+00 -1.225477e+01 -7.002921e+00 3.153502e+00 -4.545608e+00 
9.284377e-01 -1.129609e+01 1.954467e+01 3.037957e+01 1.851149e+01 -7.861156e+00 -1.044794e+01 1.593160e+00 -1.877557e+01 -9.217075e+00 5.209629e+00 -1.977412e+00 
1.440813e-01 -9.509750e+00 1.776987e+01 3.352262e+01 2.115527e+01 -9.382761e+00 -9.137787e+00 6.251474e+00 -1.616456e+01 -1.362336e+01 3.790275e+00 -1.277118e+00 
-2.493452e+00 -9.511040e-01 1.038032e+01 1.991635e+01 1.181036e+01 -6.307265e+00 -6.178998e+00 1.215493e+00 -4.809165e+00 -8.970330e+00 -4.455995e-02 -4.669958e-01 
-5.119341e+00 1.887733e-01 1.036805e+01 1.782284e+01 1.049397e+01 -2.637082e+00 -3.464346e-01 3.570728e+00 -3.362855e+00 -7.001134e+00 -1.590687e+00 7.889655e-01 
