5.239959e+00 8.109553e+00 1.097064e+01 2.284131e+01 7.900109e+00 1.637238e+00 5.831294e+00 1.395988e-01 -2.176738e+01 -1.286064e+01 1.090698e+01 5.963047e+00 
6.644678e+00 4.994830e+00 8.958124e+00 2.369799e+01 7.295305e+00 -3.376745e+00 8.591499e+00 1.550068e+00 -2.719919e+01 -1.459277e+01 1.558713e+01 8.156884e+00 
9.026754e+00 -6.425030e+00 3.670463e+00 3.367679e+01 1.349004e+01 -1.007359e+01 1.335550e-01 3.786585e+00 -1.753545e+01 -1.389675e+01 4.655003e+00 1.478857e+00 
6.967455e+00 -1.081560e+01 1.152259e+01 3.195101e+01 1.483054e+01 -1.456584e+01 -5.804875e+00 1.151130e+01 -1.719709e+01 -1.870383e+01 5.637960e+00 -3.778011e+00 
5.792447e+00 -1.151491e+01 1.695853e+01 2.643201e+01 1.240545e+01 -1.164008e+01 -7.025201e+00 1.758263e+01 -1.957192e+01 -2.330833e+01 1.045877e+01 -2.477067e+00 
5.086197e+00 -1.147955e+01 1.962228e+01 2.407945e+01 1.085959e+01 -1.045040e+01 -5.410561e+00 1.515273e+01 -2.047647e+01 -2.305952e+01 1.055470e+01 9.471784e-01 
3.949473e+00 -1.072739e+01 2.092933e+01 2.377291e+01 1.165848e+01 -1.104654e+01 -2.201889e-01 8.090139e+00 -1.941837e+01 -2.220986e+01 7.638878e+00 2.233712e+00 
2.827068e+00 -9.692728e+00 2.323579e+01 2.125509e+01 1.009411e+01 -1.145752e+01 1.597307e+00 1.162229e+01 -1.992568e+01 -2.339127e+01 8.590075e+00 1.132242e+00 
2.350217e+00 -8.583761e+00 2.286934e+01 2.080342e+01 1.057299e+01 -1.041103e+01 5.848520e-01 1.256317e+01 -1.958687e+01 -2.209471e+01 1.102106e+01 -1.171003e+00 
2.104010e+00 -8.268673e+00 2.379101e+01 2.405248e+01 9.257761e+00 -9.335554e+00 1.757768e+00 1.145068e+01 -1.700912e+01 -1.997832e+01 8.671098e+00 -2.286201e-01 
-5.572677e-01 -7.912261e+00 2.858942e+01 2.251293e+01 8.307675e+00 -7.128364e+00 1.463742e+00 1.144812e+01 -1.276585e+01 -1.951023e+01 5.233823e+00 2.315435e+00 
-2.484593e+00 -7.559824e+00 3.445386e+01 1.901042e+01 3.450731e+00 -5.643291e-01 -4.117298e+00 8.821415e+00 -3.640220e+00 -2.289544e+01 8.017736e+00 7.838712e+00 
-5.016074e+00 -6.229540e+00 3.789165e+01 1.743106e+01 1.851157e+00 8.334430e-01 -5.036303e+00 6.696319e+00 -3.099395e+00 -1.743501e+01 6.904819e+00 7.559978e+00 
-7.365469e+00 -8.496346e+00 4.195652e+01 1.265187e+01 2.177481e+00 3.368122e+00 -5.838609e+00 1.186007e+01 -6.119682e+00 -1.614501e+01 1.034631e+01 4.861387e+00 
-9.503517e+00 -9.488497e+00 4.508340e+01 1.226356e+01 -3.360998e+00 7.889359e+00 -1.876312e+00 5.460451e+00 -5.044826e+00 -1.155810e+01 6.965424e+00 4.529183e+00 
-1.022284e+01 -8.845606e+00 4.226222e+01 1.028390e+01 -3.049272e-01 6.900405e+00 3.423369e-01 6.830365e+00 -8.458277e+00 -9.945005e+00 5.606848e+00 1.757211e+00 
-1.137139e+01 -1.231674e+01 4.422901e+01 1.110248e+01 -8.271356e-01 5.564929e+00 4.089014e+00 7.964205e+00 -7.300530e+00 -1.244356e+01 2.038643e+00 1.741473e+00 
-1.048243e+01 -1.442302e+01 4.199572e+01 1.001203e+01 3.599069e-01 6.101369e+00 2.892849e+00 7.372952e+00 -5.032597e+00 -9.859085e+00 2.384768e+00 5.074134e+00 
-8.514020e+00 -1.585781e+01 3.906480e+01 1.000733e+01 2.763330e+00 6.244565e+00 5.680406e+00 7.506144e+00 -3.988541e+00 -1.192267e+01 -2.987634e+00 3.310911e+00 
-6.915075e+00 -1.676056e+01 3.934503e+01 1.802573e+01 6.714421e+00 6.599653e-01 -3.104843e+00 5.346042e+00 -3.110719e+00 -1.403100e+01 9.740143e-01 3.009045e+00 
-3.562799e+00 -1.611568e+01 3.504892e+01 1.917611e+01 6.557804e+00 2.696707e+00 -7.100417e+00 4.841449e+00 -4.537066e+00 -1.610175e+01 3.466897e+00 5.503042e+00 
-1.657574e+00 -1.563888e+01 3.237341e+01 2.199233e+01 6.973946e+00 3.470651e+00 -5.182633e+00 2.959684e+00 -6.265986e+00 -1.630342e+01 5.664860e+00 1.109109e+00 
6.529132e-01 -1.610694e+01 2.805445e+01 2.569050e+01 8.261639e+00 4.264063e+00 -5.378195e+00 6.809050e-01 -7.142449e+00 -1.562352e+01 5.624673e+00 -7.485426e-01 
1.352627e+00 -1.460302e+01 2.596160e+01 2.563827e+01 1.046873e+01 3.922731e+00 -8.760643e+00 1.054867e+00 -8.154799e+00 -1.648959e+01 8.945276e+00 -2.103148e+00 
2.098718e+00 -1.368994e+01 2.362836e+01 2.383028e+01 1.396486e+01 3.775210e+00 -1.205192e+01 2.489243e+00 -8.761302e+00 -1.790161e+01 1.022964e+01 -1.115446e+00 
2.842631e+00 -1.454222e+01 2.074187e+01 2.899907e+01 1.192071e+01 -3.762203e+00 -7.197059e+00 3.392132e+00 -1.179835e+01 -1.782434e+01 1.112995e+01 -1.159437e+00 
2.934142e+00 -1.792952e+01 2.066544e+01 2.719879e+01 1.202046e+01 -3.410056e+00 -1.165213e+01 4.218606e+00 -8.694264e+00 -1.979633e+01 1.186595e+01 2.624507e+00 
1.953982e+00 -1.748292e+01 1.957786e+01 2.876360e+01 1.328874e+01 -5.038411e+00 -1.370531e+01 6.487139e+00 -1.092732e+01 -1.833867e+01 1.392002e+01 8.423217e-01 
2.094049e+00 -1.675658e+01 2.265248e+01 3.033953e+01 1.127032e+01 -8.587999e+00 -1.254242e+01 5.029711e+00 -1.460847e+01 -1.654508e+01 1.172822e+01 -2.703846e+00 
1.497052e+00 -1.504327e+01 2.502425e+01 2.716454e+01 1.187648e+01 -1.180188e+01 -1.425917e+01 8.245957e+00 -1.524079e+01 -1.393047e+01 1.150265e+01 -3.575692e+00 
1.903247e+00 -1.344319e+01 2.199928e+01 2.643672e+01 1.209448e+01 -1.288644e+01 -1.309492e+01 9.472861e+00 -1.413694e+01 -1.489349e+01 1.382020e+01 -4.269301e+00 
2.382588e+00 -1.257739e+01 1.504857e+01 2.958046e+01 1.445457e+01 -1.365606e+01 -1.077097e+01 6.368888e+00 -1.395395e+01 -1.333797e+01 1.374469e+01 -2.360150e-01 
1.866207e+00 -9.700675e+00 1.477684e+01 2.925851e+01 1.337089e+01 -1.940808e+01 -8.824463e+00 4.606228e+00 -1.167741e+01 -1.571242e+01 6.556425e+00 2.043908e+00 
2.558450e+00 -5.014086e+00 1.146054e+01 2.484623e+01 1.397840e+01 -1.039719e+01 -8.377725e+00 -1.390402e+00 -1.170096e+01 -1.438573e+01 9.561895e-01 -7.767951e-01 
2.303839e+00 -2.949163e-01 1.018679e+01 2.412655e+01 1.381230e+01 -2.842901e+00 -1.242217e+00 -2.616025e+00 -1.542605e+01 -1.479116e+01 7.275252e+00 6.283495e+00 
2.825823e+00 -9.187717e-02 1.044808e+01 2.192511e+01 1.438642e+01 -4.890544e-01 1.774179e+00 -1.001072e+00 -1.852968e+01 -1.387647e+01 8.897635e+00 6.425326e+00 
4.139965e+00 1.281319e+00 1.063097e+01 1.973096e+01 1.221273e+01 1.902862e+00 2.678597e+00 -4.981861e-01 -1.587854e+01 -9.859981e+00 6.891208e+00 4.704197e+00 
3.884420e+00 1.559058e+00 9.013646e+00 2.124054e+01 1.430653e+01 3.262564e+00 2.859115e+00 -1.451418e-01 -1.447303e+01 -1.174069e+01 7.173164e+00 5.416768e+00 
4.187588e+00 4.210089e+00 8.457119e+00 1.774445e+01 1.493300e+01 5.939140e+00 2.963962e+00 9.904358e-02 -1.178612e+01 -1.066340e+01 2.502412e+00 6.338104e+00 
3.818121e+00 5.112044e+00 9.748497e+00 1.589451e+01 1.519658e+01 7.400506e+00 3.028694e+00 -1.629892e+00 -1.256293e+01 -6.350961e+00 3.329160e+00 3.511333e+00 
4.121601e+00 3.413429e+00 8.278142e+00 1.582858e+01 1.537803e+01 8.208627e+00 3.708830e+00 -1.299473e+00 -1.378726e+01 -7.231349e+00 6.275441e+00 4.963969e+00 
4.879520e+00 4.211679e+00 1.014238e+01 1.618478e+01 1.509187e+01 7.425598e+00 -2.625835e-01 -5.580402e+00 -1.507999e+01 -7.256111e+00 7.960049e+00 4.654897e+00 
5.625923e+00 5.089793e+00 8.159259e+00 1.424793e+01 1.431330e+01 8.117778e+00 5.880430e-01 -6.453835e+00 -1.255976e+01 -4.504266e+00 4.765841e+00 2.001434e+00 
7.653785e+00 -7.137852e+00 2.276532e+00 1.145440e+01 1.592055e+01 8.942771e+00 -2.458896e+00 -1.039367e+01 8.575984e-01 -3.840172e+00 -4.000408e+00 -2.648668e+00 
7.176622e+00 -8.570649e+00 3.533944e+00 2.201845e+01 2.580685e+01 -5.765633e+00 -1.401575e+01 3.073666e+00 7.738022e-01 -1.227978e+01 -5.651636e+00 -2.251805e+00 
5.621253e+00 -7.224074e+00 9.286684e+00 2.380074e+01 2.508244e+01 -1.222368e+01 -1.835686e+01 7.528769e+00 2.484604e+00 -1.657372e+01 -3.085509e+00 5.762928e-01 
4.851818e+00 -6.819188e+00 1.302887e+01 2.362992e+01 2.121078e+01 -1.095526e+01 -1.897591e+01 8.761649e+00 1.256650e+00 -1.864685e+01 -1.096582e+00 3.420318e+00 
3.331310e+00 -7.747367e+00 1.750526e+01 2.055596e+01 1.974481e+01 -6.736849e+00 -2.128254e+01 8.569972e+00 1.745460e-01 -2.013524e+01 2.671910e+00 4.709885e+00 
1.854690e+00 -7.133084e+00 2.102797e+01 2.029395e+01 1.437017e+01 -5.276348e+00 -1.898184e+01 8.409459e+00 4.821008e-01 -2.095268e+01 4.582731e+00 2.520219e+00 
2.037089e+00 -3.920218e+00 2.149435e+01 1.687920e+01 1.393236e+01 -1.054047e+00 -2.017071e+01 6.433350e+00 1.355393e+00 -2.030529e+01 5.905981e+00 3.421456e+00 
1.218473e+00 -3.030183e+00 2.345984e+01 1.655297e+01 9.669390e+00 -1.436477e+00 -1.316466e+01 4.730883e+00 -2.737486e+00 -1.709521e+01 5.274982e+00 1.292656e+00 
-5.771884e-01 -2.227563e+00 2.694401e+01 1.562093e+01 7.686623e+00 2.914743e+00 -1.543163e+01 7.393900e-01 -2.737486e+00 -1.563515e+01 6.649438e+00 2.423705e+00 
-4.024710e+00 -6.674160e+00 3.179141e+01 1.678073e+01 3.759904e+00 3.109419e+00 -7.687103e+00 1.295637e+00 -1.073791e+00 -1.405308e+01 -8.979164e-01 -1.905190e+00 
-6.359163e+00 -9.684384e+00 3.409917e+01 1.559182e+01 1.996787e-01 7.111088e+00 -4.088579e+00 -4.165236e+00 6.040193e-02 -9.688139e+00 -1.641698e+00 -5.236600e-01 
-7.428966e+00 -1.326121e+01 3.564007e+01 1.655211e+01 -3.771723e+00 7.301005e+00 -2.746541e+00 -1.935977e+00 2.400355e+00 -8.375763e+00 -2.690122e+00 1.861688e+00 
-9.222449e+00 -1.383258e+01 3.911249e+01 1.418457e+01 -3.243196e+00 6.877044e+00 -9.969668e-01 -2.786357e+00 1.351770e+00 -6.314266e+00 1.581355e+00 -4.489519e-01 
-9.778360e+00 -1.316188e+01 3.978071e+01 9.852771e+00 1.048662e+00 8.726031e+00 -9.076191e-01 6.080733e+00 -2.752359e-01 -1.189851e+01 9.908669e-01 -1.900450e+00 
-8.160739e+00 -1.560351e+01 3.732141e+01 1.326067e+01 2.039369e+00 7.325664e+00 -3.529244e+00 9.746929e+00 -6.724753e-01 -1.780793e+01 5.038399e+00 -1.464147e+00 
-6.050393e+00 -1.502539e+01 3.432845e+01 1.456731e+01 1.875530e+00 7.550622e+00 -1.169280e+00 4.982325e+00 -3.676004e+00 -1.583534e+01 3.434489e+00 -1.379769e+00 
-4.748079e+00 -1.564086e+01 3.499471e+01 1.760317e+01 2.265945e+00 7.124931e+00 -3.634091e+00 4.884565e+00 -6.234821e-02 -1.665367e+01 -1.281960e+00 -1.900070e+00 
-4.087584e+00 -1.630283e+01 3.654606e+01 2.178126e+01 2.212235e+00 5.023298e+00 -5.365887e+00 3.481780e+00 -3.375243e+00 -1.513246e+01 -3.978370e+00 -9.135070e-01 
-2.328651e+00 -1.464672e+01 3.344270e+01 2.402722e+01 2.365242e+00 3.465892e+00 -6.296744e+00 1.510794e+00 -3.717222e+00 -1.543437e+01 1.616356e+00 -9.971270e-01 
-2.808684e-01 -1.195914e+01 2.959078e+01 2.201888e+01 3.768028e+00 6.158388e-01 -7.144179e+00 2.524676e+00 -4.364491e+00 -1.539798e+01 4.001966e+00 -1.051736e+00 
8.406032e-01 -9.510748e+00 2.672780e+01 2.163099e+01 6.294217e+00 -1.037175e+00 -8.118798e+00 5.418614e+00 -4.708282e+00 -1.764862e+01 2.869603e+00 1.100311e-01 
4.664681e-01 -7.662337e+00 2.600275e+01 2.295219e+01 9.006361e+00 -3.271188e+00 -9.513261e+00 6.234843e+00 -5.264961e+00 -1.939000e+01 3.456851e+00 -2.455072e+00 
1.809868e+00 -7.603531e+00 2.376161e+01 2.560530e+01 1.134253e+01 -6.094851e+00 -9.081566e+00 6.159282e+00 -8.995026e+00 -2.024622e+01 6.587862e+00 1.259473e+00 
2.216063e+00 -6.275234e+00 2.286150e+01 2.536812e+01 7.831505e+00 -1.286524e+01 -7.652458e+00 1.238857e+01 -6.509222e+00 -2.151952e+01 2.277171e+00 2.100602e+00 
1.362898e+00 -9.511145e+00 2.248069e+01 2.551411e+01 9.973598e+00 -1.062214e+01 -1.214811e+01 1.184940e+01 -7.554636e+00 -2.079844e+01 4.446290e+00 2.242813e+00 
1.290997e+00 -1.040555e+01 2.179613e+01 2.932615e+01 1.307345e+01 -1.038507e+01 -1.121634e+01 1.245218e+01 -9.127288e+00 -2.257353e+01 4.800518e+00 3.146894e+00 
-2.456959e-01 -9.788883e+00 2.046295e+01 3.174037e+01 1.383261e+01 -1.258707e+01 -8.338977e+00 1.249316e+01 -1.075248e+01 -1.936971e+01 5.329753e+00 1.699758e+00 
6.538469e-01 -9.749547e+00 1.598134e+01 3.790969e+01 1.504990e+01 -1.652947e+01 -4.502040e+00 1.043936e+01 -1.195824e+01 -1.858181e+01 3.542410e+00 2.573501e+00 
-4.046498e+00 -2.624105e+00 9.070475e+00 1.903654e+01 7.712349e+00 -6.570726e+00 -6.518841e-01 4.578907e+00 -3.537400e+00 -1.110971e+01 -3.033330e+00 -6.871076e-01 
-6.262050e+00 -5.599400e-01 9.836679e+00 1.619206e+01 9.910860e+00 -2.892219e+00 1.482888e+00 7.564202e+00 -3.230751e+00 -1.193699e+01 5.235324e-01 3.204916e+00 
