1.728108e+00 1.006675e+01 9.792105e+00 1.565415e+01 1.517516e+01 1.227583e+01 2.756231e+00 -3.598218e+00 -1.097024e+01 -4.274618e+00 5.882779e+00 2.129032e+00 
3.373860e+00 1.291644e+01 1.095846e+01 1.596017e+01 1.292534e+01 7.521014e+00 -6.609712e-01 -4.181309e+00 -1.365897e+01 -4.105443e+00 4.207177e+00 -7.561723e-01 
4.507921e+00 9.773510e+00 1.028230e+01 1.773545e+01 1.275449e+01 4.201968e+00 -7.308270e+00 -6.896636e+00 -6.334456e+00 -1.388921e+00 -2.522845e+00 -4.305696e+00 
4.900912e+00 3.328852e+00 1.101628e+01 2.898970e+01 1.878266e+01 -1.194176e+01 -1.518081e+01 2.252595e+00 -1.356567e+00 -6.558239e+00 -1.136427e+01 -4.851319e+00 
3.942762e+00 -3.865755e-01 1.471839e+01 3.753541e+01 1.745187e+01 -2.354110e+01 -1.113690e+01 1.159881e+01 -8.931868e+00 -2.030122e+01 -5.886993e+00 3.894872e+00 
2.381490e+00 -2.655063e-01 1.914397e+01 4.110784e+01 1.525291e+01 -3.136590e+01 -8.775947e+00 1.456613e+01 -1.718648e+01 -1.270969e+01 -3.336914e+00 3.812677e+00 
1.138354e+00 1.951461e+00 2.122436e+01 3.734533e+01 1.299972e+01 -2.678157e+01 -5.204834e+00 1.271050e+01 -1.832237e+01 -1.380353e+01 -5.085580e+00 5.830238e+00 
2.823278e-01 9.117252e-01 2.332643e+01 2.747197e+01 7.224464e+00 -1.701689e+01 -3.315162e+00 1.289229e+01 -1.618645e+01 -1.523711e+01 -1.497923e+00 6.749794e+00 
-2.226401e+00 -1.718145e-01 2.755356e+01 2.225350e+01 1.274517e+00 -1.297863e+01 -8.852974e-01 1.194143e+01 -1.400642e+01 -1.025412e+01 -9.177189e-01 1.784841e+00 
-7.802066e+00 -3.263036e+00 3.339585e+01 1.875710e+01 5.837039e+00 -1.195508e+01 5.747918e+00 1.109587e+01 -2.171714e+01 2.781110e+00 -1.772923e+00 -4.107779e+00 
-1.217042e+01 -1.476199e+00 3.771695e+01 8.413298e+00 1.502351e+01 -9.571010e+00 1.269247e+01 1.691840e+01 -2.590569e+01 5.054535e+00 -8.946224e+00 -1.096916e+01 
-1.562019e+01 -6.396844e+00 3.378354e+01 6.280673e+00 1.764239e+01 -3.291859e+00 1.655279e+01 1.370380e+01 -1.731388e+01 7.453103e+00 -9.404175e+00 -4.933244e+00 
-1.749906e+01 -1.355210e+01 2.983961e+01 2.077198e+00 6.116828e+00 -4.026391e+00 1.511781e+01 1.945822e+01 -1.486213e+01 1.007322e+01 5.930530e+00 -2.673694e+00 
-2.032699e+01 -1.815212e+01 3.194037e+01 -9.344135e-02 2.523728e+00 -3.043463e+00 1.039992e+01 1.886360e+01 -1.613433e+01 5.395665e+00 6.897633e+00 -3.260955e+00 
-2.189682e+01 -2.462477e+01 3.002755e+01 -4.347286e+00 -2.175569e+00 -1.449963e+01 8.757711e+00 1.472015e+01 -1.330395e+01 5.700642e+00 -3.866203e+00 2.844723e+00 
-2.252400e+01 -2.687885e+01 3.092646e+01 -7.720140e+00 -6.628867e-01 -1.395490e+01 8.158670e+00 1.319144e+01 -1.659314e+01 4.865894e+00 -7.177422e+00 -4.814681e-01 
-1.945867e+01 -2.695368e+01 2.784597e+01 -7.813276e+00 -3.348473e+00 -9.571675e+00 4.375303e+00 1.563958e+01 -1.705997e+01 5.181068e+00 -3.707129e+00 -6.641763e+00 
-1.563676e+01 -2.396102e+01 2.768169e+01 3.529359e+00 4.279529e-01 -7.772681e-01 7.984641e+00 1.579675e+01 -1.322867e+01 1.133399e+00 1.650195e+00 2.052922e-01 
-8.722255e+00 -1.484797e+01 3.570753e+01 1.368118e+01 2.911977e+00 2.472521e+00 7.696940e+00 1.216461e+01 -1.690673e+01 -6.511426e+00 -2.448629e+00 -4.354364e+00 
-3.875360e+00 -1.139719e+01 3.318032e+01 2.119954e+01 2.469018e+00 -3.263223e+00 2.588238e+00 1.087217e+01 -1.243087e+01 -8.479874e+00 -3.103912e+00 -2.970028e+00 
-5.640740e-01 -1.006117e+01 3.103882e+01 2.752614e+01 3.781577e+00 -1.400484e+01 3.243613e+00 7.123208e+00 -1.839943e+01 -6.583268e+00 -1.829879e+00 -1.223386e+00 
-4.031347e-01 -7.144554e+00 2.770141e+01 3.003036e+01 1.161038e+01 -2.096059e+01 -1.134772e+00 9.389036e+00 -1.959546e+01 -5.145981e+00 -2.719890e+00 1.149453e+00 
-4.222422e-02 -5.889449e+00 2.613488e+01 2.730090e+01 1.424317e+01 -2.204008e+01 -1.156903e+00 1.030899e+01 -1.862305e+01 -4.684344e+00 -4.277552e+00 -1.351274e+00 
3.844521e-01 -6.902415e+00 2.614802e+01 2.778464e+01 1.239264e+01 -1.870105e+01 -1.436053e+00 6.717193e+00 -1.515523e+01 -7.506543e+00 -4.730899e+00 -5.725856e-01 
-9.141498e-02 -8.203758e+00 2.651665e+01 2.503617e+01 8.525986e+00 -1.541730e+01 1.835286e+00 5.851201e+00 -1.682789e+01 -5.315619e+00 -3.832547e+00 -2.001804e+00 
-6.116607e-01 -1.008368e+01 2.956823e+01 2.602646e+01 6.704720e+00 -1.355400e+01 1.460068e+00 3.479023e+00 -1.765108e+01 -4.117494e+00 -3.747113e+00 -2.345455e+00 
-1.752672e+00 -9.230718e+00 3.151194e+01 2.563681e+01 1.047491e+01 -1.992638e+01 -2.364615e-01 6.346278e+00 -2.131267e+01 1.417982e+00 -4.608357e+00 -3.609472e+00 
-1.200346e+00 -9.917588e+00 3.063076e+01 2.561685e+01 3.711030e+00 -1.454558e+01 5.011062e+00 3.418252e+00 -1.711832e+01 -1.822749e+00 -9.003469e+00 -2.118337e+00 
1.066707e+00 -7.146987e+00 2.450855e+01 2.703480e+01 9.652338e+00 -1.568834e+01 6.925306e-01 8.753556e+00 -2.172916e+01 -1.105967e+01 -5.109720e-01 8.712335e-01 
1.274163e+00 -6.315928e+00 1.879768e+01 2.844324e+01 1.424509e+01 -1.595338e+01 -4.404603e+00 7.891756e+00 -1.750898e+01 -1.123162e+01 6.652573e-01 -6.699217e-01 
2.711389e+00 -8.703853e+00 1.621330e+01 2.848886e+01 2.085684e+01 -2.222521e+01 -6.249510e+00 1.078363e+01 -2.099506e+01 -8.070148e+00 4.766095e+00 -8.299855e-01 
2.080464e+00 -9.754539e+00 1.633486e+01 3.241103e+01 2.173172e+01 -2.000163e+01 -5.334098e+00 4.921295e+00 -2.410430e+01 -7.457876e+00 5.678543e+00 -6.826295e-01 
1.594972e+00 -8.013941e+00 1.715558e+01 2.828168e+01 2.224619e+01 -1.569433e+01 -7.960123e+00 3.991389e+00 -2.371364e+01 -7.258111e+00 6.522816e+00 -1.071704e+00 
1.714207e+00 -6.558067e+00 1.829565e+01 2.864947e+01 1.946318e+01 -1.642820e+01 -3.733636e+00 4.187848e+00 -2.306417e+01 -8.469213e+00 2.250247e+00 7.425335e-01 
2.018441e+00 -6.404145e+00 1.751436e+01 2.836816e+01 1.799849e+01 -2.026468e+01 -1.801212e+00 8.568624e+00 -2.410652e+01 -7.199248e+00 3.866591e+00 1.374948e+00 
1.097718e+00 -6.663319e+00 2.083667e+01 3.013490e+01 1.574674e+01 -2.025602e+01 -3.815118e+00 1.102358e+01 -2.086499e+01 -1.158295e+01 3.454954e+00 2.812685e-01 
5.571545e-01 -5.552401e+00 2.197148e+01 2.585539e+01 1.431564e+01 -2.299370e+01 -3.428332e+00 1.989357e+01 -1.760609e+01 -1.286867e+01 2.533302e+00 -4.705045e+00 
1.481226e-01 -5.450800e+00 2.394936e+01 2.589531e+01 1.326895e+01 -2.323743e+01 -2.973644e+00 1.649300e+01 -1.644659e+01 -1.276670e+01 4.440491e-01 -1.090089e+00 
-2.618376e-02 -7.068505e+00 2.364643e+01 2.983933e+01 1.419518e+01 -2.029132e+01 -1.418952e+00 1.323020e+01 -2.053803e+01 -1.478150e+01 8.539602e-01 1.236514e+00 
-7.870365e-01 -7.279616e+00 2.351633e+01 2.733607e+01 1.681358e+01 -1.888285e+01 -3.994177e+00 1.276499e+01 -1.795354e+01 -1.319358e+01 -9.381426e-01 1.783219e+00 
-5.122098e-01 -6.491145e+00 2.172573e+01 2.536595e+01 1.785019e+01 -1.470408e+01 -2.245338e+00 8.016442e+00 -1.485990e+01 -1.128400e+01 -3.167772e+00 -1.060618e+00 
-2.229468e-01 -5.728834e+00 2.039444e+01 2.422076e+01 1.762320e+01 -1.208893e+01 -4.151608e+00 6.013608e+00 -1.426567e+01 -7.075959e+00 -3.004382e+00 -1.838496e+00 
-3.699844e-01 -7.380000e+00 2.026302e+01 2.391759e+01 1.648100e+01 -9.170114e+00 -1.481824e+00 4.288959e+00 -1.766845e+01 -5.978875e+00 -2.444027e+00 -2.811046e+00 
-1.293915e+00 -7.646474e+00 2.253790e+01 2.050672e+01 1.491457e+01 -4.730956e+00 -3.848315e+00 4.004486e+00 -1.535167e+01 -1.420863e+01 -2.094811e+00 1.627481e+00 
-4.078005e+00 -6.320796e+00 2.726049e+01 1.635837e+01 1.144865e+01 -5.412212e+00 -3.300576e+00 5.329930e+00 -1.755709e+01 -9.814265e+00 4.324542e+00 -1.834170e+00 
-3.297904e+00 -2.855416e+00 1.964140e+01 1.755203e+01 6.814140e+00 -2.049880e+00 6.301619e-01 2.800585e+00 -7.498859e+00 -3.853768e+00 -4.983432e-03 -5.430469e+00 
-5.669219e+00 2.207592e+00 1.134089e+01 1.290663e+01 9.841904e+00 5.071686e+00 3.884401e+00 7.190266e+00 1.215454e+00 -4.974490e+00 -1.008619e+00 3.272191e+00 
-8.678411e+00 1.124053e+00 8.123067e+00 9.456801e+00 8.857124e+00 8.567206e+00 7.871975e+00 8.312964e+00 1.177145e+00 -9.411883e-01 -2.973603e+00 -2.020460e+00 
-9.744567e+00 -2.054776e+00 3.982013e+00 3.333584e+00 3.922191e+00 5.392003e+00 1.631079e+00 1.568917e+00 9.107668e-01 1.679391e+00 -5.069448e-01 2.680604e+00 
-1.201215e+01 -4.757237e+00 8.627524e-01 1.953650e+00 1.484719e+00 9.588383e-01 3.754634e+00 1.826148e+00 9.232394e-01 1.972318e+00 -3.536237e-01 -1.628953e+00 
-1.094332e+01 -2.748339e+00 3.035787e+00 3.247100e+00 1.971349e+00 3.358887e+00 4.281247e+00 -1.524658e+00 -2.914747e+00 -1.131683e+00 -1.697557e+00 -6.670814e-02 
-1.196991e+01 -4.478596e+00 5.780311e-02 -7.986140e-01 4.068368e-01 3.065873e+00 3.914579e+00 2.629797e+00 -4.188975e-01 3.029541e+00 1.493997e+00 -4.482116e-01 
-1.316493e+01 -5.966105e+00 -9.530153e-02 4.188067e-01 -1.702376e+00 7.637178e-01 -1.413995e-01 3.856225e+00 2.858023e-01 -1.566902e+00 -2.852212e+00 -2.245415e+00 
-1.327080e+01 -7.405552e+00 -3.408407e+00 -4.612439e+00 -1.962008e+00 1.019439e+00 1.138668e+00 2.161438e+00 -1.147652e+00 1.248808e+00 9.718996e-01 2.355068e+00 
-1.338468e+01 -5.947854e+00 -1.901673e+00 -2.057851e+00 -3.103238e+00 -9.743864e-01 -1.896274e+00 -2.759469e+00 -3.746845e+00 -1.379651e+00 4.158587e-01 3.191214e-01 
-1.394931e+01 -6.283684e+00 -1.466015e+00 -1.263344e+00 -1.829072e+00 -3.182644e+00 -4.888463e+00 -7.372852e+00 -4.791422e+00 6.434884e-01 -3.062201e+00 -2.282457e+00 
-1.334084e+01 -5.797582e+00 6.656220e-01 1.559248e+00 -5.587458e-01 1.052736e+00 6.482689e-01 -2.623257e+00 -7.644521e+00 -2.843820e+00 -4.568373e+00 -2.747777e+00 
-1.309916e+01 -4.560120e+00 -1.005583e-01 -8.052666e-01 -4.972975e+00 -5.381579e+00 -3.906156e+00 -5.820564e+00 -4.831512e+00 -7.896267e-01 -1.978022e+00 8.389246e-02 
-1.410116e+01 -4.871006e+00 -1.274142e+00 -9.297647e-01 -2.141015e+00 -1.659639e+00 -1.242409e+00 -1.346535e+00 -4.199866e+00 -4.437303e+00 -6.227003e+00 -4.703423e+00 
-1.299597e+01 -4.962873e+00 -1.152578e+00 9.396080e-01 4.634664e-01 2.709219e-01 -1.297736e+00 -9.871463e-01 -4.501880e+00 -3.364784e+00 -8.938434e-01 2.192842e+00 
-1.406908e+01 -6.598829e+00 -2.234824e+00 -7.615497e-01 -3.920048e+00 -4.267461e+00 -4.981514e+00 -4.014712e+00 -3.083126e+00 -4.816439e+00 -5.041857e+00 -1.675458e+00 
-1.432679e+01 -6.240489e+00 -3.287501e+00 -4.062176e+00 -5.972151e+00 -3.313835e+00 -5.618854e-01 -4.650192e+00 -2.172184e+00 -1.167836e+00 -5.788590e-01 -1.364253e+00 
-1.425140e+01 -6.293418e+00 -3.672562e+00 -2.608114e+00 -6.047977e+00 -5.145171e+00 -4.162673e+00 -2.627449e+00 -4.253765e+00 -1.820431e+00 -6.198525e+00 -2.165112e+00 
-1.438507e+01 -4.998768e+00 -2.547604e+00 -3.521417e+00 -6.766406e+00 -6.566953e+00 -4.125956e+00 -1.681826e+00 -3.300951e+00 -3.119134e+00 -7.160714e-01 -3.007881e+00 
-1.399796e+01 -5.823134e+00 -2.193427e+00 -2.687944e+00 -8.430739e+00 -6.430435e+00 -3.179862e+00 -1.965774e+00 -1.753907e+00 -4.187481e+00 -4.130847e+00 -2.806990e+00 
-1.360818e+01 -5.804274e+00 -2.943836e+00 -1.250039e+00 -3.631141e+00 -2.088505e+00 -1.363698e-01 -9.515217e-01 2.448210e-01 4.325999e-01 2.265804e-01 -1.418328e+00 
-1.469679e+01 -6.505137e+00 -2.309733e+00 -6.522574e-01 -1.547364e+00 -4.729334e-01 -4.628929e+00 -4.304947e+00 -5.196335e+00 -2.273726e+00 9.068891e-01 1.942067e-01 
-1.338736e+01 -4.840587e+00 -1.868818e+00 -2.131979e+00 -1.807476e+00 3.184938e-02 -2.862559e-01 1.549533e+00 -5.966576e-03 2.413562e+00 2.393788e+00 6.346527e-01 
-1.364775e+01 -4.806517e+00 -2.719108e+00 -2.991112e+00 -4.376925e+00 -1.661637e+00 -3.108943e+00 -2.298445e+00 -3.136134e+00 -3.637781e+00 -1.448446e+00 -2.620700e+00 
-1.410811e+01 -4.310072e+00 -3.587139e+00 -1.876331e+00 -1.280533e+00 -1.413241e+00 -5.991988e+00 -1.041107e+00 -2.211383e+00 -4.259786e+00 -2.388797e+00 -1.236634e+00 
-1.506893e+01 -6.771612e+00 -5.345542e+00 -2.783931e+00 -1.406750e+00 -7.692768e-01 1.552823e-02 2.759547e-01 -4.290292e+00 -2.333980e+00 -1.470308e+00 1.409422e-01 
-1.435032e+01 -5.573695e+00 -3.853922e+00 -1.595022e+00 -4.191198e+00 -2.179072e+00 -2.679404e+00 -6.513322e-01 1.606051e-03 -4.772335e-01 -1.620753e+00 -1.458344e+00 
-1.576669e+01 -6.289160e+00 -4.514309e+00 -3.064290e+00 -5.061279e+00 -2.944238e+00 -5.640912e+00 -5.181941e+00 -4.353991e+00 -7.307633e-01 -1.257442e+00 2.499450e+00 
-1.184426e+01 -5.751344e+00 -3.620651e+00 -3.345599e+00 -3.979077e+00 -8.378686e-01 -4.592212e+00 -2.479711e+00 -6.087677e+00 -5.041696e+00 -6.522116e-01 -5.779931e-01 
-9.303313e-01 -2.474645e+01 6.929770e+00 -2.117354e+01 -9.204357e+00 -8.888421e+00 -1.581204e+01 -5.724168e+00 -1.009983e+01 -3.503832e+00 -5.532576e-01 -4.731812e+00 
2.876747e-01 -1.989272e+01 1.291859e+01 -1.546373e+01 -2.688791e-01 9.202138e-01 -1.231889e+01 -3.540591e+00 -7.491732e+00 4.914633e-01 8.369884e-01 -5.083844e+00 
8.842054e+00 -1.364275e+01 6.607133e+00 5.376873e+00 1.304148e+01 -2.127795e+00 -1.332333e+01 -4.360130e-01 -1.830099e+01 -8.991569e+00 3.503281e+00 -1.417788e+00 
1.065944e+01 -1.501649e+01 4.204771e+00 8.484575e+00 1.847936e+01 -1.144896e+01 -1.403705e+01 1.247248e+00 -2.253988e+01 -1.216787e+01 2.566957e+00 -3.359913e+00 
1.100645e+01 -1.105467e+01 -2.326357e-01 6.478349e+00 2.059529e+01 -1.082831e+01 -1.460541e+01 -4.768765e-01 -2.128550e+01 -7.693329e+00 2.088584e+00 -3.733035e+00 
1.193145e+01 -1.107170e+01 -1.866847e+00 6.155224e+00 2.194288e+01 -1.692099e+01 -1.360952e+01 -1.990921e+00 -2.360094e+01 -7.974668e+00 4.738480e+00 -4.494420e+00 
1.251586e+01 -1.323756e+01 -3.865750e+00 8.632833e+00 1.960907e+01 -2.147070e+01 -1.042168e+01 -6.314244e-01 -2.648656e+01 -3.712403e+00 4.211492e+00 -5.148465e+00 
1.149034e+01 -1.396885e+01 -1.906273e+00 5.942342e+00 2.160454e+01 -2.131820e+01 -1.371615e+01 2.041991e+00 -2.758459e+01 -5.237752e+00 6.845567e+00 -4.682333e+00 
1.161438e+01 -1.499824e+01 -2.014695e+00 4.017848e+00 1.761888e+01 -1.727727e+01 -1.381977e+01 1.043455e+00 -2.553463e+01 -3.403254e+00 6.311676e+00 -6.185365e+00 
1.156091e+01 -1.524646e+01 -5.769569e-01 2.972444e+00 1.558309e+01 -1.552851e+01 -1.411853e+01 -1.495844e+00 -2.618543e+01 -1.434343e+00 5.619861e+00 -6.928634e+00 
9.618413e+00 -1.246674e+01 -2.468752e+00 6.267368e+00 1.471205e+01 -1.674785e+01 -1.640907e+01 -7.166964e+00 -2.299067e+01 -6.610614e+00 3.978490e+00 -1.950432e+00 
8.325551e+00 -1.023943e+01 -4.251665e-01 7.944767e+00 8.798575e+00 -1.499376e+01 -1.114646e+01 -1.148068e+01 -2.756944e+01 -5.468571e+00 5.918161e+00 -4.373965e-01 
2.459019e+00 -1.597288e+01 -2.628624e-01 1.119692e+01 9.144112e+00 -1.544127e+01 -1.464665e+01 -1.443909e+01 -2.797658e+01 -4.819684e+00 7.487042e+00 -1.270161e+00 
4.293122e-03 -4.469470e+00 -3.512229e+00 6.408973e+00 6.401415e+00 -2.980199e+00 -1.079991e+01 -1.244674e+01 -1.092124e+01 -3.068150e+00 5.266043e+00 4.823891e+00 
