3.543688e+00 1.350570e+01 1.165016e+01 1.896618e+01 1.683304e+01 1.176937e+01 1.648416e+00 -6.301553e+00 -1.531733e+01 -4.894281e+00 1.584220e+00 -2.327804e+00 
1.922223e+00 1.103507e+01 1.218564e+01 1.870667e+01 1.162622e+01 6.877673e+00 2.163011e-01 -3.916245e+00 -1.293141e+01 -2.623591e+00 3.769479e+00 2.239394e-02 
6.368042e+00 1.167514e+01 1.129971e+01 2.090961e+01 1.348082e+01 3.569550e+00 -5.267179e+00 -9.999164e+00 -1.444003e+01 -4.095249e+00 7.736625e+00 3.542792e+00 
7.827314e+00 8.032830e+00 8.076965e+00 2.146734e+01 1.324429e+01 -3.683634e+00 -6.749947e+00 -1.945060e+00 -9.520697e+00 -6.982282e+00 8.098849e-01 1.213887e+00 
7.734042e+00 5.965040e-01 7.758241e+00 2.718582e+01 2.533686e+01 -2.308170e+01 -1.489136e+01 2.088548e+00 -6.730066e+00 -3.032641e+00 -8.457828e+00 3.206912e-01 
5.507916e+00 -2.447111e+00 1.068341e+01 3.067411e+01 3.075198e+01 -3.609872e+01 -1.282792e+01 6.100303e+00 -6.807130e+00 -2.306808e+00 -8.454657e+00 1.343532e+00 
5.072799e+00 -5.265041e+00 1.186390e+01 3.178669e+01 2.918724e+01 -3.439243e+01 -1.052502e+01 5.720052e+00 -1.411187e+01 -3.418298e-01 -3.088212e+00 -1.680897e+00 
4.436435e+00 -6.781520e+00 1.155952e+01 2.805753e+01 2.576663e+01 -2.667104e+01 -1.050936e+01 7.285308e+00 -1.359130e+01 -1.445650e+00 -1.084382e+00 -3.896739e+00 
2.811295e+00 -8.346271e+00 1.693857e+01 2.617288e+01 3.131790e+01 -2.820421e+01 -1.309177e+01 6.945487e+00 -1.689535e+01 -8.760554e-01 7.235737e-01 -2.512096e+00 
1.198559e+00 -6.753310e+00 1.731696e+01 2.304660e+01 3.543617e+01 -3.044810e+01 -1.065257e+01 8.322256e+00 -1.631304e+01 -2.134884e+00 -2.682373e+00 2.307393e+00 
4.445714e-01 -9.050283e+00 2.188258e+01 2.500294e+01 3.059576e+01 -2.430152e+01 -1.255162e+01 1.140415e+01 -1.918277e+01 2.059283e-01 -5.929368e-01 -1.336327e-01 
-1.706201e+00 -1.198419e+01 2.662719e+01 2.290395e+01 2.265534e+01 -1.894965e+01 -8.553675e+00 1.192590e+01 -1.433642e+01 -4.639932e+00 1.525104e-01 -2.240829e-01 
-4.749262e+00 -1.573621e+01 3.565722e+01 2.229174e+01 1.942610e+01 -1.147587e+01 -9.717786e+00 6.402974e+00 -1.327131e+01 -4.777717e+00 -9.889115e-01 2.331889e+00 
-5.534954e+00 -1.631484e+01 3.703408e+01 1.792313e+01 1.465721e+01 -7.444625e+00 -5.877784e+00 9.070739e+00 -1.203574e+01 -7.567254e+00 -2.418155e+00 -7.944846e-01 
-7.110013e+00 -1.630857e+01 3.909446e+01 1.558398e+01 1.386229e+01 -5.923867e+00 -6.169272e+00 5.893241e+00 -1.284669e+01 -2.727853e+00 -2.011611e+00 -2.798605e-01 
-6.861440e+00 -1.588416e+01 3.828632e+01 1.288281e+01 1.311003e+01 -4.752255e+00 -5.659974e+00 5.174261e+00 -1.150752e+01 -4.037428e+00 -5.430945e+00 1.270607e+00 
-6.240698e+00 -1.579200e+01 3.833466e+01 1.266201e+01 1.439558e+01 -4.853054e+00 -5.208236e+00 2.849050e+00 -1.271910e+01 -2.407072e+00 -6.020328e+00 1.293408e+00 
-6.695112e+00 -1.564029e+01 3.754842e+01 1.312009e+01 1.689390e+01 -6.525012e+00 -3.926240e+00 5.366025e+00 -1.453597e+01 -5.530308e+00 -4.499841e+00 1.213133e+00 
-6.593570e+00 -1.555378e+01 3.665116e+01 1.311579e+01 1.818635e+01 -7.491372e+00 -4.744986e+00 1.871106e+00 -1.302838e+01 -1.906985e+00 -4.698181e+00 -8.314184e-01 
-6.187399e+00 -1.698813e+01 3.640116e+01 1.337172e+01 1.748930e+01 -8.118082e+00 -4.646442e+00 6.663576e+00 -1.575164e+01 -3.893800e+00 -3.196365e+00 1.834225e+00 
-5.556089e+00 -1.762569e+01 3.460437e+01 1.515959e+01 1.523379e+01 -8.405142e+00 -4.404226e+00 8.377983e+00 -1.559854e+01 -3.058169e+00 -2.534763e+00 1.824049e+00 
-5.454087e+00 -1.838738e+01 3.685583e+01 1.634673e+01 1.429017e+01 -6.918714e+00 -3.206959e+00 5.664326e+00 -1.444207e+01 -3.769547e+00 2.296621e-01 1.116465e+00 
-4.834264e+00 -1.869018e+01 3.482038e+01 1.495242e+01 1.408564e+01 -7.882884e+00 -2.940337e+00 3.626487e+00 -1.059959e+01 -3.207641e+00 -8.035377e-02 1.560236e+00 
-6.497081e+00 -1.858674e+01 3.641400e+01 1.574384e+01 1.654318e+01 -8.971226e+00 -3.847036e+00 5.345811e+00 -1.030001e+01 -8.071340e+00 -2.110605e+00 -6.343123e-01 
-5.849690e+00 -1.787771e+01 3.555148e+01 1.643347e+01 1.358623e+01 -8.070604e+00 -6.101581e+00 6.396418e+00 -8.769451e+00 -3.609310e+00 -1.234106e+00 1.576924e-01 
-5.161406e+00 -1.843941e+01 3.514741e+01 1.427927e+01 1.296447e+01 -8.389803e+00 -3.654092e+00 5.594394e+00 -7.362908e+00 -4.060188e+00 -7.423501e+00 3.476650e+00 
-5.033673e+00 -1.907572e+01 3.454319e+01 1.499901e+01 1.719505e+01 -6.820836e+00 -5.713851e+00 7.506029e+00 -6.584104e+00 -7.585093e+00 -6.587868e+00 1.860229e+00 
-4.087627e+00 -1.813913e+01 3.295939e+01 1.946655e+01 1.637503e+01 -4.841367e+00 -1.087039e+01 3.874525e+00 -5.968614e+00 -8.319537e+00 -1.991531e+00 1.999025e-01 
-2.177157e+00 -1.658378e+01 3.121773e+01 1.725357e+01 1.561086e+01 -3.732573e+00 -7.319109e+00 1.334603e+00 -9.057803e+00 -7.141903e+00 -4.235975e+00 1.245733e+00 
-1.347816e+00 -1.422224e+01 3.106592e+01 1.783495e+01 1.606384e+01 -7.150261e+00 -7.767163e+00 5.239275e+00 -1.144576e+01 -9.832408e+00 -2.665111e+00 3.950195e+00 
-4.284191e-01 -1.320352e+01 2.900479e+01 2.221647e+01 1.307803e+01 -7.907718e+00 -3.360302e+00 4.838810e+00 -1.559752e+01 -5.788040e+00 -3.485244e+00 3.844481e+00 
8.925533e-01 -1.299413e+01 2.356683e+01 2.945973e+01 1.750436e+01 -1.080826e+01 -6.130592e+00 3.654351e+00 -1.706836e+01 -8.707981e+00 2.402239e+00 2.874214e+00 
1.701218e+00 -1.145508e+01 1.805410e+01 3.086623e+01 1.968019e+01 -1.509005e+01 -3.067432e+00 8.219544e+00 -2.021165e+01 -7.434697e+00 3.177278e+00 -1.503765e+00 
2.568236e+00 -1.246816e+01 1.740910e+01 3.042392e+01 1.759847e+01 -1.290168e+01 -3.503053e+00 6.413354e+00 -1.885870e+01 -8.242648e+00 4.269027e+00 -6.719999e-01 
1.281264e+00 -9.662141e+00 1.909714e+01 3.131069e+01 1.950076e+01 -1.414925e+01 -4.640916e+00 4.537778e+00 -2.012234e+01 -9.474104e+00 5.114525e+00 -1.685231e+00 
9.940959e-01 -9.842062e+00 1.903218e+01 3.232936e+01 1.729669e+01 -1.529457e+01 -3.949265e+00 6.611128e+00 -1.964567e+01 -1.319523e+01 2.931732e+00 -1.045295e+00 
-7.086317e-03 -1.281296e+01 2.156612e+01 3.041317e+01 1.742343e+01 -1.691467e+01 -1.995418e+00 6.728044e+00 -2.301963e+01 -9.162857e+00 1.460566e+00 -1.402197e+00 
1.195343e+00 -9.998161e+00 1.783508e+01 2.853425e+01 1.528524e+01 -1.539318e+01 -4.642987e-01 5.108154e+00 -1.982429e+01 -9.146557e+00 9.645405e-01 -9.629481e-01 
7.937676e-01 -8.556911e+00 1.761680e+01 2.678652e+01 1.860608e+01 -1.449986e+01 -2.529583e+00 7.235045e+00 -1.647022e+01 -1.346588e+01 2.274005e+00 1.094229e+00 
1.564296e+00 -8.591391e+00 1.803447e+01 2.755715e+01 1.859667e+01 -1.474236e+01 -2.062189e+00 3.401943e+00 -2.156359e+01 -8.151919e+00 4.966915e+00 -2.062484e+00 
1.845951e+00 -7.700561e+00 1.973911e+01 2.464451e+01 1.687068e+01 -9.272164e+00 -3.603899e+00 4.592958e+00 -2.028718e+01 -1.005385e+01 5.791980e+00 -2.422965e+00 
1.102071e+00 -7.262982e+00 2.144905e+01 2.744317e+01 1.637817e+01 -1.195942e+01 -4.508296e+00 6.894677e+00 -1.891943e+01 -1.514883e+01 5.492181e+00 2.694067e+00 
7.781456e-01 -7.378959e+00 2.138259e+01 2.557357e+01 1.878426e+01 -1.911838e+01 7.021149e-01 1.300819e+01 -2.196422e+01 -9.296952e+00 -2.092638e+00 -6.469377e-01 
-9.908087e-01 -7.815284e+00 2.660000e+01 2.622162e+01 1.882316e+01 -1.751216e+01 -1.107599e+00 1.270934e+01 -1.969517e+01 -1.374207e+01 4.341951e+00 -1.605793e-01 
-5.814222e-01 -7.071777e+00 2.537571e+01 2.480652e+01 1.855024e+01 -1.922794e+01 -4.117803e+00 1.528751e+01 -1.356783e+01 -1.763389e+01 8.715358e-01 4.393401e+00 
-2.157859e+00 -1.055360e+01 2.659094e+01 2.109743e+01 2.287619e+01 -1.950478e+01 -4.308905e+00 1.838688e+01 -1.549851e+01 -1.441008e+01 -2.333253e+00 3.542792e+00 
-2.031046e+00 -8.791999e+00 2.433948e+01 2.010242e+01 2.354814e+01 -1.738068e+01 -5.146070e+00 1.354797e+01 -1.449412e+01 -1.254321e+01 1.363050e-01 3.549764e+00 
-2.025532e+00 -1.005333e+01 2.863924e+01 2.196986e+01 2.048390e+01 -1.710531e+01 -7.039133e+00 1.407464e+01 -1.419557e+01 -1.222520e+01 1.421462e+00 -7.183557e-01 
-2.502461e+00 -9.405738e+00 3.129855e+01 1.997051e+01 1.741527e+01 -1.303535e+01 -7.581126e+00 8.228832e+00 -1.706377e+01 -1.385555e+01 1.067057e+00 1.311226e-01 
-2.408270e+00 -1.026961e+01 2.946550e+01 1.965222e+01 1.511772e+01 -9.187434e+00 -6.538123e+00 6.292067e+00 -1.209085e+01 -1.506148e+01 -1.854842e+00 -9.164039e-01 
-3.548211e+00 -6.654259e+00 2.807278e+01 1.642773e+01 1.260058e+01 -4.732533e+00 -7.293782e+00 1.538386e+00 -8.505597e+00 -9.566064e+00 -4.293751e+00 -3.845484e+00 
-5.916313e+00 -1.798267e+00 2.283120e+01 1.519113e+01 5.731767e+00 -8.773165e-01 -2.176389e+00 4.359126e+00 -3.449492e+00 -6.238303e+00 2.264846e+00 -8.148359e-01 
-5.919070e+00 1.643432e+00 1.038659e+01 1.321042e+01 9.242088e+00 5.059629e+00 3.103095e+00 4.488061e+00 -1.859731e+00 -6.690718e+00 -3.738189e+00 2.707551e-01 
-8.357470e+00 1.384521e+00 8.029384e+00 8.982315e+00 8.542534e+00 4.679805e+00 4.617407e-01 2.148099e+00 -1.786750e+00 -5.901221e+00 -7.743734e+00 -6.320993e+00 
-9.139026e+00 -2.830413e-01 5.753750e+00 7.138523e+00 6.827213e+00 4.270033e+00 2.831868e+00 2.384117e+00 8.563877e-01 -4.736505e+00 -5.180114e+00 -3.504599e+00 
-1.037546e+01 -2.441469e+00 2.608799e+00 4.506174e+00 3.996370e+00 2.283260e+00 1.011794e-01 1.284340e+00 2.301799e-01 -4.267481e+00 -8.589163e-01 -1.777189e+00 
-1.073522e+01 -2.180051e+00 1.784042e+00 3.045938e-01 2.477427e+00 2.303712e+00 9.519305e-02 9.800299e-01 -1.322836e+00 -3.947007e+00 -1.786498e+00 -2.534709e+00 
-1.351868e+01 -5.473800e+00 1.787818e+00 2.486032e+00 8.323753e-01 -8.933860e-01 -2.911327e+00 5.751939e-01 2.223123e+00 1.281453e+00 -7.599226e-01 3.949358e-01 
-1.246328e+01 -3.265847e+00 8.686524e-01 -9.155203e-01 2.156380e-01 5.375290e-01 -1.482896e+00 9.308595e-01 2.982534e+00 -2.456588e+00 -3.900242e+00 1.129655e+00 
-1.391980e+01 -6.049297e+00 -3.364645e+00 -3.745726e+00 -2.718099e+00 -2.536126e+00 -3.982880e+00 -1.522741e+00 -2.889631e+00 -1.960480e-01 8.845705e-01 -4.522813e-01 
-1.450470e+01 -6.280625e+00 -1.570875e+00 -2.273244e-01 -2.224333e+00 -3.697512e+00 -3.994853e+00 -1.364850e+00 -9.349647e-01 -2.017090e+00 3.085752e-01 3.325711e+00 
-1.490260e+01 -6.950158e+00 -3.253620e+00 7.332825e-01 1.537577e+00 -7.253868e-01 -1.109901e+00 -1.465176e-01 1.750613e-01 -1.223902e+00 4.224341e-02 6.615755e-01 
-1.405672e+01 -4.299611e+00 -5.867561e-01 -9.334421e-01 2.049721e-01 -1.738495e+00 -4.040441e+00 -3.157929e+00 2.908022e+00 1.500126e+00 -4.019952e-01 -2.259024e+00 
-1.337854e+01 -5.759668e+00 -1.876760e+00 -1.785085e+00 -2.624616e+00 -2.387849e+00 -1.487961e+00 -3.740324e+00 -3.585758e+00 -1.044904e+00 1.511702e-02 -3.387768e+00 
-1.558537e+01 -8.074821e+00 -5.517169e+00 -4.159360e+00 -3.045604e+00 -7.268476e-01 -5.277770e+00 -6.002161e+00 -4.392121e+00 -2.943142e+00 -3.057563e+00 -3.185762e+00 
-1.390601e+01 -5.980338e+00 -4.453747e+00 -1.205136e+00 -7.800509e-01 -4.021823e+00 -5.171397e+00 -2.851434e+00 -3.674479e-01 -2.953599e+00 -3.657514e+00 -8.838041e-01 
-1.344563e+01 -4.298984e+00 1.904185e-01 -4.301988e-01 -2.258213e+00 -3.278244e+00 -2.111921e+00 1.883125e+00 -8.548386e-01 -1.744287e+00 -4.893633e-01 1.015839e+00 
-1.427451e+01 -5.681932e+00 -3.899378e+00 -3.408797e+00 -3.805389e+00 -4.069187e-01 -1.487040e+00 -1.918836e+00 -3.055497e+00 -2.615287e+00 1.328457e+00 1.133989e+00 
-1.478130e+01 -4.936544e+00 -4.119162e+00 -5.196672e+00 -5.264102e+00 -1.291471e+00 1.168359e-01 3.472967e+00 2.148611e+00 -1.512390e+00 -2.540752e+00 -9.220571e-01 
-1.349387e+01 -5.351554e+00 -4.257377e+00 -2.825264e+00 -1.785778e+00 7.668844e-01 -1.789580e+00 -3.705158e-01 -1.682127e+00 -5.076028e-01 -1.737177e+00 -3.859239e+00 
-1.366755e+01 -4.579836e+00 -8.291984e-01 1.354123e-01 1.372570e+00 1.573281e+00 -1.906084e+00 8.614747e-01 -1.728059e+00 -2.287740e+00 -3.657092e-01 1.826122e+00 
-1.331376e+01 -5.921409e+00 -3.699986e+00 -1.995128e+00 -1.571206e+00 1.275265e+00 2.798483e-01 -1.550604e+00 -2.807974e+00 -5.297487e+00 -1.884787e+00 1.883596e+00 
-1.503722e+01 -7.010967e+00 -4.767940e+00 -3.324206e+00 -5.680070e+00 -5.544042e+00 -5.838182e+00 -4.993622e+00 -5.865521e+00 -8.349985e+00 -5.621887e+00 -3.688515e+00 
-1.078117e+01 -2.757778e+01 -1.040151e+01 -1.129148e+00 -5.601645e+00 6.128981e+00 1.095117e+01 -4.547811e+00 -1.110484e+01 -2.771834e+00 1.405256e+00 -3.422063e-03 
-1.090936e+01 -2.480938e+01 -9.532194e+00 1.116808e+00 -2.873695e+00 9.281523e+00 1.433575e+01 -3.115314e+00 -1.024183e+01 -2.970515e+00 1.814266e+00 4.538337e-02 
-1.437237e+01 -7.528789e+00 -3.985479e+00 1.547678e-01 -1.225507e+00 2.062670e+00 3.096648e+00 -6.256554e-01 -3.881765e+00 -5.982723e+00 -2.283580e+00 6.962481e-01 
-1.447667e+01 -7.377706e+00 -4.520967e+00 -2.567160e-01 -4.067460e-01 2.731128e-01 -3.464140e-01 -2.376120e+00 -5.220430e+00 -2.813969e+00 -2.273011e+00 4.659769e-01 
-1.315065e+01 -3.568014e+00 -3.752801e-01 4.544198e-01 -3.342993e+00 -1.612861e+00 -5.890907e-01 -2.492290e-01 -2.268527e+00 -2.942527e+00 -4.209906e+00 -6.497642e-01 
-1.680526e+01 -5.315821e+00 4.539273e+00 -1.890465e+00 -2.325345e+00 -9.350206e-01 4.056763e+00 -9.495440e+00 -1.434013e-01 -1.206679e+00 -1.104646e+01 -2.080950e+00 
-1.704786e+01 -8.146289e+00 -1.796647e-01 -2.106960e+00 -3.456553e+00 -4.573299e+00 5.068685e-01 -5.603334e+00 -1.192695e+00 -1.134710e+00 -8.058330e+00 -9.618175e-01 
-1.848646e+01 -2.929200e+00 2.712271e+00 -4.266174e+00 1.227823e-01 -7.637458e+00 3.765275e+00 -3.480814e+00 1.496885e+00 2.521521e+00 -1.651218e+00 -1.558977e+00 
-5.163244e+00 -1.881744e+01 1.141224e+01 -1.255248e+01 -3.456553e+00 -1.349990e+01 3.828822e+00 -1.590780e+01 6.765298e+00 -6.260447e+00 2.423445e-01 -7.955692e+00 
-4.055005e+00 -1.777615e+01 1.279364e+01 -1.465005e+01 -2.325972e+00 -1.644573e+01 3.895132e+00 -1.741678e+01 2.984065e+00 -7.215102e+00 7.087774e-01 -6.136701e+00 
1.818383e+00 -7.015982e+00 1.547485e+01 -2.231695e+00 8.133467e+00 -3.098558e+00 -8.902492e-01 -9.051815e+00 -8.203465e+00 -2.440288e+00 -2.135970e+00 -1.876118e+00 
9.636242e+00 -9.980608e+00 5.549826e+00 2.592129e+00 1.481657e+01 -1.208432e+01 -5.298952e+00 -2.570616e+00 -1.908325e+01 -5.718532e+00 2.702038e+00 -5.197526e+00 
1.014487e+01 -1.138174e+01 6.645726e+00 6.048162e+00 1.403796e+01 -1.873782e+01 -7.060776e+00 1.339520e+00 -2.447619e+01 -5.269192e+00 1.756138e+00 -2.279752e+00 
9.820489e+00 -9.500400e+00 9.562585e+00 4.204371e+00 1.342248e+01 -2.289544e+01 -1.291587e+01 7.792309e+00 -2.264350e+01 -1.160947e+01 4.623432e+00 -5.155127e+00 
7.732664e+00 -7.688023e+00 5.617045e+00 2.643743e+00 1.920713e+01 -2.732623e+01 -7.526788e+00 -3.142085e+00 -1.763537e+01 -1.438670e+01 1.003673e+01 -4.668203e+00 
8.725575e+00 -7.388363e+00 5.243186e+00 1.948378e+00 1.578528e+01 -2.412037e+01 -8.215217e+00 -5.344917e+00 -2.026269e+01 -1.386847e+01 1.204056e+01 -3.988508e+00 
1.081018e+01 -8.294238e+00 4.910166e-01 5.519142e-01 1.673140e+01 -1.850482e+01 -1.584180e+01 -5.355097e-01 -2.358358e+01 -8.610793e+00 6.943971e+00 -5.160215e+00 
1.120395e+01 -1.325367e+01 1.876940e+00 4.368534e+00 1.642335e+01 -2.238487e+01 -1.471499e+01 2.117504e+00 -2.668042e+01 -9.222831e+00 9.215894e+00 -5.547266e+00 
1.162436e+01 -1.303927e+01 1.335410e+00 5.896903e+00 1.255603e+01 -1.693658e+01 -1.211600e+01 -2.852872e-01 -2.448691e+01 -9.439350e+00 7.713726e+00 -4.684597e+00 
6.527018e+00 -1.333391e+01 2.870122e+00 8.618861e+00 9.921566e+00 -1.249483e+01 -1.551900e+01 -5.048255e+00 -2.558673e+01 -1.227041e+01 8.354191e+00 -3.872242e+00 
5.910870e+00 -2.741756e+00 -7.279919e-01 5.822348e+00 7.320980e+00 -6.724420e+00 -1.305125e+01 -7.091557e+00 -1.458446e+01 -6.731316e+00 7.905725e+00 2.019753e-01 
