3.149345e+00 1.023638e+01 1.157106e+01 2.150867e+01 1.650644e+01 8.200825e+00 1.430686e+00 -1.685588e+00 -1.418056e+01 -7.063979e+00 6.662735e+00 3.171260e+00 
5.761637e+00 6.229404e+00 8.201649e+00 2.524162e+01 1.490165e+01 -1.772034e+00 -4.657759e+00 -1.140132e+00 -8.798124e+00 -5.289996e+00 3.811767e+00 -1.459278e+00 
7.506501e+00 -3.729376e+00 5.212985e+00 3.315511e+01 2.846830e+01 -1.139890e+01 -2.407130e+01 4.105442e+00 -4.089564e+00 -6.845962e+00 -5.101059e+00 -2.387964e+00 
6.574016e+00 -6.161057e+00 1.103500e+01 3.487891e+01 2.426287e+01 -2.139390e+01 -2.091932e+01 9.729771e+00 -7.284180e+00 -9.281852e+00 -4.031910e+00 -1.934877e+00 
6.637405e+00 -6.666516e+00 1.072814e+01 3.209841e+01 2.293526e+01 -2.116224e+01 -1.920702e+01 8.218428e+00 -6.326706e+00 -6.914445e+00 -3.692925e+00 -1.493374e+00 
5.557708e+00 -8.493507e+00 1.337150e+01 2.934299e+01 2.591529e+01 -1.876181e+01 -2.586545e+01 9.751834e+00 -9.356740e+00 -8.694713e+00 6.024343e+00 -7.270072e+00 
3.857049e+00 -1.266018e+01 1.957199e+01 2.753610e+01 2.691434e+01 -1.982913e+01 -2.944727e+01 1.460456e+01 -1.233531e+01 -9.347822e+00 9.409599e+00 -1.021350e+01 
3.312822e+00 -1.067246e+01 2.057852e+01 2.514049e+01 2.900501e+01 -2.506219e+01 -2.873008e+01 1.712224e+01 -1.179438e+01 -8.123281e+00 7.828245e+00 -7.720099e+00 
3.555535e+00 -1.188029e+01 1.900653e+01 2.301220e+01 2.610258e+01 -2.296107e+01 -2.517358e+01 2.251551e+01 -1.041822e+01 -1.641862e+01 7.723280e+00 -2.439983e+00 
2.989621e+00 -1.188184e+01 2.166496e+01 2.798763e+01 2.196938e+01 -2.272162e+01 -2.276764e+01 1.577330e+01 -5.527918e+00 -1.538100e+01 4.155340e+00 3.500109e-01 
3.347924e-01 -1.053757e+01 2.532615e+01 2.675141e+01 2.515115e+01 -2.352675e+01 -2.354254e+01 1.836269e+01 -5.890858e+00 -1.720116e+01 8.357371e+00 -6.079325e+00 
-2.649075e+00 -1.199916e+01 3.125598e+01 2.343394e+01 2.081836e+01 -1.670259e+01 -1.679461e+01 1.317289e+01 -6.327243e+00 -1.301328e+01 3.586351e+00 -4.709790e+00 
-5.454453e+00 -1.377705e+01 3.740974e+01 1.911699e+01 8.039932e+00 -5.611525e+00 -1.108007e+01 7.654585e+00 -3.784523e+00 -1.041906e+01 -1.830805e+00 1.434661e-01 
-7.739374e+00 -1.456677e+01 4.031471e+01 1.153352e+01 5.932669e+00 -2.120426e+00 -8.740667e+00 1.043948e+01 -8.570283e+00 -8.892310e+00 1.073793e+00 -1.371414e+00 
-1.170869e+01 -1.494819e+01 4.445315e+01 9.562004e+00 4.452019e+00 -1.603824e+00 -5.959061e+00 1.115041e+01 -5.788463e+00 -4.677410e+00 -4.947053e+00 -7.423816e-01 
-1.095178e+01 -1.491408e+01 4.269192e+01 9.277448e+00 2.513315e+00 1.766355e+00 -1.276729e+00 1.319679e+01 -3.263435e+00 -9.140172e+00 -2.883607e+00 2.137225e+00 
-1.034750e+01 -1.664235e+01 4.155873e+01 1.172557e+01 3.133507e+00 2.214715e+00 -1.278495e+00 1.133795e+01 -2.882804e+00 -9.090222e+00 3.662848e-01 -1.456874e+00 
-9.430441e+00 -1.767808e+01 4.060498e+01 1.411569e+01 6.743361e+00 1.037846e+00 -3.450669e+00 1.169709e+01 -4.227342e+00 -9.245096e+00 -3.522859e+00 -2.731987e+00 
-7.751051e+00 -1.671316e+01 4.062685e+01 1.531820e+01 7.473250e+00 2.649905e+00 -6.216966e+00 1.080168e+01 -3.117080e+00 -1.234635e+01 -6.300697e+00 -3.107921e+00 
-4.503619e+00 -1.665837e+01 3.624789e+01 1.966572e+01 6.375205e+00 2.218307e+00 -3.104440e+00 7.715259e+00 -5.140319e+00 -1.331203e+01 -6.250222e+00 -3.596853e+00 
-1.319993e+00 -1.721810e+01 3.355478e+01 2.263828e+01 4.922380e+00 -1.277581e+00 -6.092135e+00 4.503808e+00 -5.960015e+00 -1.131155e+01 -2.869267e+00 -2.381626e+00 
-1.185291e+00 -1.731320e+01 3.120245e+01 2.504564e+01 1.148283e+01 3.476474e-01 -1.008201e+01 -1.641462e+00 -4.233239e+00 -8.619946e+00 -4.732248e+00 1.456518e-01 
-6.127055e-01 -1.637153e+01 2.884560e+01 2.538429e+01 1.435049e+01 -2.275466e+00 -7.782062e+00 -4.204494e+00 -6.461267e+00 -9.568667e+00 -5.592041e+00 1.085922e+00 
-2.594073e-02 -1.518334e+01 2.653474e+01 2.210052e+01 1.693667e+01 -6.525005e+00 -7.838000e+00 2.583680e+00 -1.053080e+01 -6.593388e+00 -7.754143e+00 -6.435898e-01 
3.689891e-01 -1.557665e+01 2.534123e+01 2.496098e+01 1.842588e+01 -1.120794e+01 -6.621489e+00 6.078890e+00 -1.501741e+01 -6.847847e+00 -3.002051e+00 -4.351779e+00 
-1.456291e-01 -1.651108e+01 2.529901e+01 2.965342e+01 1.824395e+01 -9.992758e+00 -6.118632e+00 2.128928e+00 -1.411194e+01 -8.743091e+00 -3.461487e+00 -4.151792e+00 
1.826935e+00 -1.396208e+01 2.187531e+01 2.802447e+01 1.708276e+01 -9.813174e+00 -9.360111e+00 5.325058e+00 -1.022200e+01 -1.386305e+01 -4.519240e-01 2.171229e-01 
3.020065e+00 -1.259351e+01 1.982683e+01 2.770621e+01 1.866133e+01 -1.025196e+01 -1.388228e+01 8.268682e+00 -1.179867e+01 -1.545074e+01 5.341212e+00 -2.864220e+00 
2.740236e+00 -8.787066e+00 1.894244e+01 2.470151e+01 1.622123e+01 -1.092240e+01 -6.289980e+00 9.389013e+00 -1.774026e+01 -1.086735e+01 4.444136e+00 -5.085505e+00 
2.678932e+00 -1.075929e+01 1.863634e+01 2.733385e+01 1.996486e+01 -1.159165e+01 -7.627201e+00 6.489515e+00 -1.532996e+01 -1.187607e+01 1.627009e+00 -5.334889e+00 
3.072194e+00 -6.776084e+00 1.687435e+01 2.412534e+01 2.380267e+01 -1.052193e+01 -1.238608e+01 9.866441e+00 -1.411784e+01 -1.473449e+01 2.095048e+00 -4.312000e+00 
3.142672e+00 -9.201563e+00 1.636619e+01 2.544073e+01 2.640759e+01 -8.736274e+00 -1.481969e+01 8.928133e+00 -1.912179e+01 -1.327528e+01 7.671372e+00 -5.238502e+00 
3.073028e+00 -8.495575e+00 1.819226e+01 2.946528e+01 2.075736e+01 -1.172933e+01 -1.146869e+01 9.464396e+00 -2.114878e+01 -1.400221e+01 7.374259e+00 -5.224513e+00 
2.314446e+00 -9.850183e+00 1.944835e+01 2.877153e+01 2.107682e+01 -1.414412e+01 -1.146810e+01 1.022681e+01 -1.961125e+01 -1.444045e+01 9.178161e+00 -7.251931e+00 
1.765214e+00 -8.108986e+00 2.045638e+01 2.690035e+01 2.187467e+01 -1.571129e+01 -1.223829e+01 1.301783e+01 -2.175618e+01 -1.327654e+01 6.292204e+00 -6.668578e+00 
1.763963e+00 -8.485238e+00 2.115152e+01 2.538429e+01 1.996219e+01 -1.104871e+01 -1.136035e+01 1.061966e+01 -1.817021e+01 -1.105050e+01 2.771010e+00 -6.643662e+00 
8.602534e-01 -8.835649e+00 2.197484e+01 2.424685e+01 2.281058e+01 -9.017022e+00 -9.484353e+00 9.344274e+00 -1.778905e+01 -1.118652e+01 2.424282e+00 -5.189980e+00 
2.960084e-01 -8.638736e+00 2.270542e+01 2.344256e+01 2.136899e+01 -9.279214e+00 -8.115336e+00 1.302641e+01 -1.888644e+01 -1.467449e+01 7.676821e+00 -4.098680e+00 
5.449768e-01 -1.130454e+01 2.411003e+01 2.681256e+01 1.575247e+01 -1.251770e+01 -6.453084e+00 1.169280e+01 -1.568915e+01 -1.168036e+01 7.297973e+00 -3.960109e+00 
4.787403e-02 -9.343691e+00 2.261494e+01 2.786847e+01 1.559194e+01 -1.506479e+01 -5.750028e+00 1.334878e+01 -1.343163e+01 -1.327999e+01 5.223915e+00 -3.404296e+00 
-2.144394e-01 -1.092467e+01 2.393511e+01 2.670987e+01 1.611153e+01 -1.202564e+01 -9.048623e+00 1.412161e+01 -1.696614e+01 -1.485135e+01 7.135650e+00 -5.617057e+00 
-1.698169e-01 -9.714774e+00 2.403312e+01 2.792570e+01 1.695166e+01 -1.576277e+01 -9.639214e+00 1.420190e+01 -1.342091e+01 -1.556792e+01 2.327921e+00 -3.850170e+00 
-1.739873e-01 -7.676917e+00 2.245209e+01 2.993170e+01 1.655567e+01 -1.809496e+01 -5.687613e+00 1.087952e+01 -1.231976e+01 -1.503544e+01 -4.909272e-01 -1.270000e+00 
-1.422928e-01 -8.145681e+00 2.390722e+01 2.417551e+01 1.677239e+01 -1.648529e+01 -8.701217e+00 1.599945e+01 -1.096879e+01 -1.598039e+01 -1.055615e+00 -1.320051e+00 
-4.321304e-01 -1.000213e+01 2.369008e+01 2.518361e+01 1.612866e+01 -1.618778e+01 -6.871739e+00 1.576105e+01 -1.064177e+01 -1.557137e+01 -6.590609e-02 -6.778298e+00 
-2.757432e-01 -7.168874e+00 2.127065e+01 2.302788e+01 1.824074e+01 -1.317138e+01 -1.142100e+01 1.230383e+01 -9.175003e+00 -1.699446e+01 2.194489e-01 -3.525600e+00 
-8.992068e-01 -6.254086e+00 2.174714e+01 2.152514e+01 1.157540e+01 -7.538454e+00 -7.242109e+00 9.314243e+00 -5.951973e+00 -1.311663e+01 -3.123936e+00 -1.318084e+00 
-3.309238e+00 -4.939790e+00 2.028222e+01 1.577365e+01 6.092131e+00 -5.514663e-01 8.683585e-01 4.217597e+00 -3.906218e+00 -7.309641e+00 -3.770645e+00 1.734097e-01 
-4.682943e+00 1.762967e+00 1.301186e+01 1.536523e+01 6.348984e+00 -1.523012e+00 2.219122e+00 4.365912e+00 -1.771107e-01 -5.552936e+00 -1.441633e+00 -6.247932e-01 
-7.469137e+00 7.117363e-01 7.651264e+00 1.200543e+01 1.126611e+01 5.371789e+00 2.094291e+00 3.578984e+00 -2.366177e-01 -5.558905e+00 -9.384825e+00 -7.827633e+00 
-8.877456e+00 2.222991e-01 5.933763e+00 5.888638e+00 2.449102e+00 3.658565e+00 3.657031e+00 4.711572e+00 1.918502e+00 -1.930516e+00 -6.692451e+00 -3.728211e+00 
-1.068696e+01 -6.692311e-01 4.638474e+00 2.604087e+00 1.845158e-01 2.677441e+00 1.891735e+00 8.235106e-01 1.275182e+00 1.251786e+00 1.133732e+00 -1.988863e+00 
-1.187300e+01 -3.323149e+00 2.727960e+00 2.847881e+00 2.481743e+00 3.262284e+00 1.756895e+00 9.099256e-01 1.407063e+00 4.114444e-01 -1.186964e+00 -1.033949e+00 
-1.251690e+01 -4.094775e+00 1.637709e-01 4.856596e-02 1.154670e+00 1.784912e+00 -4.429884e+00 6.212627e-01 1.276255e+00 4.488278e-01 -1.385135e+00 -9.334083e-01 
-1.236843e+01 -5.705214e+00 -1.542421e+00 -1.401653e+00 8.790887e-01 4.835321e-01 -9.275560e-01 1.095013e+00 -4.649961e-01 1.783635e+00 -3.575704e-01 -5.583491e-01 
-1.397693e+01 -7.275858e+00 -2.628866e+00 -2.642111e-01 2.017803e+00 3.051460e-01 -2.967244e+00 -3.932991e+00 -1.482513e+00 -1.043053e+00 -1.393739e+00 1.451222e-02 
-1.287013e+01 -4.327865e+00 -2.803065e-01 -3.163082e+00 -7.931303e-01 1.078551e+00 -1.236689e+00 -1.704587e+00 -2.044345e+00 -2.549698e+00 1.347963e+00 -6.403113e-01 
-1.313995e+01 -4.811100e+00 -1.687180e+00 -2.767995e+00 -2.171039e+00 6.463543e-01 1.068559e+00 3.474399e-02 1.140085e+00 2.791730e+00 2.089313e+00 -2.317354e-03 
-1.310825e+01 -3.309711e+00 2.326858e+00 -7.047641e-01 -2.007830e+00 -1.046517e+00 -1.610004e+00 -3.451886e+00 -3.467689e+00 -1.931772e+00 -2.807895e+00 -3.234908e+00 
-1.426468e+01 -5.989987e+00 -1.946540e+00 -2.760156e+00 -3.669882e+00 -4.336483e+00 -5.664060e+00 -3.557300e+00 -2.009498e+00 -4.551124e+00 -4.817425e+00 -2.355617e+00 
-1.400487e+01 -6.714065e+00 -4.956315e+00 -2.563396e+00 -1.542089e-01 -2.961474e+00 -2.953112e+00 -5.284856e-01 -1.558639e+00 -3.802041e-01 -1.283038e+00 -4.268943e+00 
-1.415083e+01 -7.189031e+00 -2.237565e+00 -1.337373e+00 -1.787900e+00 -3.466702e+00 -3.695620e+00 -1.540951e+00 -2.833483e+00 1.980919e+00 5.814701e+00 4.735007e-01 
-1.348608e+01 -5.077267e+00 -1.258182e+00 -1.835151e+00 -2.400066e+00 -2.407759e+00 -2.951586e-01 8.265750e-01 -3.191770e-01 -5.441884e-01 4.924719e-01 -3.347032e+00 
-1.390020e+01 -5.981718e+00 -1.019179e+00 5.377210e-01 -2.558994e+00 -5.020097e+00 -6.325899e+00 -3.184674e+00 -1.905495e+00 2.986187e+00 4.190042e+00 2.254376e+00 
-1.492693e+01 -7.031914e+00 -4.179744e+00 -2.498333e+00 -2.117528e+00 -3.037498e+00 -1.143066e+00 9.387306e-01 1.017855e+00 -3.284486e+00 -4.355694e+00 -1.871493e+00 
-1.474594e+01 -5.976549e+00 -3.233535e+00 -3.878000e+00 -3.990948e+00 -1.804958e+00 -1.420642e-01 -2.891108e+00 -3.435523e+00 -2.803842e+00 -6.263127e+00 -5.091406e+00 
-1.520175e+01 -7.098069e+00 -2.684658e+00 -2.799351e+00 -6.062895e+00 -3.594206e+00 -5.166503e+00 -5.373241e+00 -2.923012e+00 -9.601180e-01 -1.281031e+00 -3.891791e-01 
-1.445318e+01 -5.774469e+00 -5.306185e-01 -9.242568e-01 -1.259746e+00 -2.121024e+00 -1.511670e+00 -1.354025e+00 -1.428003e-01 -1.868315e+00 -5.944580e-01 -2.337257e+00 
-1.299107e+01 -5.156342e+00 -3.563012e+00 -1.644663e+00 -5.780161e-01 -1.302723e+00 -4.393377e+00 -3.972215e+00 -1.144234e+00 -1.947480e+00 -6.641477e-01 -1.510859e+00 
-1.389769e+01 -5.855094e+00 -1.433099e+00 1.302810e+00 1.664630e+00 -1.414663e+00 -3.222794e+00 -4.170785e+00 -4.649251e+00 -2.966256e+00 -1.601948e+00 -4.512518e-01 
-1.454409e+01 -5.720719e+00 -3.395635e+00 -2.169878e+00 -3.065743e+00 -2.068945e+00 -2.974899e+00 -4.298132e-01 -3.030768e+00 -2.991073e+00 -3.955337e+00 -2.685433e+00 
-1.548117e+01 -6.802443e+00 -2.846758e+00 -7.345524e-01 -3.185072e+00 -1.394909e+00 -3.391786e+00 -2.077827e+00 2.394558e+00 3.386095e+00 8.954104e-01 9.838521e-01 
-1.488981e+01 -6.000840e+00 -3.642177e+00 -2.399561e+00 -4.775955e+00 -3.036300e+00 -1.823158e+00 -8.453405e-01 -2.147276e+00 -3.610570e+00 -2.710387e+00 -1.324860e+00 
-1.300066e+01 -4.111313e+00 -3.323255e+00 -1.755977e+00 -4.391211e+00 -2.011478e+00 -2.227332e-01 -8.851773e-01 -2.062572e+00 -1.566734e+00 -1.648121e+00 -3.865470e+00 
-1.491400e+01 -6.865496e+00 -2.682433e-01 8.465785e-01 -2.805680e+00 -1.309308e+00 -3.789832e+00 -2.737890e+00 -2.565969e+00 -2.109265e+00 -3.603734e+00 -1.485506e+00 
-1.491358e+01 -5.758965e+00 -3.379048e+00 -3.194438e+00 -5.839754e+00 -4.759103e+00 -6.657407e+00 -5.708482e+00 -4.619230e+00 -4.142734e+00 -1.348139e+00 -1.127713e+00 
-8.516306e+00 -1.559112e+01 4.572880e+00 -5.290593e+00 -4.711206e+00 1.018342e+01 9.140753e+00 4.782053e+00 -1.324239e+01 -8.135218e+00 -4.605201e+00 -5.007477e+00 
-2.688693e+00 -2.363350e+01 1.005939e+01 -1.649334e+01 -4.423317e+00 -5.239189e+00 -3.562545e+00 -5.175283e+00 -1.861303e+01 -8.016471e+00 -7.146226e-01 -1.563534e+00 
1.703910e+00 -1.607642e+01 1.450695e+01 -1.224491e+00 7.184826e+00 -4.251593e-01 -8.549299e+00 -3.845350e+00 -2.116272e+01 -8.605181e+00 -1.779757e+00 -2.403483e+00 
8.836000e+00 -1.211958e+01 7.094094e+00 1.265966e+00 1.645133e+01 -1.402021e+01 -1.177665e+01 5.595947e+00 -2.532767e+01 -5.283399e+00 6.303676e+00 -7.484485e+00 
8.840171e+00 -1.125544e+01 5.812376e+00 -1.949601e+00 1.788221e+01 -1.677143e+01 -9.027425e+00 5.367959e+00 -2.983788e+01 6.567926e-01 5.772830e+00 -9.043953e+00 
8.655008e+00 -1.048950e+01 4.934777e+00 -1.813202e+00 2.042506e+01 -2.291737e+01 -8.452144e+00 8.636406e+00 -3.273818e+01 3.119071e+00 7.198170e+00 -9.753855e+00 
9.763480e+00 -9.795400e+00 2.227336e+00 -1.534133e+00 2.073114e+01 -2.459108e+01 -9.997219e+00 9.743866e+00 -3.140383e+01 -6.013630e-01 8.419030e+00 -1.023536e+01 
9.774740e+00 -1.028019e+01 1.014228e+00 -2.068754e+00 2.353886e+01 -2.613490e+01 -1.115426e+01 6.699730e+00 -2.974621e+01 1.342260e+00 5.317695e+00 -6.485857e+00 
1.108839e+01 -9.805737e+00 -2.466012e+00 2.527265e+00 2.412320e+01 -2.904595e+01 -1.262691e+01 7.182060e+00 -2.999013e+01 -2.488439e+00 4.356666e+00 -4.015625e+00 
1.184864e+01 -1.177020e+01 -3.784673e+00 4.708081e+00 2.037797e+01 -2.757037e+01 -1.170716e+01 4.424748e+00 -3.032144e+01 -1.652182e+00 4.693356e+00 -5.221890e+00 
6.399696e+00 -4.220364e+00 8.913342e-01 6.106563e+00 1.539449e+01 -1.695400e+01 -1.263515e+01 -3.258832e+00 -2.223331e+01 5.945917e-01 2.169040e+00 -1.674784e+00 
8.166246e+00 -5.879902e+00 2.338167e+00 7.635172e+00 1.538218e+01 -2.039422e+01 -1.480026e+01 -2.316847e+00 -2.273992e+01 -8.822097e-01 5.198104e+00 -3.672914e+00 
5.067695e+00 -1.622631e+01 5.301914e-01 6.157516e+00 1.575729e+01 -1.787347e+01 -1.667037e+01 5.287190e-01 -2.477978e+01 -3.087346e-02 8.567301e+00 -3.816074e+00 
3.552198e+00 -7.380257e+00 5.279295e-01 1.105220e+01 1.001823e+01 -1.221839e+01 -1.716203e+01 -8.335253e+00 -1.899098e+01 -4.472273e+00 6.402618e+00 1.779214e+00 
-1.457196e+00 -1.963371e+00 -1.552977e+00 6.855973e+00 6.358081e+00 -7.588138e+00 -1.895971e+01 -1.764846e+01 -1.591055e+01 -7.551534e+00 3.007611e+00 4.088144e+00 
-3.792995e+00 -9.167923e-01 -1.943929e-02 5.703637e+00 5.057764e+00 -5.805475e+00 -1.600264e+01 -1.494079e+01 -7.537219e+00 -4.557092e+00 1.534089e+00 1.640424e+00 
-4.817645e+00 -1.451664e-01 1.132599e+00 3.693712e+00 4.614157e+00 -4.110209e+00 -1.464128e+01 -1.508543e+01 -6.924458e+00 -1.493224e+00 6.025988e-01 2.223684e-01 
-7.461630e+00 -2.072939e+00 -1.513808e-01 1.494866e+00 1.405637e+00 -1.590056e+00 -1.040469e+01 -1.146703e+01 -1.011961e+01 -4.894171e+00 -1.850020e+00 1.491581e+00 
