4.060706e+00 8.906185e+00 1.164072e+01 2.108042e+01 1.426940e+01 6.808142e+00 3.590511e+00 -7.646916e+00 -1.394486e+01 -2.940531e+00 3.332427e+00 1.295005e-01 
6.610111e+00 -1.366293e+00 9.866680e+00 3.331984e+01 1.587752e+01 -1.755364e+01 -1.033903e+01 5.248638e+00 -8.245875e+00 -1.600333e+01 -9.250398e+00 3.421129e+00 
6.537531e+00 -5.628230e+00 1.079839e+01 3.750618e+01 1.271955e+01 -2.707136e+01 -9.416637e+00 1.392382e+01 -7.246346e+00 -1.530035e+01 -5.210184e+00 -1.323851e+00 
6.575984e+00 -4.656225e+00 1.326031e+01 3.764384e+01 1.340681e+01 -2.656846e+01 -9.093871e+00 1.396897e+01 -6.480910e+00 -1.696760e+01 -6.178363e+00 1.758854e+00 
5.973721e+00 -3.094808e+00 1.644370e+01 4.073027e+01 1.252549e+01 -2.916963e+01 -1.243115e+01 1.335970e+01 -3.269595e+00 -1.728843e+01 -1.105531e+01 4.296837e+00 
4.899933e+00 -5.109127e+00 2.074759e+01 3.989341e+01 9.545453e+00 -2.825109e+01 -7.414456e+00 1.149167e+01 -9.876936e+00 -1.005620e+01 -1.082097e+01 -1.897695e+00 
4.284692e+00 -6.447745e+00 2.197604e+01 3.844867e+01 6.545122e+00 -2.658855e+01 -3.993323e+00 1.305785e+01 -9.762976e+00 -1.205462e+01 -9.049851e+00 -1.954674e+00 
2.771103e+00 -6.418526e+00 2.518089e+01 3.826331e+01 7.545059e+00 -2.619301e+01 -2.785643e+00 9.993543e+00 -6.770085e+00 -1.301212e+01 -1.115621e+01 2.967574e+00 
2.329379e+00 -4.280480e+00 2.430353e+01 3.792665e+01 9.874776e+00 -2.490477e+01 -1.895577e+00 8.860357e+00 -9.807136e+00 -1.476706e+01 -3.930545e+00 5.454402e+00 
4.557781e-01 -5.596271e+00 2.819626e+01 3.598103e+01 7.686569e+00 -1.759497e+01 4.935485e-01 7.158105e+00 -1.189024e+01 -1.318786e+01 -5.114543e+00 5.588873e+00 
-1.845608e+00 -6.226316e+00 3.017122e+01 2.704816e+01 2.776890e+00 -9.597997e+00 3.185297e+00 7.951706e+00 -7.815674e+00 -8.799968e+00 -5.353395e+00 6.020649e+00 
-6.375319e+00 -6.449572e+00 3.463242e+01 2.375592e+01 4.361077e+00 -5.175262e+00 2.597384e+00 7.426556e+00 -6.110063e+00 -5.163531e+00 -3.526198e+00 9.742029e+00 
-8.457525e+00 -6.444093e+00 3.378723e+01 1.745357e+01 2.610407e+00 2.166109e+00 3.529612e+00 8.120570e+00 -3.772446e+00 -6.852170e+00 -5.929496e+00 5.864906e+00 
-1.269356e+01 -8.901270e+00 3.735175e+01 1.060876e+01 8.872238e+00 5.875832e+00 -3.220333e-01 1.499577e+01 -3.494667e+00 -8.137630e+00 -8.008314e+00 3.725525e+00 
-1.562124e+01 -1.126577e+01 4.012328e+01 1.781525e+00 1.141006e+01 4.194917e+00 2.758533e+00 1.485907e+01 -7.194588e+00 -6.291429e+00 -3.651884e+00 4.840039e+00 
-1.697285e+01 -1.728270e+01 3.888482e+01 2.964578e+00 8.773910e+00 6.195596e+00 5.047877e+00 1.390031e+01 -2.455726e+00 -7.478326e-01 -1.661946e+00 3.026833e+00 
-1.817593e+01 -2.101366e+01 3.620410e+01 2.961852e+00 6.765712e+00 8.452315e+00 9.369384e+00 1.611844e+01 4.360543e+00 2.346044e+00 -2.892262e+00 4.907655e+00 
-1.621773e+01 -1.837660e+01 3.698708e+01 1.620013e+00 4.379806e+00 3.090382e+00 1.322665e+01 1.908191e+01 -4.137120e+00 -1.549196e+00 -2.436023e-01 3.561172e+00 
-1.137848e+01 -1.570896e+01 3.807681e+01 7.492345e+00 3.839258e+00 2.463757e-01 1.142731e+01 1.245538e+01 -7.385472e+00 -5.631231e+00 -2.649654e+00 4.631369e+00 
-8.103281e+00 -1.559756e+01 3.849154e+01 1.508610e+01 1.828459e+00 -7.261206e-01 6.464020e+00 1.023787e+01 -4.387359e+00 -5.736392e+00 -7.098472e+00 1.675791e+00 
-5.405834e+00 -1.449132e+01 3.482691e+01 1.856711e+01 6.537838e+00 2.526059e+00 -2.217837e-01 6.410276e+00 -7.078254e+00 -1.046686e+01 -2.731525e+00 4.392144e-01 
-2.869407e+00 -1.232315e+01 3.222842e+01 2.283387e+01 5.759531e+00 8.049583e-01 9.901119e-01 3.856279e+00 -4.588214e+00 -1.175018e+01 -6.722667e+00 2.734592e+00 
-1.174130e+00 -1.070877e+01 2.909865e+01 2.915666e+01 8.798362e+00 -4.874443e+00 -6.696276e-01 1.188468e+00 -9.187949e+00 -1.358391e+01 -2.837181e+00 6.211087e+00 
6.038204e-01 -9.574688e+00 2.416052e+01 2.665358e+01 1.026237e+01 -6.183352e+00 -1.623872e+00 3.629271e+00 -1.076393e+01 -1.145395e+01 -2.816651e+00 5.605841e+00 
1.466119e+00 -9.195747e+00 2.299141e+01 2.446670e+01 1.329652e+01 -6.300465e+00 -4.976612e+00 8.213971e+00 -1.464571e+01 -1.209775e+01 1.331974e+00 1.662204e-01 
1.085919e+00 -7.386878e+00 2.256024e+01 2.753610e+01 1.703353e+01 -1.130417e+01 -7.432258e+00 8.115004e+00 -1.185463e+01 -1.191452e+01 -4.879630e-01 1.644642e+00 
2.388500e+00 -7.243520e+00 2.010976e+01 3.079563e+01 1.488955e+01 -1.589052e+01 -5.184138e+00 1.026632e+01 -1.173734e+01 -1.478988e+01 -1.551032e+00 3.667533e+00 
2.978747e+00 -6.829425e+00 1.866894e+01 2.949672e+01 1.308893e+01 -1.755134e+01 -3.737077e+00 1.424918e+01 -1.203744e+01 -1.780140e+01 -7.996731e-01 3.024554e+00 
3.426719e+00 -9.950889e+00 1.555204e+01 3.236985e+01 1.925088e+01 -1.619249e+01 -7.221453e+00 8.435412e+00 -1.528009e+01 -1.485226e+01 1.986440e+00 1.903202e+00 
4.119827e+00 -1.189764e+01 1.343120e+01 3.416760e+01 2.042770e+01 -1.253443e+01 -5.360745e+00 6.576048e+00 -1.640640e+01 -1.611883e+01 1.296922e+00 2.778150e+00 
3.095546e+00 -1.140501e+01 1.415841e+01 3.630268e+01 2.349150e+01 -1.353276e+01 -7.439285e+00 4.961630e+00 -1.936463e+01 -1.292335e+01 4.194699e+00 2.463878e+00 
1.187819e+00 -6.183400e+00 1.538972e+01 3.294570e+01 1.884351e+01 -1.322333e+01 -5.687728e+00 4.126586e+00 -1.319034e+01 -1.086041e+01 8.913231e-01 4.554219e-01 
3.192715e-01 -4.409229e+00 1.337042e+01 2.565453e+01 1.534946e+01 -1.115434e+01 -1.998169e+00 7.201404e+00 -1.342776e+01 -1.160723e+01 3.801119e+00 3.620683e+00 
-2.300790e+00 -1.844762e+00 1.425708e+01 2.250403e+01 1.742477e+01 -1.009056e+01 -8.851174e-01 4.875651e+00 -1.467895e+01 -7.089228e+00 1.579339e+00 4.720003e+00 
-1.331785e+00 -2.801493e-01 1.599394e+01 2.567770e+01 2.019774e+01 -5.279171e+00 -1.077184e+00 2.530724e+00 -1.421171e+01 -1.238436e+01 -3.719483e+00 1.901429e+00 
-3.837931e+00 -1.461256e+00 1.382448e+01 2.124738e+01 1.662825e+01 -9.620960e+00 -6.012331e-01 8.809636e+00 -5.889740e+00 -8.882314e+00 -3.854433e+00 3.792128e+00 
-1.083286e+00 -5.080821e+00 1.388311e+01 3.010733e+01 1.765888e+01 -1.040343e+01 8.177576e-02 9.032314e+00 -8.789562e+00 -1.566859e+01 -2.833175e+00 4.367998e+00 
-8.266149e-01 -7.310633e+00 1.390528e+01 3.447427e+01 1.898762e+01 -1.256313e+01 3.815876e-01 1.192775e+01 -9.700772e+00 -1.423591e+01 2.093163e-01 5.121897e+00 
-4.007527e-01 -5.624577e+00 1.370721e+01 3.301590e+01 2.108739e+01 -8.967653e+00 1.286214e-01 1.114405e+01 -1.178008e+01 -1.462946e+01 -3.923218e-01 1.464588e+00 
-1.086170e+00 -3.253233e+00 1.567646e+01 2.781687e+01 2.089073e+01 -5.883107e+00 7.418302e-01 1.047787e+01 -9.531256e+00 -1.321139e+01 -1.641917e+00 3.839231e+00 
-1.866276e+00 -3.433115e+00 1.716018e+01 2.650229e+01 1.596284e+01 -9.412568e+00 2.153288e+00 1.515350e+01 -2.358385e+00 -1.369192e+01 -5.740967e+00 7.224052e+00 
-1.936452e+00 -3.459139e+00 1.510728e+01 2.497986e+01 1.374654e+01 -6.046720e+00 7.117516e+00 1.272878e+01 -5.809017e+00 -8.078098e+00 1.978178e+00 6.121186e+00 
-1.614892e+00 -5.447891e+00 1.530892e+01 2.863805e+01 1.740552e+01 -6.330891e+00 6.544126e+00 1.200074e+01 -8.451479e+00 -6.916692e+00 2.639404e+00 2.483124e+00 
-1.868679e+00 -1.050789e+01 1.791456e+01 3.174220e+01 1.700180e+01 -1.001191e+01 2.958564e+00 1.569040e+01 -8.349864e+00 -1.429473e+01 3.287611e+00 4.594142e+00 
-4.282058e+00 -1.432833e+01 1.952557e+01 3.388138e+01 2.086003e+01 -9.217380e+00 1.240267e+00 1.398382e+01 -8.205989e+00 -1.681218e+01 5.233232e+00 7.068815e+00 
-1.707659e+00 -3.140464e+00 1.652880e+01 2.671082e+01 1.491868e+01 -9.683535e+00 2.271807e+00 1.186219e+01 -3.214989e+00 -1.094882e+01 -1.216288e+00 5.525563e+00 
-1.139523e+00 -4.595047e+00 1.728675e+01 2.596528e+01 1.544570e+01 -5.295820e+00 -1.767688e+00 6.227804e+00 -2.052115e+00 -1.245708e+01 -7.280490e+00 6.094090e+00 
-2.095069e+00 -7.777689e+00 1.930104e+01 2.621198e+01 1.358266e+01 4.029582e+00 -7.754986e-01 -2.368201e+00 -4.008914e+00 -1.099801e+01 -1.098696e+01 5.767155e+00 
-5.375072e+00 -4.836564e+00 1.796748e+01 1.897736e+01 3.934985e+00 4.145546e+00 7.028041e+00 4.653819e-01 -2.710061e-01 -4.016027e+00 -9.111443e+00 4.007218e-01 
-7.245789e+00 6.580704e-01 9.417629e+00 1.340761e+01 9.942410e+00 6.201337e+00 6.600340e+00 7.169239e+00 5.033386e+00 -4.380704e+00 -5.940262e+00 -4.455431e+00 
-1.027297e+01 -2.029916e-01 6.026865e+00 7.079367e+00 7.246430e+00 5.697866e+00 4.480109e+00 4.546582e+00 2.781714e+00 3.351489e-01 1.199778e+00 8.707374e-01 
-1.033113e+01 -2.016426e+00 3.598557e+00 6.017618e+00 5.181005e+00 3.142050e+00 2.393606e+00 4.561286e-03 3.894906e-01 -8.023738e-01 3.995656e+00 8.221151e-01 
-1.190816e+01 -3.712070e+00 1.673644e+00 2.388044e+00 1.750940e+00 4.516978e+00 2.703255e+00 4.907425e-01 3.386832e-01 1.397455e+00 2.461641e+00 2.542382e+00 
-1.351260e+01 -5.178067e+00 -2.805857e-01 9.998648e-01 -3.576675e-01 5.454729e-01 1.920934e+00 7.090910e-01 -4.694875e-01 -9.328449e-01 7.971841e-01 3.008599e+00 
-1.349193e+01 -5.278052e+00 1.268926e+00 1.122532e+00 -1.712941e+00 -3.374939e+00 -3.726771e+00 4.233204e-01 1.904692e+00 -3.774515e-01 2.498696e+00 3.847081e+00 
-1.403170e+01 -6.352325e+00 -5.480142e-01 4.267383e-01 -1.162676e-01 1.400856e+00 2.738427e-01 3.682694e-01 1.403265e+00 -3.581836e+00 -4.543951e+00 -3.329179e-01 
-1.271470e+01 -5.818613e+00 2.499810e-01 2.777852e+00 6.068917e-01 1.349189e+00 2.714030e+00 3.638549e+00 1.066607e+00 -5.253900e-01 -2.782350e+00 -1.131641e+00 
-1.363805e+01 -5.153870e+00 -1.497316e-01 6.577607e-01 -1.416394e+00 1.485821e+00 2.482144e+00 1.783514e+00 -1.020297e+00 3.137602e-01 -6.572129e-01 7.393052e-01 
-1.495553e+01 -6.712090e+00 -1.564814e+00 -2.403457e+00 -1.748318e+00 2.458016e-01 -1.658070e+00 -2.291501e+00 -3.497041e+00 -2.945879e+00 -2.708241e+00 -3.735973e+00 
-1.319680e+01 -4.853456e+00 -2.690302e+00 -2.540435e+00 -1.038166e+00 -2.706132e+00 -4.701628e+00 -1.734186e+00 -1.965221e+00 -1.789819e+00 -4.265790e+00 -1.741192e+00 
-1.414226e+01 -7.833845e+00 -6.402123e+00 -1.956405e+00 -8.415079e-01 -4.238359e+00 -5.371520e+00 -2.452942e+00 2.456154e-01 -6.027458e-01 -5.919230e+00 -6.853878e+00 
-1.455514e+01 -7.263152e+00 -5.103594e+00 -3.929977e+00 -2.875198e+00 2.584315e-01 -6.185659e-01 -3.242832e+00 -3.704545e+00 -3.067081e+00 3.691957e+00 1.216500e-01 
-1.305549e+01 -5.725019e+00 -2.920548e+00 -6.166109e-01 4.263620e-01 6.287149e-01 -1.470219e+00 9.053989e-02 -2.279087e+00 -2.083201e+00 3.845750e-01 -2.599845e-01 
-1.550924e+01 -8.032447e+00 -3.963805e+00 -3.268939e+00 -3.584831e+00 -1.319449e-01 -1.156353e+00 -2.297067e+00 -1.560660e+00 3.925419e-01 -3.745456e-01 -2.786572e+00 
-1.510645e+01 -6.735374e+00 -3.190122e+00 -2.716257e+00 -3.180070e+00 -1.158705e-01 -2.130273e+00 -3.652931e+00 -1.675096e+00 -9.456781e-01 -2.823911e+00 1.425842e+00 
-1.400335e+01 -5.794415e+00 -3.501168e+00 -2.209916e+00 -4.151392e+00 -3.660258e+00 -5.327954e+00 -4.953126e+00 -3.780043e+00 -2.962633e+00 -2.171448e+00 -6.127494e-01 
-1.407737e+01 -5.270748e+00 -2.553728e+00 -3.412921e-01 -7.620770e-02 3.342104e-01 -7.216262e-01 6.837304e-01 -2.451927e+00 -1.663982e+00 3.222014e+00 2.210383e+00 
-1.346309e+01 -3.771879e+00 -1.888017e+00 -1.306271e+00 -2.618711e+00 2.264851e+00 1.215945e-01 6.416689e-01 9.023134e-01 -1.010557e+00 8.222211e-01 1.907760e+00 
-1.380916e+01 -3.875060e+00 -1.109328e+00 -1.554330e+00 -3.728422e+00 7.441055e-01 -1.953197e+00 -4.276431e+00 7.028823e-01 1.536838e+00 -2.308651e+00 -2.922815e+00 
-1.401536e+01 -4.782691e+00 -1.249478e+00 -1.041174e+00 -3.465172e+00 3.453916e-02 -1.468345e+00 -5.539904e-01 -3.041199e+00 -2.522739e+00 1.122414e+00 1.294157e+00 
-1.441335e+01 -6.269689e+00 -2.006715e+00 4.601309e-01 2.791288e-01 8.164400e-01 -1.734896e+00 -2.689847e+00 -7.814547e-01 3.380544e+00 1.742830e+00 2.800435e+00 
-1.525642e+01 -6.343194e+00 -3.498308e+00 -2.299872e+00 -3.226373e+00 -1.735358e+00 -4.247226e+00 -5.421988e+00 -3.459529e+00 -3.773978e+00 -4.067247e+00 -2.272492e+00 
-1.513818e+01 -5.487154e+00 -4.041746e+00 -2.853917e+00 -5.212200e+00 -6.738790e-01 -2.876992e+00 -2.340985e+00 -3.361713e+00 -4.483370e+00 -4.840137e+00 -2.321874e+00 
-1.496226e+01 -4.453058e+00 -2.505819e+00 -3.944477e-01 -2.151519e+00 4.719903e-01 -4.625701e-01 1.493022e-01 1.089874e+00 1.105675e-01 -6.471981e-01 -2.867102e+00 
-1.374716e+01 -3.147769e+00 -1.850119e+00 -1.525216e-01 -5.782571e-01 1.130463e+00 -3.666340e+00 -2.052121e+00 -6.375794e-01 -2.790097e+00 -2.811643e+00 -2.015706e+00 
-1.511751e+01 -3.939434e+00 -1.237322e+00 3.422345e-01 -9.814575e-01 8.046578e-02 -3.491138e+00 -1.170067e+00 3.010585e+00 4.582946e+00 3.675683e+00 2.148086e+00 
-1.576255e+01 -5.557007e+00 2.614218e-01 -1.818253e-01 -2.729006e+00 2.536966e+00 -2.675556e+00 -2.861186e+00 -1.190763e+00 -4.483907e-01 -3.641368e+00 -1.238255e+00 
-1.908093e+00 -1.850444e+01 1.029571e+01 1.583213e+00 -1.060312e+01 -7.853359e+00 -7.725512e+00 -1.745219e+01 -4.299039e+00 2.806077e-01 2.900539e+00 -4.554195e+00 
9.402804e-01 -1.987821e+01 1.315305e+01 -2.429353e+00 -6.814596e+00 -9.091082e+00 -5.141508e+00 -2.032721e+01 -4.022210e+00 -2.957999e+00 3.856951e+00 -4.842890e+00 
3.680987e+00 -9.033670e+00 1.301075e+01 8.303308e+00 2.294610e+00 2.860749e+00 -4.452410e+00 -1.378109e+01 -1.244342e+01 -4.433107e+00 -1.513477e+00 4.023084e+00 
8.616373e+00 -1.055674e+01 4.790545e+00 1.676936e+01 1.559034e+01 -2.992025e+00 -1.010714e+01 -9.520508e+00 -1.713005e+01 -1.416497e+01 8.575232e-01 9.182113e+00 
8.244825e+00 -1.499308e+01 1.296785e+01 5.330002e+00 5.035852e+00 8.129681e+00 -1.514257e+01 -1.397036e+01 -8.674652e+00 -1.877851e+01 -1.333962e+00 7.353458e+00 
1.029194e+01 -1.550031e+01 5.361869e+00 8.681531e+00 9.051208e+00 -2.787652e+00 -1.232294e+01 -7.500319e+00 -1.151797e+01 -1.861311e+01 -1.138173e+00 8.755148e+00 
1.221649e+01 -1.065718e+01 1.130922e+00 1.337354e+01 8.458113e+00 -1.710757e+01 -9.452240e+00 -1.022852e+00 -2.191782e+01 -1.801137e+01 4.001915e+00 3.669559e+00 
1.231695e+01 -8.699472e+00 2.402995e+00 1.403798e+01 4.121238e+00 -2.257973e+01 -4.264090e+00 4.783714e-01 -2.608451e+01 -1.363275e+01 5.180154e+00 2.703697e+00 
1.106051e+01 -6.245492e+00 2.514543e+00 1.430103e+01 7.895024e-01 -2.217271e+01 -3.798913e+00 -1.624475e-01 -2.596343e+01 -1.547966e+01 5.251510e+00 5.858829e+00 
1.154982e+01 -1.111328e+01 -2.650259e+00 1.199899e+01 1.205310e+01 -1.520047e+01 -7.449122e+00 -8.770823e+00 -2.511062e+01 -7.885601e+00 4.827634e+00 -1.994686e+00 
1.332345e+01 -1.220033e+01 -6.736767e+00 1.221706e+01 1.455918e+01 -1.582852e+01 -1.076766e+01 -5.677449e+00 -2.026397e+01 -1.125111e+01 3.021718e+00 3.042787e+00 
1.024003e+01 -8.353861e+00 -5.168664e+00 1.445232e+01 1.674843e+01 -1.305570e+01 -1.268599e+01 -9.014532e+00 -2.315857e+01 -1.167354e+01 3.447847e+00 6.102193e+00 
8.028049e+00 5.160819e-01 2.016868e+00 1.315137e+01 8.657372e+00 -1.470791e+01 -1.358449e+01 -1.076441e+01 -1.681096e+01 -8.232454e+00 4.710962e+00 7.584920e+00 
2.142404e+00 1.620031e+00 5.549212e+00 1.275679e+01 9.043404e+00 -8.351663e+00 -1.747314e+01 -2.145421e+01 -1.985846e+01 -9.884375e+00 7.100555e-01 8.087605e+00 
-1.339476e+00 1.373948e+00 2.914255e+00 7.168641e+00 6.056079e+00 -5.802735e+00 -1.453218e+01 -1.630106e+01 -1.416660e+01 -5.073342e+00 8.162782e-02 3.388461e+00 
-3.371213e+00 1.570266e+00 2.289302e+00 5.943336e+00 4.629530e+00 -4.584531e+00 -1.341069e+01 -1.521674e+01 -1.234513e+01 -7.898790e+00 -1.870754e+00 5.691689e+00 
