1.284299e+00 1.071479e+01 1.049971e+01 1.890370e+01 1.751102e+01 1.457549e+01 6.970293e+00 -1.256264e+00 -1.361791e+01 -9.457298e+00 3.370218e+00 3.799745e+00 
3.583237e+00 6.360357e+00 9.712388e+00 2.264285e+01 1.027486e+01 3.414635e+00 6.644201e+00 -1.267774e+00 -1.780190e+01 -9.229568e+00 1.049464e+01 5.301932e+00 
5.593928e+00 -4.791116e+00 8.209794e+00 2.991736e+01 1.320068e+01 -2.299709e+00 -5.601326e+00 -5.940940e+00 -4.896872e+00 -7.011868e+00 1.120709e+00 4.950352e+00 
7.379647e+00 -7.763096e+00 6.120338e+00 3.626037e+01 2.156904e+01 -1.575935e+01 -1.686516e+01 5.321292e+00 -6.016334e-01 -1.547504e+01 -2.728344e+00 2.769504e+00 
6.058715e+00 -7.471754e+00 1.206041e+01 3.846342e+01 1.806947e+01 -1.849008e+01 -1.502187e+01 7.432126e+00 -3.442261e+00 -1.968455e+01 7.296247e-01 1.761861e+00 
5.758752e+00 -5.151962e+00 1.322542e+01 3.662721e+01 1.214918e+01 -2.045902e+01 -7.413451e+00 4.640331e+00 -3.176529e+00 -1.729430e+01 4.004651e+00 -1.213017e+00 
5.773334e+00 -5.555652e+00 1.460076e+01 3.551590e+01 9.857878e+00 -1.825860e+01 -4.200045e+00 3.187439e+00 -6.551215e+00 -1.681236e+01 2.698506e+00 -8.897436e-01 
6.470904e+00 -7.809273e+00 1.564897e+01 3.191980e+01 1.181523e+01 -1.485159e+01 -1.019473e+01 8.042912e+00 -9.306532e+00 -1.958301e+01 6.537894e+00 9.492763e-01 
5.495503e+00 -7.108528e+00 1.731775e+01 2.803999e+01 1.106568e+01 -1.671254e+01 -1.098601e+01 1.310668e+01 -7.379539e+00 -2.718235e+01 7.762922e+00 4.766235e+00 
3.975376e+00 -6.315904e+00 2.203181e+01 2.447587e+01 1.161578e+01 -1.319112e+01 -1.407818e+01 1.065240e+01 -8.709354e+00 -2.719081e+01 1.089953e+01 3.115138e+00 
3.980584e+00 -3.948031e+00 2.192547e+01 2.510006e+01 1.173313e+01 -1.298103e+01 -1.310979e+01 6.462293e+00 -8.727511e+00 -2.238861e+01 7.033912e+00 4.162982e+00 
2.796354e+00 -4.972967e+00 2.543850e+01 2.553523e+01 9.292937e+00 -1.036202e+01 -1.384938e+01 6.067232e+00 -9.418647e+00 -1.791679e+01 7.691126e+00 2.127952e+00 
-1.250286e+00 -8.859440e+00 3.541803e+01 1.869990e+01 8.624216e-01 -8.728606e-01 -1.085679e+01 2.692126e+00 -3.686954e+00 -1.599194e+01 5.875157e+00 4.692018e+00 
-3.179478e+00 -9.232663e+00 3.607171e+01 1.896724e+01 -1.478976e+00 2.078669e+00 -5.699381e+00 1.081061e+00 -3.537948e+00 -1.184791e+01 4.820646e+00 3.670578e+00 
-5.997102e+00 -1.151580e+01 4.036393e+01 1.917264e+01 4.626029e-01 4.991172e+00 -7.021229e+00 -9.224666e-01 -5.879102e+00 -1.074973e+01 2.305696e+00 4.425835e+00 
-8.385091e+00 -1.443637e+01 4.252834e+01 1.669386e+01 -2.196863e-01 3.353156e+00 -5.915635e+00 2.845844e+00 -5.118220e+00 -1.060699e+01 1.725456e+00 2.991918e+00 
-9.684411e+00 -1.513997e+01 4.317795e+01 1.611163e+01 -8.560566e-01 4.298864e+00 -4.608229e+00 1.463870e+00 -7.010915e+00 -9.501447e+00 -1.254445e+00 4.341627e+00 
-8.463987e+00 -1.492717e+01 4.188977e+01 1.742754e+01 5.675446e-02 4.062571e+00 -4.735169e+00 -1.640187e+00 -8.174143e+00 -1.189831e+01 3.857606e+00 7.016781e+00 
-7.603676e+00 -1.614110e+01 4.038368e+01 1.725132e+01 -5.981690e-01 4.564026e+00 -3.295159e-01 -2.359393e+00 -1.033953e+00 -1.255097e+01 -5.212228e+00 5.783869e+00 
-6.894127e+00 -1.688184e+01 4.055393e+01 1.929053e+01 1.146747e+00 2.900350e+00 -1.850932e-01 1.909429e+00 -7.313250e+00 -1.520353e+01 -1.672107e+00 5.423011e+00 
-5.245631e+00 -1.640150e+01 3.998276e+01 2.046778e+01 -1.387138e+00 3.838039e+00 -1.945530e+00 -2.166278e-01 -4.953074e+00 -1.652723e+01 -1.044233e+00 4.680362e+00 
-3.338573e+00 -1.312866e+01 3.644242e+01 2.042582e+01 -5.332332e-01 4.229366e+00 -4.868570e+00 -1.126681e+00 -6.800807e+00 -1.720932e+01 2.194552e-01 1.204279e+00 
-1.477863e+00 -1.257549e+01 3.557317e+01 2.308043e+01 -1.223407e+00 -2.853346e-01 -4.473688e+00 -6.837215e-01 -8.675633e+00 -1.611666e+01 2.337798e+00 2.095363e+00 
1.474593e-01 -1.151151e+01 3.150699e+01 2.703377e+01 1.175505e+00 -6.058485e+00 -7.375065e+00 -4.267828e-01 -5.156840e+00 -1.520647e+01 -1.498827e-01 2.571353e+00 
1.893079e+00 -1.116114e+01 2.625720e+01 2.696704e+01 3.849002e+00 -6.088957e+00 -8.504983e+00 4.593918e+00 -3.296425e+00 -1.970883e+01 -2.121181e+00 2.341327e+00 
1.476203e+00 -9.180774e+00 2.440249e+01 3.049479e+01 8.789221e+00 -1.574812e+01 -7.215060e+00 8.650356e+00 -9.077979e+00 -2.200563e+01 -5.482154e-01 2.309690e+00 
1.421522e+00 -1.345428e+01 2.313580e+01 2.981546e+01 1.290151e+01 -8.930359e+00 -8.412249e+00 1.251487e+00 -1.511085e+01 -1.917354e+01 8.722510e+00 8.198717e-01 
1.902193e+00 -1.085599e+01 2.328455e+01 2.814229e+01 1.276793e+01 -5.818984e+00 -8.992599e+00 -1.012321e+00 -1.948939e+01 -1.636830e+01 1.084500e+01 -1.056257e+00 
2.810675e+00 -1.226272e+01 1.904289e+01 3.047162e+01 1.169324e+01 -9.181087e+00 -5.241409e+00 6.934254e-01 -1.605446e+01 -1.694995e+01 9.749408e+00 -1.665220e+00 
1.000740e+00 -1.236888e+01 2.247805e+01 2.817985e+01 1.092885e+01 -9.970692e+00 -6.729723e+00 -1.629419e+00 -1.772034e+01 -1.430033e+01 1.050672e+01 -3.651961e+00 
-9.846939e-01 -1.728505e+01 2.322644e+01 2.931754e+01 8.558235e+00 -1.078382e+01 -8.146207e+00 -3.125753e+00 -1.663838e+01 -6.855510e+00 1.543272e+01 -3.941218e+00 
-3.210203e+00 -2.048268e+01 2.478250e+01 2.810633e+01 8.500721e+00 -7.374137e+00 -5.505550e+00 -2.110994e+00 -1.516792e+01 -1.041457e+01 8.831241e+00 -5.436031e+00 
-4.350168e+00 -1.334336e+01 1.493312e+01 2.009134e+01 8.154243e+00 -4.937428e+00 -6.146711e+00 1.653975e+00 -9.326418e+00 -1.390116e+01 4.291146e+00 -3.497341e+00 
-4.123373e+00 -1.383369e+01 1.349502e+01 2.920805e+01 1.332730e+01 -1.028557e+01 -8.676770e+00 -1.040911e+00 -1.046947e+01 -1.054334e+01 3.992570e+00 -7.525535e+00 
-4.357459e+00 -1.754497e+01 9.824531e+00 3.141590e+01 1.389966e+01 -1.312590e+01 -4.935081e+00 -4.208089e+00 -1.202553e+01 -5.263607e+00 1.254292e+00 -8.547926e+00 
-5.037323e+00 -4.148448e+00 1.016793e+01 2.095290e+01 1.243026e+01 4.534832e-01 1.923479e+00 -1.330153e+00 -9.669392e+00 -3.347584e+00 -6.987119e-01 -2.272042e+00 
-2.196525e+00 -2.507980e+00 5.566598e+00 1.425344e+01 9.810104e+00 6.601388e+00 4.368023e+00 -4.021697e+00 -8.399237e+00 -3.080856e+00 7.996953e-01 6.169634e-01 
-1.830945e+00 -2.115141e-01 7.561923e+00 1.333074e+01 7.960826e+00 5.399607e+00 5.782226e+00 -2.419543e+00 -9.129281e+00 -3.244940e+00 2.544558e+00 4.656813e+00 
-8.138815e-01 7.553436e-01 6.432362e+00 1.227537e+01 1.141170e+01 6.628119e+00 8.041681e+00 1.877560e-02 -9.951552e+00 -4.153653e+00 7.190276e+00 4.191527e+00 
8.169087e-01 3.694477e+00 8.733900e+00 1.605329e+01 1.276514e+01 7.982796e+00 6.231076e+00 -3.603243e+00 -1.240972e+01 -3.598124e+00 7.361828e+00 4.181774e+00 
1.847512e+00 6.001415e+00 1.163508e+01 1.589064e+01 1.213388e+01 6.697082e+00 5.417368e+00 -1.755661e+00 -1.453760e+01 -6.713500e+00 5.622144e+00 1.868667e+00 
3.765506e+00 4.022475e+00 1.042882e+01 1.766052e+01 1.188109e+01 5.156363e+00 4.428453e+00 -9.428881e-01 -1.558323e+01 -9.167026e+00 8.476746e+00 4.079249e+00 
5.269228e+00 3.607836e+00 8.774574e+00 1.909192e+01 1.055501e+01 1.937000e+00 6.511940e+00 9.414925e-02 -1.517484e+01 -1.066953e+01 6.878928e+00 3.909882e+00 
5.303599e+00 4.746547e+00 7.627582e+00 1.765293e+01 1.506851e+01 4.443206e+00 5.008424e+00 -2.675739e+00 -1.645883e+01 -1.151423e+01 5.303546e+00 5.519351e+00 
7.077080e+00 -4.983440e+00 5.099434e+00 2.068517e+01 1.581944e+01 5.892717e-01 -5.923616e+00 -9.813586e+00 -4.221877e+00 -4.181245e+00 -1.617569e+00 -2.798937e+00 
6.182137e+00 -1.047087e+01 5.143594e+00 2.835328e+01 2.460989e+01 -1.148682e+01 -1.062648e+01 -1.122601e+01 -2.363191e+00 -3.224337e+00 4.058500e-01 -3.411944e+00 
4.281589e+00 -1.335716e+01 1.228876e+01 2.935910e+01 1.880510e+01 -1.421435e+01 -8.404647e+00 -5.966560e+00 -3.253193e+00 -6.770893e+00 3.958397e+00 -3.599152e+00 
4.522705e+00 -1.253597e+01 1.452987e+01 2.885959e+01 1.493678e+01 -1.191771e+01 -9.549387e+00 -4.100784e+00 -6.360130e+00 -6.439783e+00 4.121320e+00 -4.422679e+00 
3.533243e+00 -8.465746e+00 1.657517e+01 2.593444e+01 1.556851e+01 -1.152103e+01 -1.096587e+01 -2.823145e+00 -4.027910e+00 -8.747988e+00 2.136215e+00 -3.518274e+00 
1.905317e+00 -1.113305e+01 2.175058e+01 2.714047e+01 9.856951e+00 -1.318738e+01 -8.609499e+00 -2.925995e+00 -4.526518e+00 -1.126479e+01 3.954600e+00 5.058753e-01 
1.342886e+00 -7.368927e+00 2.266341e+01 2.516200e+01 9.274848e+00 -1.228712e+01 -8.645605e+00 -5.083611e+00 -2.313331e+00 -1.387578e+01 4.920056e+00 4.514563e+00 
5.760527e-01 -8.868484e+00 2.488825e+01 2.852711e+01 5.291967e+00 -1.136600e+01 -2.214993e+00 -7.482944e+00 -8.228327e+00 -1.044805e+01 5.207934e-01 3.414862e+00 
-9.443342e-01 -1.095977e+01 2.958371e+01 2.676763e+01 1.820224e+00 -3.206392e+00 -4.856409e+00 -8.485822e+00 -2.671868e+00 -1.407003e+01 -1.543702e+00 3.868729e+00 
-4.331160e+00 -1.370325e+01 3.573587e+01 2.280310e+01 -1.397806e+00 3.387371e+00 -4.746951e+00 -8.481366e+00 -1.136269e+00 -1.099438e+01 -1.774969e+00 7.041044e+00 
-6.330655e+00 -1.464726e+01 3.618037e+01 1.981202e+01 -7.298958e-01 5.425802e+00 -2.102495e+00 -5.113687e+00 -2.898403e+00 -1.261498e+01 -3.542269e+00 6.612392e+00 
-6.715764e+00 -1.489766e+01 3.658362e+01 1.874266e+01 -2.353289e+00 2.666729e+00 1.104830e+00 -5.791306e+00 -2.620854e+00 -1.193658e+01 -2.881257e+00 6.947321e+00 
-8.260887e+00 -1.487386e+01 4.018380e+01 1.896644e+01 -5.786535e+00 5.375550e+00 3.152592e+00 -7.686416e+00 -3.090353e+00 -9.958378e+00 -2.081831e+00 6.084069e+00 
-7.617737e+00 -1.490051e+01 3.879161e+01 1.688408e+01 -2.211359e+00 1.019283e+01 3.056057e+00 -4.143483e+00 -4.354167e+00 -1.492098e+01 -2.804283e+00 2.763081e+00 
-6.680351e+00 -1.606969e+01 3.758128e+01 2.113473e+01 -2.352826e+00 5.816595e+00 5.296889e+00 -3.038498e+00 -2.288544e+00 -1.256752e+01 -7.188014e+00 2.094650e+00 
-4.914942e+00 -1.502238e+01 3.608973e+01 2.114632e+01 -2.240116e+00 4.737237e+00 1.466990e-01 -3.951893e+00 -2.409306e+00 -1.386584e+01 -1.274465e+00 1.709290e+00 
-4.475152e+00 -1.451491e+01 3.587241e+01 2.094092e+01 2.475041e-02 -2.543278e-01 -6.149409e-01 -3.455095e+00 -3.038763e+00 -1.217571e+01 -1.464311e+00 2.254264e+00 
-2.520444e+00 -1.694848e+01 3.367546e+01 2.189998e+01 -1.131106e+00 2.091499e+00 -2.702990e+00 -8.276038e+00 -1.559077e+00 -1.267201e+01 -3.565050e+00 4.801679e+00 
-1.405736e+00 -1.653480e+01 3.096254e+01 2.706934e+01 9.542593e-01 -1.620232e+00 -3.448667e+00 -6.944932e+00 -7.928297e+00 -1.397695e+01 1.104831e+00 4.531452e+00 
-8.058095e-01 -1.519186e+01 3.040067e+01 2.478397e+01 3.529889e+00 -2.993086e+00 -8.072474e+00 -8.560452e+00 -4.947021e+00 -9.494824e+00 2.173841e-01 2.906045e+00 
-3.217541e-01 -1.686851e+01 2.905902e+01 2.662497e+01 3.711246e+00 -3.951625e+00 -5.869268e+00 -9.594149e+00 -6.841734e+00 -1.236775e+01 -1.077024e+00 4.904441e+00 
-7.813333e-01 -1.660954e+01 3.044192e+01 2.261808e+01 2.441288e+00 -2.361188e+00 -7.728521e+00 -6.825374e+00 -5.730384e+00 -1.378160e+01 1.771710e+00 5.337614e+00 
5.554346e-02 -1.482387e+01 3.034895e+01 2.380612e+01 9.899740e-01 -1.237993e+00 -8.214997e+00 -7.745452e+00 -6.861044e+00 -1.188949e+01 1.822105e+00 2.691243e+00 
7.466047e-01 -1.572361e+01 2.842800e+01 2.171896e+01 -6.491899e-01 -4.884828e-01 -5.134232e+00 -5.088438e+00 -6.237063e+00 -1.548718e+01 -1.667620e+00 1.804679e+00 
-1.397451e-01 -1.305439e+01 2.954304e+01 2.560956e+01 1.970504e+00 -6.288898e+00 -9.619318e+00 -5.145247e+00 -8.720882e+00 -1.455161e+01 1.938430e+00 4.134675e+00 
3.880549e-01 -1.546987e+01 2.183193e+01 3.130280e+01 1.008098e+01 -7.896441e+00 -5.693680e+00 1.628727e+00 -1.049973e+01 -1.346888e+01 -2.492748e-03 3.543791e+00 
-2.363479e-01 -1.361613e+01 1.893888e+01 3.378998e+01 1.310699e+01 -1.115804e+01 -4.083747e+00 -6.636714e-01 -1.331702e+01 -1.304763e+01 2.655014e+00 2.208354e+00 
