2.574542e+00 1.323782e+01 1.362242e+01 1.934705e+01 1.273510e+01 5.622873e+00 6.621673e+00 -2.912764e+00 -1.685241e+01 -1.112852e+01 4.345273e+00 1.443726e+00 
5.493927e+00 1.139928e+01 9.108271e+00 1.762142e+01 1.073672e+01 4.896038e+00 3.587039e+00 -2.321118e+00 -1.535748e+01 -6.448436e+00 5.463540e+00 2.310471e+00 
5.994380e+00 5.797205e+00 6.754301e+00 2.340583e+01 1.557582e+01 6.250979e-01 -4.293824e+00 -2.956184e+00 -7.542223e+00 -7.847896e+00 -2.206508e+00 3.870682e+00 
8.103592e+00 -2.143236e+00 3.858792e+00 3.088862e+01 2.577331e+01 -8.549210e+00 -2.149047e+01 -1.562588e+00 -4.708733e+00 -8.858015e+00 -1.494907e+00 3.622887e+00 
7.513120e+00 -4.942248e+00 5.908146e+00 3.386964e+01 2.749174e+01 -1.362790e+01 -2.720833e+01 8.442153e+00 -1.756002e+00 -1.654301e+01 -3.714358e+00 4.349574e+00 
6.666405e+00 -6.008089e+00 9.253610e+00 3.256357e+01 1.914828e+01 -1.574676e+01 -1.905932e+01 1.033678e+01 -2.768448e-01 -1.571937e+01 -5.723721e+00 4.501124e+00 
5.993935e+00 -7.059744e+00 1.321494e+01 3.240664e+01 1.648940e+01 -1.791859e+01 -1.860628e+01 1.548376e+01 -4.798470e-01 -2.075638e+01 -3.046101e+00 4.822001e+00 
3.978307e+00 -7.150928e+00 1.708403e+01 3.151523e+01 1.718490e+01 -1.543271e+01 -1.901051e+01 1.622681e+01 -5.417926e+00 -2.123913e+01 2.137039e+00 1.920822e+00 
2.844154e+00 -8.583531e+00 1.991450e+01 3.071916e+01 1.639629e+01 -1.476175e+01 -1.841392e+01 1.954939e+01 -8.708337e+00 -2.401470e+01 7.104991e+00 2.399533e+00 
1.410532e+00 -9.371766e+00 2.350883e+01 3.013996e+01 1.157469e+01 -9.188381e+00 -1.516339e+01 1.566084e+01 -9.016454e+00 -2.218860e+01 9.148772e+00 1.142601e+00 
-2.251734e+00 -8.613926e+00 3.048911e+01 2.410382e+01 7.383590e+00 -2.099210e+00 -1.185945e+01 1.018122e+01 -5.003381e+00 -2.032905e+01 5.573939e+00 9.242539e-01 
-8.057080e+00 -1.023835e+01 4.153558e+01 1.670494e+01 7.679411e-01 -1.017868e+00 -9.175078e+00 1.300315e+01 -7.758037e+00 -1.253983e+01 4.232579e+00 1.750777e+00 
-1.149831e+01 -1.139605e+01 4.020828e+01 6.216068e+00 4.848686e-01 3.462115e+00 -2.707316e+00 1.646052e+01 -8.674831e+00 -6.909578e+00 -2.203193e+00 -3.230446e+00 
-1.451752e+01 -1.447942e+01 3.931235e+01 8.046853e+00 -2.618679e-01 1.198665e+01 -3.462154e-01 1.648393e+01 1.561672e+00 -9.943772e+00 4.036003e+00 -5.957364e-01 
-1.716150e+01 -1.790592e+01 3.996937e+01 3.027996e+00 1.914604e+00 1.364696e+01 -2.750955e+00 1.565479e+01 -3.025587e+00 -9.724181e+00 4.202239e+00 8.833138e-01 
-1.849663e+01 -2.026725e+01 3.778595e+01 -1.838295e+00 -1.177948e+00 1.064377e+01 2.127111e-02 1.820148e+01 -2.800248e+00 -6.452619e+00 1.025812e+01 -1.328528e+00 
-2.105237e+01 -2.542218e+01 3.796249e+01 2.158918e+00 -6.445722e+00 7.778332e+00 1.348816e+00 1.429178e+01 -4.209439e+00 -9.673640e+00 6.172337e+00 6.606572e-01 
-2.001136e+01 -2.768693e+01 3.369388e+01 1.687600e+00 -8.053549e+00 2.964072e+00 2.614922e+00 1.601575e+01 -4.220607e+00 -8.010324e+00 5.097668e+00 -1.498752e+00 
-1.897970e+01 -3.027790e+01 3.041810e+01 3.236684e+00 -9.708241e+00 -1.266408e+00 8.946258e-01 1.296124e+01 -7.965966e+00 -8.883809e+00 7.964725e+00 -1.145016e+00 
-1.783307e+01 -3.102629e+01 2.856519e+01 6.535366e+00 -1.345942e+01 -5.122632e+00 -7.470053e-01 1.507976e+01 -2.185986e+00 -1.138053e+01 6.850793e+00 -6.296735e-01 
-1.318728e+01 -2.639752e+01 3.117267e+01 9.878182e+00 -7.954817e+00 2.121637e+00 3.141119e-01 1.353325e+01 3.571001e+00 -1.098108e+01 6.327354e+00 3.950947e+00 
-6.524971e+00 -1.497992e+01 3.714354e+01 2.201095e+01 -4.503316e-02 4.018441e+00 -1.043866e+00 8.480665e+00 -3.305783e+00 -1.626208e+01 3.510246e-01 -1.989049e-01 
-2.034708e+00 -1.287121e+01 3.498800e+01 2.577495e+01 6.723338e-01 1.821558e+00 -6.664112e+00 4.586450e+00 -2.751633e+00 -1.501180e+01 -8.526551e-01 -2.446120e+00 
4.229946e-01 -1.047611e+01 2.717086e+01 2.611877e+01 6.212557e+00 -1.076149e+00 -6.049147e+00 6.972289e+00 -4.475510e+00 -1.823108e+01 5.264391e-01 2.411081e-02 
1.424347e+00 -9.462951e+00 2.598027e+01 2.956893e+01 5.955729e+00 -2.440230e+00 -6.877714e+00 1.725256e+00 -3.801135e+00 -1.553673e+01 1.981257e+00 -2.454919e+00 
2.226052e+00 -7.933085e+00 2.379155e+01 2.602505e+01 9.668166e+00 -3.050501e+00 -7.067773e+00 6.426706e+00 -7.203887e+00 -1.587866e+01 2.306845e+00 -5.766037e+00 
1.968027e+00 -8.757118e+00 2.263414e+01 2.794792e+01 1.188838e+01 -7.530002e+00 -6.916185e+00 6.683451e+00 -1.002621e+01 -1.297204e+01 3.745345e+00 -3.946359e+00 
1.525061e+00 -1.107590e+01 2.365616e+01 2.691211e+01 1.048551e+01 -4.986320e+00 -8.088122e+00 8.390049e+00 -1.023118e+01 -1.292045e+01 5.664196e+00 -5.907712e+00 
1.615080e+00 -1.082328e+01 2.293677e+01 2.573300e+01 1.257450e+01 -1.720619e+00 -1.063641e+01 8.660386e+00 -1.066806e+01 -1.775983e+01 8.416774e+00 -5.783814e+00 
1.306252e+00 -9.445389e+00 2.305091e+01 2.578367e+01 1.291569e+01 6.766362e-01 -9.666018e+00 3.087513e+00 -1.477311e+01 -1.698080e+01 8.881572e+00 -6.168794e+00 
2.423470e+00 -8.900987e+00 2.160946e+01 2.464052e+01 1.350433e+01 -3.104930e+00 -1.381919e+01 6.381021e+00 -1.112268e+01 -1.680095e+01 5.147641e+00 -4.709855e+00 
2.164999e+00 -1.164191e+01 1.985344e+01 2.953841e+01 1.921077e+01 -7.151412e+00 -1.596611e+01 6.389705e+00 -1.236763e+01 -1.946009e+01 5.170588e+00 -1.539154e+00 
1.333436e+00 -9.295442e+00 2.120862e+01 3.151577e+01 1.410234e+01 -6.792571e+00 -1.528512e+01 4.265141e+00 -1.322432e+01 -1.617285e+01 5.737370e+00 -2.020200e+00 
1.527735e+00 -9.653424e+00 1.830116e+01 3.228949e+01 1.762357e+01 -7.815149e+00 -1.402418e+01 3.425057e+00 -1.190382e+01 -1.724954e+01 5.421471e+00 -1.294591e+00 
-1.043605e+00 -6.339728e+00 1.509838e+01 1.834120e+01 9.978108e+00 -6.349919e+00 -9.880768e+00 5.992128e+00 -5.529939e+00 -1.685637e+01 -1.129290e+00 -1.128317e+00 
-2.569475e+00 7.699254e-01 1.523709e+01 1.933342e+01 1.306254e+01 -2.091490e-01 -6.365530e+00 -2.071266e-01 -9.423115e+00 -1.366044e+01 -3.501209e+00 -5.464733e+00 
-4.211211e+00 -2.002069e+00 1.156378e+01 2.078498e+01 1.550021e+01 -3.298078e+00 -2.679181e+00 8.686061e+00 6.560459e-01 -1.160814e+01 -5.036850e+00 1.793512e+00 
-5.353385e+00 -2.011526e+00 1.127775e+01 2.096315e+01 1.373366e+01 4.844512e-01 -4.156933e-01 9.366435e+00 -8.812528e-01 -8.823160e+00 -2.839326e+00 2.247085e+00 
-4.556136e+00 -4.503214e+00 1.352155e+01 1.981509e+01 6.286293e+00 1.747382e+00 6.321368e+00 3.492642e+00 -5.370954e+00 -2.477319e+00 8.521564e+00 -7.608464e-02 
-4.570842e+00 1.454819e+00 1.226128e+01 1.696375e+01 1.155407e+01 9.742569e+00 1.042114e+01 3.139995e+00 -8.656108e+00 -2.727235e+00 3.889144e+00 -3.212310e+00 
-4.391249e+00 6.189635e+00 1.330254e+01 1.470088e+01 1.269323e+01 9.849499e+00 9.881968e+00 6.447473e+00 8.150315e-01 -3.638365e+00 -2.854368e+00 -1.285792e+00 
-3.799440e+00 5.962012e+00 1.272185e+01 1.424155e+01 1.415108e+01 1.022183e+01 8.382737e+00 3.122250e+00 -3.880956e+00 -1.172319e+00 2.125311e+00 -9.264891e-01 
-2.267331e+00 5.497987e+00 1.180734e+01 1.499948e+01 1.464974e+01 1.024254e+01 3.758150e+00 6.272941e-01 -4.223892e+00 -1.406550e+00 2.345344e+00 3.704854e-01 
-1.794953e+00 7.306133e+00 1.287183e+01 1.667170e+01 1.566206e+01 8.904950e+00 1.429778e+00 -1.762321e+00 -2.990768e+00 -4.012367e+00 5.789614e-01 -3.030773e+00 
-1.520885e+00 7.137273e+00 1.292360e+01 1.441264e+01 1.199086e+01 6.035661e+00 3.799492e+00 1.655028e+00 -3.698320e+00 -3.430624e+00 5.983385e-01 -5.278620e-01 
-4.629368e-01 6.921134e+00 1.148812e+01 1.517983e+01 1.379803e+01 1.008214e+01 6.850778e+00 -9.826470e-01 -7.149687e+00 -5.719603e+00 1.780346e+00 2.311189e+00 
-2.591150e-03 6.775914e+00 1.252873e+01 1.395713e+01 1.042927e+01 8.185822e+00 6.558512e+00 3.652730e+00 -6.485495e+00 -5.262643e+00 3.492677e+00 5.559281e+00 
1.951093e+00 7.650606e+00 1.266146e+01 1.779578e+01 1.044865e+01 2.290220e+00 1.107653e+00 4.773038e-02 -7.838515e+00 -6.712992e+00 4.681824e+00 3.948074e+00 
4.068326e+00 5.437873e+00 8.238224e+00 1.622599e+01 1.519839e+01 5.121939e+00 1.851813e+00 -3.929171e+00 -1.029425e+01 -7.919001e+00 4.738425e+00 2.509425e+00 
6.803216e+00 -1.573167e+00 2.483707e+00 1.358389e+01 1.337998e+01 1.113218e+01 6.931166e+00 -5.194017e+00 -1.768609e+01 -1.399401e+01 3.119666e+00 4.265539e+00 
8.152166e+00 -1.119680e+01 -5.889966e-01 1.834393e+01 2.347311e+01 5.381076e+00 -7.969264e+00 -1.383244e+00 -1.087928e+01 -1.950994e+01 -6.450620e+00 4.180965e+00 
5.397669e+00 -1.222752e+01 9.869478e+00 2.691647e+01 2.257327e+01 -8.210598e+00 -1.851326e+01 6.822018e+00 -4.801036e+00 -1.625406e+01 -3.821697e+00 2.534112e-01 
3.783117e+00 -1.296239e+01 1.577597e+01 2.619287e+01 1.809910e+01 -7.971691e+00 -1.809754e+01 7.912051e+00 -2.340373e+00 -1.980656e+01 -2.127979e+00 1.039533e+00 
1.419890e+00 -1.363648e+01 2.198907e+01 2.376872e+01 1.685183e+01 -5.348534e+00 -2.232076e+01 6.406695e+00 2.370068e+00 -1.888602e+01 1.032285e+00 -2.305164e+00 
1.373989e+00 -1.268209e+01 2.156566e+01 2.383029e+01 1.703868e+01 -4.883243e+00 -2.131764e+01 7.970196e+00 3.840685e+00 -1.818612e+01 -2.024998e-01 -2.914956e+00 
7.790606e-01 -1.126772e+01 2.253791e+01 2.475222e+01 1.693307e+01 -5.950617e+00 -2.184762e+01 9.341138e+00 4.228232e-01 -1.841477e+01 3.815715e+00 -2.965054e+00 
-8.503447e-02 -1.149197e+01 2.443595e+01 2.652906e+01 9.841259e+00 -5.590330e+00 -1.397652e+01 4.611747e+00 -9.650781e-02 -1.165624e+01 3.112504e-01 -1.308776e+00 
-2.059218e+00 -1.482457e+01 3.063180e+01 2.633291e+01 3.408702e+00 1.873097e+00 -1.263749e+01 -6.632262e-01 -4.387867e-01 -1.014489e+01 2.133215e+00 -2.164388e+00 
-3.909513e+00 -1.573844e+01 3.332821e+01 2.155597e+01 2.355772e+00 4.355608e+00 -9.487442e+00 7.575543e-01 -1.027756e+00 -1.327354e+01 1.762754e+00 -8.230615e-01 
-6.860538e+00 -1.525280e+01 3.757226e+01 1.564897e+01 2.696334e+00 7.565435e+00 -7.235439e+00 5.196878e-01 -4.746836e+00 -1.543425e+01 4.296065e+00 -1.452425e+00 
-9.568244e+00 -1.451522e+01 4.087326e+01 1.335940e+01 2.555110e+00 5.425389e+00 -4.846202e+00 6.721585e+00 -4.191372e+00 -1.264370e+01 2.681617e-01 -3.941331e+00 
-1.058430e+01 -1.611533e+01 4.290270e+01 1.107364e+01 1.867112e+00 8.187749e+00 -8.199285e-01 1.079024e+01 -6.380052e+00 -1.883199e+01 -1.339379e+00 -3.304425e+00 
-1.174698e+01 -1.699543e+01 4.253969e+01 9.998055e+00 -3.762217e-01 7.264393e+00 1.263493e-01 1.277321e+01 -4.763917e+00 -1.606723e+01 2.737987e+00 -4.584701e+00 
-1.369843e+01 -1.754523e+01 4.174530e+01 1.071075e+01 4.575985e+00 5.914763e+00 2.586469e-02 1.503672e+01 -2.685936e+00 -1.510731e+01 5.769217e-01 -6.208118e+00 
-1.317035e+01 -1.709472e+01 4.268834e+01 1.128941e+01 3.313094e+00 6.005798e+00 -1.800658e+00 1.125653e+01 -4.389447e+00 -1.095808e+01 5.761847e+00 -5.622209e+00 
-1.208343e+01 -1.851516e+01 4.068876e+01 1.124637e+01 9.079152e-01 9.383245e+00 3.844279e+00 7.514474e+00 -6.014779e+00 -1.454438e+01 -4.740352e-01 -4.967978e-01 
-1.086817e+01 -1.929867e+01 4.057262e+01 1.081428e+01 9.029161e-01 4.287693e+00 1.757071e+00 7.302660e+00 -2.186314e+00 -9.668760e+00 2.107209e+00 -4.610198e+00 
-9.560223e+00 -1.955601e+01 3.822065e+01 1.291369e+01 4.119195e+00 4.430748e+00 -8.945742e-01 8.601486e+00 -8.168702e-01 -1.390164e+01 3.155106e+00 -5.590965e+00 
-8.795951e+00 -1.870564e+01 3.825051e+01 1.521307e+01 3.644908e+00 4.657131e+00 1.804729e+00 7.409511e+00 -6.208584e+00 -1.650258e+01 1.179144e+00 -2.946379e+00 
-9.463964e+00 -1.788363e+01 4.034698e+01 1.347600e+01 4.226675e+00 5.596863e+00 -3.255443e-01 6.401032e+00 -5.038200e+00 -1.359701e+01 2.643396e+00 -4.840935e+00 
-8.437211e+00 -1.868470e+01 4.021624e+01 1.596500e+01 2.918792e+00 5.185038e+00 -1.868988e+00 5.878103e+00 -8.036262e+00 -1.394765e+01 8.063883e-01 -3.621891e+00 
-7.472847e+00 -1.864417e+01 3.677190e+01 1.805351e+01 2.525115e+00 6.401728e+00 -2.540799e+00 4.434291e+00 -6.950298e+00 -1.405257e+01 2.997771e-01 -1.763427e+00 
-6.727292e+00 -2.023145e+01 3.675331e+01 2.004176e+01 5.592672e+00 3.699577e+00 -4.003280e+00 1.682213e+00 -4.895639e+00 -1.144745e+01 4.748624e+00 -2.789083e+00 
-4.330642e+00 -1.889611e+01 3.316230e+01 2.245339e+01 2.548236e+00 1.804218e+00 -1.820181e+00 4.193782e+00 -7.926548e+00 -1.386051e+01 1.526913e+00 -2.882994e+00 
-2.227224e+00 -1.692924e+01 3.199759e+01 2.412289e+01 2.223921e+00 1.182868e+00 -7.141845e+00 -1.795643e-01 -4.590478e+00 -1.441890e+01 -8.391420e-01 3.774883e-01 
-5.253263e-01 -1.661246e+01 2.959451e+01 2.613512e+01 4.630975e+00 -1.797673e-01 -8.589972e+00 -3.397181e+00 -5.617315e+00 -1.150183e+01 -7.751464e-01 -1.779048e+00 
1.427912e+00 -1.456250e+01 2.506377e+01 2.608499e+01 8.070337e+00 -1.230764e+00 -1.090686e+01 -2.336221e+00 -1.094235e+01 -1.230072e+01 3.873847e+00 -5.208591e-01 
1.772391e+00 -1.402283e+01 2.105399e+01 2.903713e+01 1.177340e+01 -6.570522e+00 -1.371756e+01 -7.232592e-01 -8.375913e+00 -1.337428e+01 3.045217e+00 1.679850e+00 
1.516001e-01 -9.997221e+00 2.194859e+01 2.743410e+01 9.428210e+00 -6.999687e+00 -1.382608e+01 2.645761e+00 -8.349305e+00 -1.331537e+01 2.780821e+00 -1.884092e+00 
-1.420616e+00 -9.090784e+00 2.089405e+01 2.481325e+01 1.085670e+01 -6.525245e+00 -9.674056e+00 3.446956e+00 -6.768647e+00 -1.348407e+01 4.103058e+00 6.825638e-01 
-2.797642e+00 -2.537016e+00 1.633344e+01 2.201476e+01 1.231143e+01 -1.398866e+00 -5.599550e+00 1.557142e-01 -6.717075e+00 -1.236346e+01 1.667398e+00 -1.109196e-01 
-2.832848e+00 1.088056e+00 1.210665e+01 1.852156e+01 1.177715e+01 1.212731e+00 -4.927739e+00 -1.045701e+00 -5.182076e+00 -1.067993e+01 -5.411136e+00 1.128143e-01 
