-1.764586e+01 -2.973917e+01 1.723839e+01 5.705056e+00 -1.553494e+01 -7.557702e+00 -8.026999e+00 4.831889e+00 -1.201690e+01 -8.580529e+00 4.784985e+00 -1.690652e+00 
-1.967921e+01 -3.524582e+01 2.054433e+01 -1.126654e-03 -1.045394e+01 -1.084919e+01 -1.256763e+01 7.082044e+00 -1.140615e+01 -7.555042e+00 2.319101e-01 -3.609965e+00 
-2.004897e+01 -3.778490e+01 2.148357e+01 -1.961091e+00 -4.955847e+00 -7.021265e+00 -1.411250e+01 2.976333e+00 -3.767460e+00 1.406410e+00 -8.699667e-01 -8.735314e+00 
-2.122398e+01 -3.838141e+01 2.449750e+01 -1.510549e+00 -4.110895e-01 -1.055721e+01 -1.537091e+01 3.028007e+00 -5.248944e-01 4.821250e+00 -2.709108e+00 -7.722322e+00 
-2.060203e+01 -3.648145e+01 2.535265e+01 -2.500912e+00 2.431439e+00 -1.086450e+01 -9.145259e+00 4.907905e+00 -4.875017e-01 1.350174e+00 -1.334951e+00 -4.243085e+00 
-2.188006e+01 -3.631822e+01 2.382072e+01 -3.469129e+00 2.849035e+00 -1.304562e+01 -7.973003e+00 4.789610e+00 -1.980091e+00 -1.222753e+00 -2.152070e+00 -7.704991e-01 
-2.187753e+01 -3.861186e+01 2.281777e+01 -5.264380e+00 5.883153e+00 -1.557944e+01 -8.505547e+00 1.467547e+00 -9.898095e-01 -2.092461e+00 2.884012e+00 -3.273147e-01 
-2.244260e+01 -3.573911e+01 2.466160e+01 -4.233183e+00 4.916982e+00 -1.577216e+01 -3.575397e+00 1.061417e+00 3.362694e+00 -2.814470e+00 1.449409e+00 -2.033282e+00 
-2.306708e+01 -3.493796e+01 2.146778e+01 -2.892628e+00 5.268831e+00 -1.631018e+01 -1.986010e+00 4.314725e+00 5.165020e+00 -3.360341e+00 -6.719949e-01 -2.219494e+00 
-2.225677e+01 -3.485214e+01 2.198454e+01 -4.532161e+00 7.017289e+00 -1.834452e+01 -8.776434e-01 -2.311893e+00 2.788094e+00 -2.978975e+00 5.109947e+00 2.012305e+00 
-2.093576e+01 -3.315922e+01 2.429059e+01 -4.880276e+00 4.931364e+00 -2.146652e+01 -1.833914e+00 2.185854e+00 6.800324e+00 -2.256319e+00 3.043443e+00 -1.836163e+00 
-2.282184e+01 -3.639444e+01 2.149632e+01 -9.366325e+00 3.157225e-01 -2.420098e+01 -6.415767e+00 -2.005267e+00 5.993890e+00 -1.538511e+00 1.665958e+00 -1.698633e+00 
-2.399496e+01 -3.506818e+01 2.153454e+01 -7.312238e+00 8.509453e-02 -1.982184e+01 -2.359038e+00 3.157832e+00 1.168879e+01 -5.360250e+00 -1.040489e+00 -2.111225e+00 
-2.225361e+01 -3.169494e+01 2.481959e+01 -7.562770e+00 1.687163e+00 -2.010801e+01 8.992880e-01 -4.055178e-01 5.965222e+00 -6.628129e+00 -1.702058e+00 1.746820e+00 
-2.458341e+01 -3.327264e+01 2.168590e+01 -1.292153e+01 -3.099008e-01 -2.029650e+01 -2.395310e+00 -5.482352e+00 -1.842362e+00 -5.733535e+00 3.289551e-01 2.041873e-01 
-2.581341e+01 -2.817947e+01 2.292225e+01 -9.183617e+00 -2.792876e+00 -1.055351e+01 1.316832e+00 2.492053e+00 2.488329e+00 -7.982302e+00 -2.552727e+00 3.890692e-01 
-2.505367e+01 -2.352678e+01 2.409744e+01 -7.814687e+00 -2.535024e+00 -6.625801e+00 6.383746e-01 8.176586e+00 -1.534608e-01 -2.367820e+00 -1.347151e+00 6.761016e-01 
-2.271502e+01 -2.084727e+01 1.911279e+01 -7.727485e+00 -7.670476e-01 -4.478468e+00 -3.934823e+00 7.371160e+00 -4.305291e+00 -4.247501e+00 -6.117606e+00 2.157816e+00 
-1.854845e+01 -1.763126e+01 1.303092e+01 -1.233025e+00 -5.738647e+00 1.480947e+00 -1.936960e+00 9.613627e+00 -1.968874e+00 -7.183372e+00 -1.305560e+00 3.818867e-01 
-1.720657e+01 -1.656606e+01 8.964615e+00 -1.734782e+00 -1.209093e+01 8.071894e-02 1.135925e-03 6.486728e+00 3.419918e-01 -5.527016e+00 5.353391e+00 2.953739e+00 
-1.375992e+01 -1.828719e+01 -7.249010e-01 -2.352808e+00 -7.628358e+00 1.203752e+00 -2.211063e+00 1.252311e+00 4.005736e-01 -1.702692e+00 3.404727e+00 1.511395e+00 
-4.186655e+00 -2.720308e+01 5.568978e+00 -1.163150e+01 -8.021298e+00 -7.928351e+00 -7.719922e+00 -1.220121e+01 -8.175429e+00 -2.978975e+00 -1.989697e-01 -6.065834e+00 
-5.327533e+00 -2.628251e+01 1.330051e+01 -1.545454e+01 -4.513597e+00 -1.160157e+01 -1.102482e+01 -8.772386e+00 -5.098638e+00 -6.155623e+00 -6.014184e+00 1.098803e+00 
7.210750e+00 -1.337345e+01 1.019434e+01 -4.684418e+00 -2.614126e+00 -2.024374e+00 -6.312308e+00 9.627675e-01 -6.416105e+00 -8.516537e+00 -1.498264e+00 2.063380e+00 
1.520511e+01 -1.669028e+01 -1.117313e+00 2.969272e+00 -2.526292e+00 -1.265755e+01 -2.555238e+00 4.995024e+00 -1.366716e+01 -1.301116e+01 5.259951e+00 -5.247832e+00 
1.512611e+01 -1.403898e+01 -8.497593e-01 9.580934e-01 -7.384889e+00 -1.432705e+01 1.885236e+00 3.601542e+00 -1.693902e+01 -5.746463e+00 4.485809e+00 -1.739333e+00 
1.419002e+01 -1.133246e+01 -5.871613e+00 1.194092e+00 -5.137679e+00 -1.502928e+01 4.066933e+00 7.095709e+00 -1.731668e+01 -2.049476e+00 3.701685e+00 1.004101e+00 
1.544656e+01 -1.173874e+01 -6.843469e+00 1.954235e-01 -3.265945e+00 -1.842636e+01 7.615849e+00 1.084739e+01 -2.107091e+01 3.052424e+00 5.630939e+00 -4.297619e+00 
1.560837e+01 -1.066693e+01 -5.364535e+00 -3.064264e+00 -3.916224e+00 -1.711589e+01 6.326946e+00 1.025165e+01 -1.725000e+01 2.556648e+00 7.607608e+00 -5.212718e+00 
1.310413e+01 -9.050827e+00 -6.790977e+00 -2.806811e+00 -2.478009e+00 -1.765867e+01 5.786159e+00 1.223361e+01 -1.575056e+01 1.875684e+00 5.338418e+00 -1.702623e+00 
1.453197e+01 -1.168413e+01 -6.226821e+00 -2.968065e+00 -5.872707e-01 -2.106789e+01 7.678090e+00 1.501630e+01 -2.159004e+01 4.465417e+00 7.261018e+00 -4.692920e+00 
1.477657e+01 -1.092378e+01 -7.238938e+00 -2.761826e+00 -6.838366e-01 -2.227646e+01 7.024364e+00 1.578543e+01 -2.058542e+01 2.595431e+00 5.958397e+00 -2.030090e+00 
1.477152e+01 -1.118843e+01 -7.556436e+00 -3.221365e+00 -8.682362e-01 -2.180391e+01 6.383827e+00 1.496677e+01 -2.076616e+01 3.392098e+00 7.402150e+00 -5.847168e+00 
1.399092e+01 -9.037024e+00 -5.998000e+00 -6.987654e+00 -2.004938e-01 -2.116504e+01 3.723995e+00 1.404262e+01 -2.160562e+01 3.173297e+00 5.158469e+00 -2.280678e+00 
1.172307e+01 -7.720374e+00 -4.592452e+00 -6.105946e+00 -4.439117e+00 -1.838148e+01 3.602812e+00 7.932738e+00 -1.840107e+01 8.168867e+00 7.213882e+00 -2.913798e+00 
1.185643e+01 -4.653790e+00 -3.008534e+00 -5.279605e+00 -2.328538e+00 -1.912120e+01 3.796539e+00 1.034005e+01 -2.116376e+01 2.727617e+00 6.335486e+00 6.364651e-01 
8.776377e+00 -8.172584e-01 -1.898569e+00 -1.516085e+00 -2.291555e+00 -1.347224e+01 6.161166e-01 2.201655e+00 -1.470730e+01 1.988801e+00 6.896407e+00 5.840556e+00 
8.495108e+00 -1.168325e+00 -9.700310e-01 8.815140e-02 -3.143183e+00 -1.092416e+01 -7.758336e-01 7.227623e-01 -1.385599e+01 7.157496e-01 9.334732e+00 2.099825e+00 
7.040725e+00 -2.487977e+00 -4.384912e-01 6.438900e-01 -6.458266e-01 -1.278744e+01 -2.268357e+00 1.436372e+00 -1.446487e+01 -3.297965e+00 8.291359e+00 4.501427e+00 
4.537113e+00 -1.212734e+00 1.630590e+00 5.622248e-01 -3.887973e+00 -1.195744e+01 -3.758820e+00 -1.008093e+00 -1.215214e+01 -5.599734e+00 7.930629e+00 8.697845e+00 
6.074928e+00 -3.185310e+00 1.054713e+00 5.712218e-01 -6.889731e-01 -6.750935e+00 1.466043e+00 -3.293693e+00 -1.570631e+01 -3.704216e+00 5.742957e+00 4.040153e+00 
7.016706e+00 -4.233109e+00 3.326624e+00 5.574253e+00 1.364078e+00 -1.111477e+01 -1.894505e+00 -3.581528e+00 -2.188544e+01 -6.943887e+00 6.426709e+00 1.898716e+00 
4.360767e+00 -3.307733e+00 4.555842e+00 4.873870e+00 8.894672e+00 -3.269373e+00 1.083123e+00 -1.207528e+00 -1.849517e+01 -1.095415e+00 8.774366e+00 6.375291e-01 
4.071913e+00 -2.096702e+00 6.517392e+00 9.683812e+00 1.062413e+01 -3.557655e+00 -2.279898e+00 2.872559e+00 -1.696955e+01 -9.062407e+00 7.241887e+00 1.277300e+00 
1.115743e+00 -8.262877e+00 1.767106e+01 2.679890e+01 9.333328e+00 -1.254403e+01 1.218320e+00 5.787639e+00 -1.877811e+01 -1.142138e+01 -4.397499e-02 -6.197247e+00 
-1.755062e-02 -9.884986e+00 2.146013e+01 2.890143e+01 7.954696e+00 -1.282334e+01 1.993228e+00 4.184046e+00 -1.886412e+01 -7.090940e+00 1.878903e+00 -8.008556e+00 
-3.841486e-01 -7.565544e+00 2.091942e+01 2.990010e+01 9.142251e+00 -1.303665e+01 3.956055e+00 3.226588e+00 -1.808510e+01 -6.547655e+00 3.387259e+00 -6.790465e+00 
-5.952585e-01 -5.850418e+00 2.204161e+01 2.741277e+01 1.049160e+01 -1.217708e+01 4.419764e+00 2.231976e+00 -2.054679e+01 -7.222478e+00 1.920493e+00 -3.016215e+00 
-3.278948e-01 -3.914448e+00 2.063199e+01 2.274194e+01 8.935764e+00 -1.034390e+01 5.204977e+00 4.736655e+00 -1.906417e+01 -6.322067e+00 1.823725e+00 -1.598610e+00 
-1.818937e+00 -5.183090e+00 2.371573e+01 2.145329e+01 3.441271e+00 -2.611499e+00 7.042500e+00 1.940224e-02 -1.766880e+01 -4.312463e+00 1.250605e+00 -3.455143e+00 
-3.462940e+00 -6.918621e+00 2.584138e+01 1.914521e+01 -1.468177e+00 2.344209e+00 8.889915e+00 2.995505e-01 -8.509470e+00 -3.218137e+00 -8.835976e+00 -5.833335e+00 
-4.046968e+00 -5.537758e+00 2.303640e+01 1.469653e+01 5.699783e-01 1.857403e+00 9.380003e+00 3.097999e-01 -9.204973e+00 -2.427933e+00 -3.677063e+00 -1.358131e+00 
-7.152938e+00 -4.308124e+00 2.267202e+01 1.408681e+01 6.040330e+00 -1.050234e+00 5.829850e+00 5.617243e+00 -9.049793e+00 -1.458359e+00 1.535918e+00 -1.692248e+00 
-9.119294e+00 -1.123317e+00 1.476976e+01 1.343280e+01 1.145161e+01 1.040027e+01 8.578302e+00 6.718619e+00 4.174002e-01 -4.092798e-01 1.539968e-01 -2.167887e+00 
-9.236858e+00 7.160337e-01 7.798591e+00 7.847729e+00 5.715191e+00 5.892297e+00 5.959689e+00 5.478451e+00 3.111540e+00 -1.369350e-02 -1.699286e+00 -2.618253e+00 
-1.092447e+01 -1.540996e+00 5.023679e+00 6.036561e+00 5.957633e+00 2.637771e+00 2.600790e+00 4.363836e+00 2.602377e+00 1.728308e+00 -1.864262e+00 -4.529054e+00 
-1.254003e+01 -5.151884e+00 7.275327e-01 4.480078e+00 3.844998e+00 1.108186e+00 3.893815e+00 4.631173e+00 3.114656e+00 6.808449e-01 -5.910316e-01 -7.324587e-01 
-1.262536e+01 -5.432738e+00 4.883251e-03 4.750680e+00 4.499899e+00 5.573391e+00 4.392972e+00 1.205762e+00 1.415161e+00 4.284324e-01 1.247001e+00 -8.763738e-01 
-1.256848e+01 -4.522364e+00 1.133705e+00 3.378982e+00 3.047817e+00 3.926065e+00 6.128191e-01 6.377783e-01 1.109787e+00 -2.447648e+00 -2.093843e+00 -9.535188e-01 
-1.358231e+01 -4.719202e+00 -5.149351e-01 -1.270398e+00 -1.763011e+00 -1.995335e+00 -8.149912e-01 1.960369e+00 1.438219e+00 -1.191726e+00 1.129607e-01 -3.730696e-01 
-1.430982e+01 -6.259696e+00 -1.615727e+00 -1.235102e+00 -4.140688e+00 -2.967363e+00 -2.847890e+00 -2.140217e+00 -1.443507e+00 -3.696137e+00 -3.821521e+00 -4.785494e+00 
-1.333454e+01 -5.156085e+00 -1.362443e+00 8.259065e-01 -7.824570e-01 2.348433e+00 -1.905222e+00 -2.636882e+00 -1.564410e+00 -2.866504e+00 1.480463e+00 -1.128824e+00 
-1.235610e+01 -4.660991e+00 -1.034244e+00 -7.374976e-01 6.542165e-01 1.455075e+00 -3.624859e+00 -2.501078e+00 -1.176773e+00 -2.887835e+00 -1.244006e+00 9.176450e-01 
-1.328524e+01 -5.093673e+00 5.196053e-01 -2.682687e-01 -2.310560e+00 -1.801506e-02 -2.235051e-01 1.468401e+00 -1.892219e+00 -3.738152e+00 -2.848853e+00 -1.290562e+00 
-1.394511e+01 -5.668583e+00 -2.122295e+00 -3.314104e+00 -2.092259e+00 6.055403e-01 -4.971963e-01 -2.452821e+00 1.517367e+00 1.984599e+00 5.787767e-01 7.330292e-01 
-1.397925e+01 -5.309114e+00 -9.435304e-01 -1.421271e+00 4.533802e-01 1.710094e+00 -2.115849e+00 -2.025339e+00 -8.396158e-01 2.322011e+00 4.255673e+00 -7.459851e-02 
-1.420489e+01 -4.987453e+00 -1.042907e+00 -1.538924e+00 8.663547e-02 1.420756e+00 1.258301e+00 1.699438e+00 -2.341553e+00 -1.746969e+00 7.764712e-01 6.979150e-01 
-1.465050e+01 -6.540549e+00 -2.753212e+00 -2.384643e+00 -2.183689e+00 -1.209687e+00 1.026653e+00 9.712631e-02 -3.252688e+00 -2.692627e+00 1.303287e+00 -2.323773e+00 
-1.522315e+01 -6.419326e+00 -1.126486e+00 1.992750e+00 -8.456357e-01 1.637231e+00 1.870809e+00 3.399545e+00 1.618950e+00 -1.891759e+00 3.884406e-04 -3.201895e+00 
-1.283458e+01 -5.301313e+00 -2.447436e+00 -4.472756e-02 -3.566428e-01 -7.566721e-01 -1.469542e+00 -3.222375e+00 -2.666246e+00 -5.478214e+00 -6.544604e+00 -2.520891e+00 
-1.517701e+01 -8.023432e+00 -5.041942e+00 -6.253809e-01 -1.982852e+00 1.591296e+00 5.396643e+00 4.327537e+00 1.221342e+00 -3.586251e+00 -1.974893e+00 -9.692138e-01 
-1.335793e+01 -5.160286e+00 -2.954514e+00 -8.786815e-01 -2.290014e+00 1.734909e+00 2.733925e+00 5.347772e+00 2.797442e+00 -1.530108e+00 -2.875471e+00 -5.359559e+00 
-1.392552e+01 -4.958648e+00 -3.957458e+00 -1.992235e+00 -2.813935e+00 -2.553948e+00 -1.922946e+00 5.019748e-01 -3.277616e+00 -2.929309e-01 -1.524050e+00 -3.262015e+00 
-1.482495e+01 -5.479547e+00 -2.033111e+00 -4.828129e-01 -5.323104e-01 2.855788e-01 -1.883788e+00 4.464576e-01 1.146557e+00 -2.162270e+00 -2.267415e+00 1.473089e+00 
-1.502089e+01 -6.230890e+00 -3.314820e+00 -2.579809e+00 -2.075309e+00 -1.637401e-01 -3.486365e+00 -3.401738e+00 -3.950060e+00 -2.223353e+00 -1.353528e+00 -1.457355e+00 
-1.461321e+01 -5.514353e+00 -2.399022e+00 4.023548e-01 1.057944e+00 -1.273516e-02 -2.052372e+00 -3.120736e+00 -2.797744e+00 -2.480937e+00 2.255329e-01 7.503203e-01 
-1.479082e+01 -5.225098e+00 -3.272011e+00 -2.409558e+00 -4.142229e+00 -4.387126e+00 -6.131359e+00 -2.606134e+00 -3.669616e+00 -3.678038e+00 8.308164e-01 1.036023e+00 
-1.501204e+01 -5.218497e+00 -1.794606e+00 -8.454617e-01 -2.856568e+00 -2.383407e+00 -5.552650e+00 -3.115184e+00 -1.515911e-01 -2.231433e+00 -2.986102e+00 -4.983637e-01 
-1.536221e+01 -6.616764e+00 -4.058363e+00 -4.170896e+00 -8.493855e+00 -3.203902e+00 -4.422850e+00 -2.402001e+00 -4.569644e-01 1.507245e+00 -3.595099e-01 3.074511e+00 
-1.543426e+01 -6.461334e+00 -3.952361e+00 -1.173507e+00 -4.328683e+00 -4.015950e+00 -6.557147e+00 -5.071524e+00 -3.310646e+00 -3.690966e+00 -3.487964e+00 -4.531408e-01 
-1.586723e+01 -6.379718e+00 -2.750154e+00 7.207106e-01 -6.038104e+00 -3.585111e+00 -5.600052e+00 -4.897286e+00 -1.877885e+00 -9.793895e-01 -3.242856e+00 -2.519827e+00 
-1.598985e+01 -6.539949e+00 -3.848907e+00 -8.627637e-01 -5.099155e+00 -2.862293e+00 -3.610021e+00 -1.877196e-01 -3.530016e+00 -4.462747e+00 -2.154011e+00 2.728602e-02 
-1.573070e+01 -6.443330e+00 -5.293187e+00 -5.134269e+00 -6.361188e+00 -4.044990e+00 -5.472687e+00 -8.210427e-01 -3.420954e+00 -5.870892e+00 -4.278464e+00 -2.855275e+00 
-1.582993e+01 -7.599751e+00 -1.746701e+00 -9.707279e-01 -8.515942e+00 -2.953108e+00 -4.406363e+00 -3.841178e+00 -1.226006e+00 -7.945240e-01 -1.657140e+00 -1.497524e+00 
-1.575219e+01 -7.603951e+00 -3.057968e+00 1.550512e+00 -3.762129e+00 -1.531803e-01 -6.381637e-01 1.283014e-01 -1.417955e+00 2.653606e+00 -2.463831e-01 -3.753082e+00 
-1.547471e+01 -5.949436e+00 -1.956667e+00 9.650142e-01 -3.379975e+00 -2.314769e+00 -4.272403e+00 -5.142843e+00 -3.435912e+00 6.064053e-02 -2.096146e-02 -8.029531e-01 
-1.649550e+01 -6.175679e+00 -4.110855e+00 -1.078000e+00 -4.345634e+00 -5.153810e-01 -2.170669e+00 -3.482924e-01 -8.595585e-01 -4.100449e+00 -2.567422e+00 -2.331221e+00 
-7.943652e+00 -1.587893e+01 1.121869e+01 2.839853e+00 -1.341563e+01 -7.578294e+00 -1.184549e+01 1.336441e+00 -5.781677e+00 -4.265600e+00 4.978797e+00 -2.526212e+00 
-3.615268e+00 -2.545075e+01 1.760175e+01 -4.584759e+00 -1.096450e+01 -1.183442e+01 -1.758311e+01 -4.947678e+00 -1.007747e+01 -4.500560e+00 3.234760e+00 -5.218038e+00 
3.092212e+00 -1.790071e+01 1.919485e+01 1.076830e+01 3.168524e+00 -1.663800e-01 -1.763216e+01 -9.193462e+00 -1.475653e+01 -5.486617e+00 4.124801e+00 -1.640907e+00 
1.058788e+01 -1.314841e+01 4.412127e+00 6.868439e+00 1.702007e+01 -9.118439e+00 -1.226633e+01 5.596272e-01 -2.463380e+01 -8.976115e+00 -1.249383e-01 4.627559e-01 
1.172117e+01 -1.113322e+01 1.067963e+00 3.495251e+00 1.733596e+01 -9.834393e+00 -1.315830e+01 -1.036706e+00 -2.404424e+01 -5.882527e+00 9.048479e-01 -2.929493e+00 
1.251947e+01 -1.351748e+01 -5.551956e-01 2.083412e+00 1.812647e+01 -1.168447e+01 -1.727974e+01 7.384399e+00 -2.515667e+01 -8.019145e+00 6.885870e+00 -7.806650e+00 
1.243730e+01 -1.276554e+01 -2.249192e+00 3.925031e+00 1.733699e+01 -1.433233e+01 -1.632512e+01 5.851270e+00 -2.331633e+01 -9.229174e+00 8.147455e+00 -6.102811e+00 
1.247712e+01 -1.435524e+01 -1.811933e+00 3.947870e+00 1.554231e+01 -1.528324e+01 -1.615942e+01 3.383317e+00 -2.261273e+01 -9.346493e+00 8.148842e+00 -5.302897e+00 
1.251378e+01 -1.670049e+01 -1.069408e+00 6.822762e+00 1.323038e+01 -1.906681e+01 -1.185620e+01 3.709160e+00 -2.876818e+01 -3.373268e+00 7.022010e+00 -8.528088e+00 
1.081226e+01 -1.687152e+01 4.350075e-01 6.099540e+00 1.500400e+01 -2.086726e+01 -1.268305e+01 5.341793e+00 -2.915270e+01 -3.913968e+00 6.610262e+00 -6.796317e+00 
8.779537e+00 -1.498896e+01 7.147921e-01 7.714158e+00 9.155092e+00 -1.739256e+01 -6.744691e+00 -1.164822e+00 -2.480705e+01 -1.491971e+00 1.701726e+00 -4.381148e+00 
8.059614e+00 -1.050130e+01 -1.559158e+00 5.213681e+00 1.044281e+01 -1.447014e+01 -8.313056e+00 -3.315046e+00 -2.455091e+01 2.130035e+00 4.372405e+00 -5.424201e+00 
