-1.666055e+01 -3.527752e+01 1.694802e+01 3.595101e+00 -2.116564e+01 -1.567593e+00 -6.757762e+00 2.311931e+00 -2.164311e+00 -4.615701e+00 2.191912e+00 -4.702373e-01 
-1.832211e+01 -3.647552e+01 2.226200e+01 4.763817e+00 -1.428063e+01 -1.350981e+00 -1.017773e+01 2.803252e+00 -6.588938e+00 -7.468812e+00 8.687670e-01 -9.643788e+00 
-1.675177e+01 -3.695691e+01 2.434530e+01 3.844591e+00 -1.359286e+01 -2.094224e+00 -8.863998e+00 9.674624e+00 -4.380886e-02 -6.394140e+00 3.763657e+00 -3.686717e+00 
-1.882290e+01 -3.664713e+01 2.583406e+01 1.076521e-01 -9.973965e+00 -6.114727e+00 -9.032384e+00 8.872243e+00 -3.765691e+00 -4.645984e+00 6.561638e-01 -4.270802e+00 
-2.052487e+01 -3.792226e+01 2.423654e+01 -1.744086e+00 -7.284407e+00 -1.156040e+01 -1.147981e+01 5.109564e+00 -1.552475e+00 -2.636793e+00 1.290599e+00 -4.814462e+00 
-1.761622e+01 -3.557059e+01 2.692163e+01 1.209386e-01 -3.048845e+00 -9.339266e+00 -5.942354e+00 7.791620e+00 2.698991e+00 -2.983421e+00 3.480749e+00 -8.340372e+00 
-1.998918e+01 -3.788691e+01 2.353627e+01 1.581957e+00 -2.841009e+00 -1.103033e+01 -1.186079e+01 7.294115e+00 4.627934e+00 -9.594641e-01 -5.334017e-01 -8.391499e+00 
-2.087873e+01 -3.880148e+01 1.924460e+01 -9.813452e-01 -2.485501e+00 -8.825242e+00 -1.050647e+01 6.087927e+00 5.638401e+00 -1.257039e+00 -4.588781e-01 -6.653512e+00 
-2.001795e+01 -3.512327e+01 2.157623e+01 1.076087e+00 1.677137e+00 -8.233284e+00 -6.567272e+00 2.798021e+00 2.968112e+00 -3.155609e+00 2.890747e+00 -3.958101e+00 
-2.050834e+01 -3.528716e+01 2.147895e+01 -3.503311e+00 -1.774484e+00 -1.324917e+01 -2.102020e+00 4.883166e+00 4.902827e+00 -1.970316e+00 5.994866e+00 -8.217314e+00 
-2.063384e+01 -3.239690e+01 2.236834e+01 -4.785208e+00 -2.069374e+00 -9.899134e+00 -3.606887e-01 9.254803e-01 2.316594e+00 -3.521007e+00 4.203206e+00 -7.835355e+00 
-2.412226e+01 -3.301519e+01 2.296771e+01 -5.336350e+00 -3.478931e-01 -1.052719e+01 1.927195e+00 3.937145e+00 5.362809e-01 -4.230280e+00 3.368541e+00 -1.144984e+01 
-2.331474e+01 -2.631690e+01 2.691559e+01 -6.478001e+00 -1.478227e+00 -5.509016e+00 2.733762e+00 3.942377e+00 -4.561150e+00 -1.944538e+00 5.737267e+00 -6.877931e+00 
-2.299272e+01 -2.342857e+01 2.409999e+01 -5.291078e+00 1.917502e-01 -4.001900e+00 -1.250444e+00 7.752143e+00 -5.978906e+00 1.739228e+00 -3.220189e+00 -8.582032e+00 
-1.929370e+01 -2.055117e+01 1.332157e+01 -5.743859e-01 -2.787683e+00 -3.973248e+00 -7.627423e+00 7.069144e+00 -2.789495e+00 -2.254138e-01 -1.087407e+00 -4.381349e-01 
-1.841333e+01 -1.649697e+01 9.447410e+00 -1.545774e+00 -6.405208e+00 -3.293040e+00 -4.067599e+00 4.852250e+00 -3.700394e+00 -2.823246e+00 -5.078105e-01 -3.925404e+00 
-1.857005e+01 -1.776696e+01 7.904873e+00 3.839178e+00 -7.572461e+00 -2.242643e+00 6.958452e-01 2.286722e+00 -3.111647e+00 -7.542404e-01 -2.850834e-01 -5.617616e+00 
-1.852475e+01 -1.954469e+01 1.331855e+01 -7.244737e-01 -1.115079e+01 -4.896905e-01 2.273211e+00 2.066508e+00 -7.759580e+00 -3.162628e-01 3.094181e-01 -2.509036e+00 
-3.292760e+00 -2.842626e+01 5.451799e+00 -1.029761e+01 -7.184136e+00 -2.762398e+00 -8.447252e+00 -2.897603e+00 -1.172677e+01 -7.532131e+00 -5.426650e+00 -5.632775e+00 
-3.276842e+00 -2.346520e+01 1.381038e+01 -1.647975e+01 -5.746606e+00 -7.659091e+00 -8.024076e+00 -5.330906e+00 -1.323436e+01 -4.743841e+00 2.592934e+00 -4.703887e+00 
5.228705e+00 -1.210536e+01 1.441579e+01 -9.098877e+00 -4.979073e+00 4.318180e+00 -2.768734e+00 2.472374e-01 -6.555027e+00 -3.669669e+00 1.889881e+00 -1.639893e+00 
1.342325e+01 -1.230781e+01 1.752738e-01 -6.385980e+00 5.445239e-01 -1.424570e+01 -3.703499e+00 1.417643e+01 -1.307274e+01 -1.168616e+01 7.453279e+00 -6.432659e+00 
1.288633e+01 -1.148065e+01 5.263172e-01 -7.175786e+00 -7.048313e+00 -9.306029e+00 -1.346492e+00 7.534782e+00 -4.771107e+00 -1.057970e+01 7.276109e+00 -3.289004e+00 
1.391975e+01 -9.276161e+00 -6.205135e+00 -5.400322e+00 -3.975901e+00 -1.455916e+01 1.726257e+00 9.671770e+00 -4.704729e+00 -7.340922e+00 6.943143e+00 -1.540614e+00 
1.518398e+01 -8.556972e+00 -7.052835e+00 -6.337263e+00 -2.349679e+00 -1.870458e+01 6.823660e+00 8.599234e+00 -1.321954e+00 -5.312211e+00 2.525722e+00 3.437632e+00 
1.533888e+01 -8.346807e+00 -6.445609e+00 -7.594063e+00 -1.683328e+00 -1.795905e+01 5.050581e+00 9.547156e+00 -2.368858e+00 -3.013954e+00 -3.511704e-01 8.029758e+00 
1.565417e+01 -8.004244e+00 -6.621432e+00 -8.570372e+00 -2.748486e+00 -1.375976e+01 1.545011e+00 1.190484e+01 -2.733939e+00 -3.412389e+00 4.410296e-01 6.414236e+00 
1.599885e+01 -9.308296e+00 -6.788193e+00 -8.937963e+00 -1.800919e+00 -1.456775e+01 8.172119e-01 1.400805e+01 -3.423697e+00 -2.848274e+00 1.543417e+00 5.239824e+00 
1.464829e+01 -8.808912e+00 -6.846801e+00 -9.946258e+00 1.136126e+00 -1.859341e+01 1.070394e+00 1.818928e+01 -6.308995e+00 -3.297764e+00 2.105577e+00 3.879634e+00 
1.333876e+01 -9.982496e+00 -6.411169e+00 -8.101409e+00 -2.522419e+00 -1.530412e+01 -1.386906e-02 1.801853e+01 -5.592540e+00 -3.994023e+00 9.410408e-01 3.019410e+00 
1.516807e+01 -1.245306e+01 -4.951409e+00 -9.124466e+00 -4.394763e+00 -1.218445e+01 -2.939130e+00 1.756384e+01 -3.854436e+00 -6.680202e+00 4.332005e+00 8.382592e-02 
1.481053e+01 -1.189583e+01 -2.890464e+00 -1.062879e+01 -8.271172e+00 -1.113806e+01 -9.184935e-01 1.089032e+01 -4.653863e+00 -1.102871e+00 4.219517e+00 -5.254680e+00 
1.411934e+01 -1.030449e+01 -3.072934e+00 -8.790336e+00 -8.698237e+00 -1.202858e+01 2.252314e+00 1.094597e+01 -6.082803e+00 3.112976e+00 1.740553e+00 -2.381518e+00 
1.497767e+01 -7.341612e+00 -9.000793e+00 -1.197859e+01 -6.843213e+00 -1.457864e+01 -5.696405e+00 1.530081e+01 -9.233230e-01 -4.012794e+00 1.217200e+00 3.910250e+00 
9.775038e+00 -6.822948e+00 -4.844464e+00 -7.963131e+00 -1.268221e+01 -1.316207e+01 1.801006e+00 4.575436e+00 -6.521117e+00 2.919515e+00 1.366810e+00 -4.512137e-01 
8.113478e+00 -2.190315e+00 -5.756210e+00 -9.222884e+00 -1.436540e+01 -1.327668e+01 5.179182e+00 1.013741e+01 -3.886543e+00 -1.060074e+00 -5.798032e-01 3.923654e-01 
2.823300e+00 2.682689e+00 -5.794879e+00 -1.208193e+01 -1.259743e+01 -9.959304e+00 4.547192e-01 5.969496e+00 5.184936e+00 4.518008e+00 6.033112e+00 6.630332e+00 
6.033967e-01 3.317684e+00 -5.493381e+00 -1.492671e+01 -1.543102e+01 -7.496345e+00 9.771588e-01 2.262465e+00 9.695444e-01 3.121724e-01 1.588974e+00 4.293398e+00 
-2.537895e+00 2.103610e+00 -4.860778e+00 -1.438295e+01 -1.355001e+01 -4.713625e+00 -1.361763e+00 6.096645e-01 2.214501e+00 5.749590e-01 -1.796255e-01 6.693970e-01 
-4.436996e+00 -1.336529e-01 -7.290892e+00 -1.590646e+01 -1.413888e+01 -6.347384e+00 -1.265715e+00 2.279588e+00 4.299288e+00 1.116549e+00 -3.376548e+00 -2.648416e-01 
-6.723631e+00 -2.215381e+00 -5.280701e+00 -1.544439e+01 -1.489411e+01 -7.838454e+00 -5.921696e-01 -2.398039e-01 1.065144e+00 -6.418679e-01 -2.160828e+00 7.624345e-01 
-7.528086e+00 -3.611341e+00 -4.917573e+00 -1.153473e+01 -1.217219e+01 -6.505545e+00 4.215388e-03 4.759503e+00 3.597986e+00 -2.847284e-01 -2.483670e+00 -3.875764e+00 
-1.045510e+01 -4.088230e+00 -1.862711e+00 -1.902583e+01 -8.679550e+00 -1.018680e+01 -5.860773e+00 8.474619e+00 1.600162e-01 -1.730305e+00 -1.925446e+00 -3.730384e-01 
-1.308274e+01 -7.002906e+00 -4.919990e+00 -1.904748e+01 -8.020493e+00 -6.164582e+00 -4.761641e+00 8.162608e+00 -2.274341e+00 -1.838923e+00 -3.651301e+00 9.244600e-02 
-1.195687e+01 -5.432130e+00 -6.098190e+00 -1.179012e+01 -9.940693e+00 -1.114207e+01 -4.987093e+00 5.970448e+00 3.685649e+00 1.406866e+00 -2.074664e-01 -3.789833e-01 
-1.701318e+01 -9.377708e+00 6.515201e+00 -1.558611e+01 -2.243937e+00 -1.564050e+01 -3.435045e+00 1.264491e+01 -1.258645e+01 9.989213e-01 -2.220729e+00 -2.095541e-01 
-1.930472e+01 -1.075439e+01 2.143001e+01 -2.373268e+01 -2.004653e+00 -2.655238e+00 -1.706952e+01 7.987103e+00 -1.008535e+01 -7.846223e+00 1.486047e+00 1.742151e+00 
-1.832945e+01 -8.945809e+00 2.229704e+01 -2.199461e+01 7.250127e-01 4.684452e-01 -1.800669e+01 4.797553e+00 -1.367772e+01 -8.263429e+00 1.853885e+00 3.959890e+00 
-1.504980e+01 -5.759911e+00 5.639707e+00 -1.179406e+01 -1.883871e+00 -1.974457e+00 -1.240815e+01 2.215854e+00 -7.856622e+00 -6.673194e+00 -3.255060e+00 -3.457245e+00 
-8.271318e+00 -6.535015e+00 2.267637e+00 -2.568338e+00 -3.454945e+00 -7.439613e+00 -4.416027e+00 1.884343e+00 -1.800314e+01 -1.109026e+01 2.746199e+00 -5.635747e+00 
-7.193814e+00 -7.204073e+00 7.843848e+00 3.685153e+00 -3.423496e+00 -2.138922e+00 -2.301351e+00 -1.243851e+00 -1.258645e+01 -1.091807e+01 -1.015415e+00 -2.790229e+00 
-9.381883e+00 -2.108912e+01 2.365892e+01 8.516010e+00 -1.144705e+01 6.906636e+00 7.285819e+00 5.352133e+00 -2.805368e+00 -2.767936e+00 6.471536e+00 -1.575986e+00 
-1.506878e+01 -3.168286e+01 2.574585e+01 1.355103e+00 -8.034165e+00 2.530844e+00 3.986010e+00 1.319331e+01 2.216665e+00 -2.686848e+00 8.496609e+00 -5.519795e-01 
-1.725440e+01 -3.478070e+01 1.955577e+01 -3.584998e+00 -9.319465e+00 -6.116446e+00 -6.525477e+00 5.931921e+00 -4.746215e+00 -5.525693e+00 3.067635e+00 3.911764e-01 
-1.656565e+01 -3.500694e+01 2.251335e+01 -3.992450e+00 -5.958999e+00 -7.677428e+00 -3.029552e+00 4.102188e+00 -9.380440e+00 -3.329048e+00 3.961075e+00 -4.537133e+00 
-1.857434e+01 -3.806622e+01 1.872498e+01 -8.405028e+00 -5.989537e+00 -1.068478e+01 -5.049384e+00 5.808259e+00 -2.946061e+00 -2.726391e+00 2.808068e+00 -4.664353e+00 
-1.757581e+01 -3.558152e+01 1.615651e+01 -7.803694e+00 -1.331010e+00 -8.434997e+00 -1.700546e+00 3.745468e+00 -2.139058e+00 -1.178453e+00 3.221463e+00 -1.550125e+00 
-1.958450e+01 -3.631485e+01 1.210531e+01 -4.808829e+00 -2.663255e+00 -8.510066e+00 -4.524533e+00 2.477448e+00 -6.522921e+00 2.120394e+00 4.304164e+00 -2.659441e+00 
-1.891779e+01 -3.838308e+01 1.612448e+01 -8.136347e+00 -2.402549e+00 -1.381076e+01 -4.638666e+00 -1.308060e+00 -5.950384e-01 -1.021282e+00 8.321408e+00 5.308812e-01 
-1.852414e+01 -3.579554e+01 1.614865e+01 -5.640954e+00 -2.750765e+00 -1.493909e+01 -7.924812e+00 -3.441244e+00 -3.653497e+00 -4.896007e+00 5.308968e+00 -3.253632e+00 
-1.955511e+01 -3.631292e+01 1.666102e+01 -5.539584e+00 -1.427180e+00 -1.384571e+01 -2.136018e-01 -1.489749e+00 2.087877e+00 -5.645335e-01 9.629368e+00 -5.869976e+00 
-1.882229e+01 -3.437516e+01 1.530941e+01 -6.207351e+00 -1.322806e+00 -1.306178e+01 -3.278715e+00 -5.505937e+00 -3.665762e+00 3.136741e-01 6.730822e+00 -2.727510e+00 
-2.030753e+01 -3.512841e+01 1.641813e+01 -6.480462e+00 -3.410734e+00 -1.131685e+01 -1.122647e+00 -2.455114e-01 1.785205e+00 -4.110900e+00 5.823884e+00 -5.759995e+00 
-1.910942e+01 -3.266363e+01 2.023912e+01 -6.222114e+00 -4.280362e+00 -9.710028e+00 4.728678e+00 -9.299375e-01 -4.298139e-01 -8.040185e+00 1.043957e+01 -2.883563e+00 
-2.337903e+01 -3.543884e+01 1.431066e+01 -1.139743e+01 -4.246179e+00 -1.055814e+01 3.214406e+00 -1.827444e+00 -4.116703e+00 -4.144938e+00 5.040682e+00 -5.546277e+00 
-2.151911e+01 -2.884466e+01 2.265957e+01 -8.866611e+00 -2.430638e-01 -1.310705e+01 5.580255e+00 -2.846235e+00 -1.635786e-01 6.547960e-01 3.867147e+00 -2.975114e+00 
-2.247968e+01 -2.448004e+01 2.400513e+01 -8.502954e+00 1.817231e-01 -6.931893e+00 4.659555e+00 -1.239570e+00 -1.569430e+00 -6.546806e+00 2.382299e+00 -3.907272e+00 
-2.163482e+01 -2.784397e+01 2.189646e+01 -1.023173e+00 4.515448e-01 -9.562755e+00 -1.740733e+00 9.950963e+00 3.356282e+00 -1.006664e+01 -1.495459e+00 2.606862e-01 
-1.930594e+01 -2.838705e+01 1.385146e+01 3.653660e+00 -9.297132e+00 -1.224233e+01 -3.880325e+00 9.796860e+00 -3.595776e+00 -7.756626e+00 -7.989980e+00 -5.715976e-01 
-1.805395e+01 -1.824000e+01 1.128903e+01 1.084945e+00 -6.989062e+00 -2.208834e+00 2.356964e-01 7.143817e+00 -6.453656e+00 -6.271506e+00 1.344312e+00 -5.285594e+00 
-1.727338e+01 -1.771940e+01 7.107322e+00 1.305894e+00 -1.094751e+01 -1.643809e+00 1.835969e+00 3.389224e+00 -2.329536e+00 -3.194151e+00 3.186310e+00 -6.955484e-01 
-1.394842e+01 -1.452643e+01 4.737628e+00 1.018020e+00 -1.146209e+01 -2.260886e-01 8.329894e+00 -2.957707e-02 -2.801039e+00 -1.748074e+00 1.309722e+00 -1.308169e+00 
-4.144968e+00 -2.306608e+01 8.538685e+00 -1.584741e+01 -6.452609e+00 -9.703725e+00 -7.137536e+00 3.461676e-01 -5.973855e+00 -1.162948e-01 -7.266006e-01 6.910958e-01 
-5.671645e-01 -1.946500e+01 1.265936e+01 -1.094225e+01 -4.586477e-01 -7.599494e+00 -6.579731e+00 -1.160141e+00 -1.304278e+00 1.522742e+00 -4.931870e-01 -2.766152e+00 
1.147639e+01 -1.201474e+01 5.116465e+00 -1.317585e+01 -5.493479e-01 -9.261332e+00 -8.589918e+00 1.043991e+01 -1.044141e+01 -8.488173e+00 -1.546360e+00 -4.768389e+00 
1.336080e+01 -1.390622e+01 1.130407e-01 -1.060910e+01 3.337999e+00 -2.156982e+01 -5.752266e+00 1.780736e+01 -1.460305e+01 -5.073700e+00 2.484663e+00 -4.327576e+00 
1.112437e+01 -1.132061e+01 -3.599801e+00 -9.499931e+00 1.514423e+00 -2.029422e+01 -5.518776e+00 2.152485e+01 -1.461856e+01 -3.617863e+00 4.450399e+00 -6.188027e+00 
1.162026e+01 -1.082316e+01 -4.564113e+00 -1.123603e+01 3.036273e+00 -2.273941e+01 -4.780127e+00 2.296077e+01 -1.467556e+01 -8.761233e-01 3.440253e+00 -3.904894e+00 
1.303816e+01 -1.228339e+01 -4.372580e+00 -1.223399e+01 3.139279e+00 -2.578230e+01 -1.625395e+00 2.020261e+01 -1.348869e+01 -9.329352e-01 4.619694e+00 -5.599186e+00 
1.329897e+01 -1.133411e+01 -5.591866e+00 -1.565353e+01 8.297795e+00 -2.977243e+01 -1.990299e+00 2.480857e+01 -1.636677e+01 6.338943e-03 3.952919e+00 -5.577785e+00 
1.389649e+01 -1.253983e+01 -5.774336e+00 -1.522049e+01 8.703440e+00 -3.064747e+01 -1.399942e+00 2.566375e+01 -1.795552e+01 2.923520e+00 2.016712e+00 -2.414214e+00 
1.159945e+01 -9.629649e+00 -8.106569e+00 -1.199090e+01 4.253205e+00 -2.596281e+01 -3.328548e+00 2.478574e+01 -1.637759e+01 2.354900e+00 8.665172e-01 -1.987372e+00 
1.470645e+01 -1.265166e+01 -5.901219e+00 -1.179111e+01 1.380424e+00 -2.706650e+01 -2.995392e+00 2.268062e+01 -1.692269e+01 3.554958e+00 1.234917e+00 -3.808587e+00 
1.183576e+01 -8.979873e+00 -6.093961e+00 -1.095012e+01 -7.986594e-01 -2.377147e+01 -1.169265e+00 1.886467e+01 -1.243818e+01 3.118482e+00 -1.925165e+00 -2.001640e+00 
1.388363e+01 -7.990104e+00 -9.095654e+00 -1.692263e+01 -5.968571e+00 -2.126611e+01 1.065572e+00 1.407226e+01 -1.138875e+01 4.715223e+00 -3.173787e+00 -6.322354e-01 
9.648309e+00 -2.908219e+00 -1.267436e+01 -1.561810e+01 -1.192197e+01 -2.067300e+01 1.406363e+00 1.289271e+01 -2.166836e+00 1.482448e+00 2.263343e+00 6.093509e+00 
5.793170e+00 -2.827610e-01 -7.495113e+00 -1.085810e+01 -1.559419e+01 -1.775046e+01 -3.677377e+00 9.098166e+00 2.464502e+00 -3.028971e+00 2.078861e+00 4.999353e+00 
2.771873e+00 2.680390e-01 -3.920030e+00 -8.405520e+00 -1.298439e+01 -1.496258e+01 -4.593254e+00 4.995414e+00 6.935689e-01 -4.004034e+00 3.188279e+00 5.597409e+00 
8.611405e-01 -1.593612e-01 -3.820336e+00 -7.593571e+00 -1.194020e+01 -1.021087e+01 -3.786286e+00 1.358776e+00 3.047117e+00 -2.011862e+00 5.417067e-01 5.665505e-01 
