-1.224389e+01 -2.936536e+01 1.366307e+01 1.587417e+01 -1.622219e+01 -6.783195e+00 3.346174e+00 3.526228e+00 -9.032926e-01 -6.139324e+00 -1.337532e+00 8.449473e+00 
-1.517175e+01 -3.567195e+01 1.392509e+01 1.354342e+01 -1.436089e+01 -8.333645e+00 -5.726352e+00 2.990693e-01 5.852777e+00 -6.429914e+00 -6.474434e+00 7.413114e+00 
-1.709159e+01 -3.830943e+01 1.534702e+01 7.920078e+00 -1.239950e+01 -6.820209e+00 -3.390746e+00 7.772052e+00 6.317424e+00 -6.434056e+00 -8.285162e+00 3.073060e+00 
-1.680011e+01 -3.693201e+01 1.916977e+01 7.515428e+00 -7.101124e+00 -5.851398e+00 -7.861445e+00 1.610242e+00 6.723662e+00 -3.389874e+00 -5.723646e+00 2.857462e+00 
-2.036377e+01 -3.959598e+01 1.734386e+01 3.977956e+00 -6.646626e-02 -1.272707e+01 -9.233291e+00 3.502597e+00 6.225863e+00 -1.808199e+00 -3.105555e+00 4.152404e+00 
-2.225987e+01 -4.075571e+01 1.246177e+01 -1.897744e-01 -6.767617e-01 -2.141288e+01 -1.376220e+01 -1.132034e-02 2.469743e+00 -3.555879e+00 -1.060980e+01 1.139174e-01 
-1.951901e+01 -3.707776e+01 1.919520e+01 4.183492e+00 1.916466e+00 -1.789837e+01 -2.853298e+00 8.317133e-01 6.118515e+00 -1.851020e-01 -4.669912e+00 1.706703e+00 
-2.179801e+01 -3.596662e+01 1.924784e+01 -1.804358e+00 -3.440619e+00 -2.103276e+01 -6.741859e+00 3.890265e+00 1.910377e+00 -3.616225e-01 -2.414625e+00 -6.157991e-01 
-2.203547e+01 -3.359983e+01 2.067805e+01 -2.172879e+00 9.834952e-01 -1.567463e+01 -1.552602e+00 4.636222e+00 2.833884e+00 -5.368686e-01 -1.984664e+00 -3.138330e+00 
-2.233467e+01 -2.799804e+01 1.953590e+01 -1.686336e+00 -4.170862e+00 -9.497510e+00 4.048267e+00 1.709235e+00 -1.646308e+00 -1.746066e+00 2.006893e+00 -3.466974e+00 
-1.988469e+01 -2.089327e+01 1.526953e+01 3.352515e+00 -7.853329e+00 -1.015553e+01 -1.059844e+00 4.074838e+00 -3.287571e+00 -5.079245e+00 -2.064597e+00 -3.024608e+00 
-1.786689e+01 -1.894230e+01 4.503964e+00 5.264966e+00 -1.018174e+01 -6.830784e+00 -3.797066e+00 2.586756e+00 2.757582e+00 -4.095637e+00 -2.983283e+00 2.591161e-01 
-1.612276e+01 -1.623731e+01 1.932199e+00 8.310276e+00 -8.515151e+00 -6.683906e+00 3.078625e+00 1.868261e+00 -6.292782e+00 -5.661381e+00 -5.681306e+00 -1.256501e+00 
-1.392865e+01 -1.101600e+01 1.231884e+00 1.051578e+01 -5.869130e+00 -8.083951e+00 4.064731e+00 4.747349e+00 -5.631331e+00 -3.903504e+00 -3.013186e-01 -1.639636e+00 
-1.608715e+01 -8.877628e+00 -2.104668e+00 3.015307e+00 -7.502357e+00 -7.932961e+00 2.508836e+00 3.413823e+00 -6.836362e+00 -5.320766e+00 4.695453e-01 -1.358716e+00 
-1.584672e+01 -1.053709e+01 1.139021e+00 8.997286e-01 -4.947985e+00 -1.687099e+00 1.073717e-01 -7.809079e-01 -2.770302e+00 2.572314e+00 2.359111e+00 -2.299564e-01 
-7.646701e+00 -1.425858e+01 8.542605e+00 4.780832e+00 -1.425700e+01 2.427849e+00 5.768807e+00 -4.522189e+00 -2.929219e+00 -1.420746e+00 1.993388e+00 -3.129192e+00 
-9.373614e+00 -2.263729e+01 6.376006e+00 -1.387239e+01 -1.462571e+01 -1.736667e+01 1.062054e+01 -2.535917e+01 5.180274e+00 -1.435613e+01 1.557953e+00 4.858090e+00 
-4.084831e+00 -1.545112e+01 1.145684e+01 -8.135036e+00 6.488451e-02 -1.251616e+01 1.409984e+01 -2.099775e+01 6.436875e+00 -1.464258e+01 8.849328e-02 6.119864e+00 
1.219944e+01 -1.206594e+01 2.985247e-01 1.419189e+00 -5.279530e+00 -1.731145e+01 9.749099e+00 -1.006386e+01 -3.642240e+00 -1.173158e+01 -9.619548e-01 4.452955e+00 
1.445530e+01 -1.380617e+01 -3.278760e+00 2.480592e+00 -5.280375e+00 -2.112324e+01 8.694195e+00 -4.154320e+00 -1.009310e+01 -9.370223e+00 -3.713971e-01 6.485060e+00 
1.284949e+01 -1.266411e+01 -4.714288e+00 -2.130578e-01 -2.578603e+00 -2.552195e+01 1.084164e+01 1.256423e+00 -1.240529e+01 -3.884067e+00 9.177560e-01 6.241032e+00 
1.327513e+01 -1.113525e+01 -6.327852e+00 -1.017540e+00 -1.415874e+00 -2.865634e+01 1.508360e+01 2.319795e+00 -1.189381e+01 1.261155e+00 -1.782458e+00 8.078184e+00 
1.475390e+01 -8.680133e+00 -1.091302e+01 9.952708e-01 -1.557361e+00 -2.926031e+01 1.570866e+01 2.656370e+00 -6.950551e+00 -2.708326e+00 3.566871e+00 2.473650e+00 
1.483760e+01 -9.076385e+00 -1.065395e+01 -1.054724e-01 -9.322833e-01 -2.985898e+01 1.882633e+01 3.952854e+00 -8.710738e+00 9.743893e-01 1.080178e+00 3.316412e+00 
1.373817e+01 -7.498318e+00 -1.137556e+01 1.867746e-01 -1.920582e+00 -2.844542e+01 1.763618e+01 4.428018e+00 -7.721455e+00 1.637775e+00 3.786622e-01 4.978581e+00 
1.264468e+01 -5.747364e+00 -1.239173e+01 -3.005713e-01 -1.719543e+00 -2.536391e+01 1.421862e+01 6.415534e+00 -7.289959e+00 1.104071e+00 -3.318346e+00 8.688425e+00 
1.608069e+01 -9.441719e+00 -1.084618e+01 -4.683724e-01 -5.255604e-01 -2.827504e+01 1.574100e+01 6.761050e+00 -7.558329e+00 -2.013396e+00 1.349907e+00 7.771203e+00 
1.620358e+01 -1.107468e+01 -1.026594e+01 1.090010e+00 -2.661383e+00 -2.588269e+01 1.248926e+01 7.993668e+00 -8.258720e+00 -1.274495e+00 2.668989e+00 6.919980e+00 
1.492606e+01 -1.058315e+01 -1.025943e+01 1.738734e+00 -3.466382e+00 -2.266370e+01 7.555205e+00 9.809383e+00 -9.581098e+00 -2.381731e+00 3.136544e+00 8.527658e+00 
1.656927e+01 -1.020078e+01 -8.292165e+00 -3.896905e-01 -4.385838e+00 -2.319892e+01 6.885453e+00 8.062643e+00 -9.093297e+00 -2.601266e+00 5.107869e+00 7.165023e+00 
1.652355e+01 -1.071376e+01 -8.544727e+00 1.081981e+00 -6.064678e+00 -2.883495e+01 8.915878e+00 1.093534e+01 -9.865780e+00 -1.678198e+00 3.011352e+00 3.626778e+00 
1.303173e+01 -9.536366e+00 -9.604664e+00 -2.468337e+00 -7.301740e+00 -3.178133e+01 8.216137e+00 9.932645e+00 -1.091926e+01 9.205409e-01 4.293962e-01 8.013878e+00 
1.050637e+01 -2.343889e+00 -5.002931e+00 -2.324622e+00 -5.930793e+00 -2.405082e+01 1.067581e+01 7.413124e+00 -1.203273e+01 -5.012333e+00 -3.457043e+00 7.961755e+00 
6.796088e+00 -3.395092e+00 -4.202065e+00 -1.631740e+00 -9.291430e+00 -2.221308e+01 8.031499e+00 9.749349e+00 -1.054670e+01 -1.693492e+00 -1.118172e+00 5.132918e+00 
6.077777e+00 -6.250251e+00 -1.066046e+01 -5.038343e+00 -4.454680e+00 -1.395498e+01 6.732568e+00 3.137283e+00 -1.510372e+01 -5.702484e+00 2.018938e+00 4.979258e+00 
4.318808e+00 -4.606563e+00 -9.022645e+00 -6.437757e+00 -1.024594e+01 -1.236458e+01 3.548452e+00 1.476762e+00 -1.209693e+01 -7.493816e+00 1.690810e+00 5.091627e+00 
-7.176768e-01 -1.335592e+00 -3.210740e+00 -7.753671e+00 -9.474730e+00 -7.687379e+00 3.020412e+00 -4.494424e-01 -1.056670e+01 -1.970062e+00 6.542315e-01 -1.649724e-01 
-2.584690e+00 -1.304043e+00 -2.574305e+00 -7.593095e+00 -8.022692e+00 -1.097041e+01 4.164106e+00 -2.085055e+00 -8.221886e+00 1.931870e+00 3.124500e+00 8.302244e+00 
-4.896344e+00 -4.845702e+00 -4.787040e+00 -8.648075e+00 -5.931638e+00 -9.166152e+00 4.884428e+00 -1.116844e+00 -5.883388e+00 1.209219e+00 8.973164e-01 6.958225e+00 
-7.053056e+00 -6.006695e+00 -3.324305e+00 -6.543736e+00 -7.680588e+00 -1.220712e+01 8.413123e+00 3.883878e+00 -2.787141e+00 2.344494e+00 1.866371e+00 1.953101e+00 
-7.367688e+00 -6.331016e+00 1.364376e+00 -2.150398e+00 -8.831491e+00 -1.572927e+01 7.608126e+00 1.729033e+00 -8.288714e+00 5.250073e+00 1.137846e+00 -2.713903e+00 
-5.253718e+00 -1.964673e+00 1.001954e+01 9.482474e+00 -3.123434e+00 -1.186225e+01 1.081694e+01 1.080761e+01 -4.210025e+00 4.560878e+00 3.650454e+00 -1.189148e+00 
-8.180028e-01 -8.276572e-01 1.305917e+01 2.217755e+01 7.382939e+00 -9.277780e+00 1.029948e+01 1.209835e+01 -6.452752e+00 -5.809225e+00 1.307568e+00 1.526643e+00 
1.175457e+00 -6.577096e+00 1.649686e+01 3.326768e+01 8.477247e+00 -1.805641e+01 7.228267e+00 1.002525e+01 -1.441912e+01 -1.287196e+01 2.522262e+00 -3.829397e-01 
8.602316e-01 -9.114244e+00 1.984051e+01 3.593484e+01 6.115045e+00 -2.180475e+01 6.053996e+00 1.649490e+01 -1.326407e+01 -1.241664e+01 4.392509e-01 -1.432161e+00 
-8.387804e-01 -9.473899e+00 2.266543e+01 3.874330e+01 1.082340e+01 -2.010331e+01 7.843333e+00 1.258054e+01 -1.831416e+01 -1.213178e+01 -4.119869e+00 -2.499321e+00 
1.170114e+00 -6.612430e+00 2.399094e+01 3.325243e+01 8.787251e+00 -1.685671e+01 5.062009e+00 7.010128e+00 -1.867146e+01 -1.011167e+01 -1.207960e+00 -2.033263e+00 
4.933590e-01 -6.970823e+00 2.139966e+01 3.296660e+01 1.082847e+01 -1.639727e+01 4.935585e+00 2.826254e+00 -1.828048e+01 -7.483621e+00 2.802577e+00 -2.778887e+00 
-3.240902e-01 -8.732504e+00 2.349410e+01 3.039017e+01 8.065878e+00 -1.295620e+01 5.718237e+00 -1.333048e-01 -1.829889e+01 -6.521042e+00 1.131642e+00 -1.096749e+00 
-1.234382e-01 -7.974704e+00 2.292036e+01 2.798957e+01 6.507830e+00 -1.092341e+01 4.808574e+00 -1.649488e+00 -1.416969e+01 -6.689597e+00 1.567077e+00 -2.377814e+00 
-1.257300e+00 -1.092830e+01 2.637047e+01 2.547818e+01 1.309549e+00 -1.324015e+00 6.387990e+00 -3.857342e+00 -1.475694e+01 -9.747162e+00 -6.422215e-01 -7.894284e-01 
-1.625360e+00 -1.182680e+01 2.401223e+01 2.495069e+01 3.409895e+00 1.141781e+00 9.112864e+00 -2.594707e+00 -1.796685e+01 -1.212573e+01 -1.899255e+00 1.527659e+00 
-1.752400e+00 -1.267041e+01 2.115123e+01 2.332005e+01 3.775227e+00 3.660453e+00 1.229345e+01 -2.774172e+00 -1.750378e+01 -1.189408e+01 -4.796930e+00 1.592643e+00 
-4.665416e+00 -1.135294e+01 2.361949e+01 2.107039e+01 -5.031759e-01 2.045965e+00 1.410631e+01 1.182977e+00 -9.721070e+00 -3.776052e+00 -1.403596e+00 -1.040226e+00 
-7.300606e+00 -7.772161e+00 2.091050e+01 1.724709e+01 4.371585e+00 1.386774e+00 1.402810e+01 -7.138484e-01 -4.451558e+00 -1.912072e+00 -4.144401e-02 3.107921e+00 
-7.873474e+00 -1.805667e+00 1.395290e+01 1.367590e+01 3.622759e+00 5.206203e+00 1.112447e+01 3.130896e+00 -3.042881e+00 -2.276902e+00 -1.379506e+00 -1.340777e+00 
-8.746725e+00 -9.257207e-02 7.945208e+00 7.711330e+00 6.177975e+00 6.720813e+00 6.665534e+00 1.059077e+00 1.796571e-01 3.610282e-01 1.272164e+00 -1.131948e+00 
-1.033888e+01 -1.935280e-01 6.073167e+00 6.858675e+00 8.163019e+00 6.408256e+00 4.239373e+00 2.251459e+00 4.214144e+00 3.899086e+00 1.964919e+00 -6.713063e-01 
-1.065945e+01 -2.493429e+00 3.221630e+00 4.106416e+00 3.080462e+00 3.281507e+00 2.088991e+00 2.475629e+00 5.138034e-01 3.122587e+00 4.727546e+00 3.156321e+00 
-1.264222e+01 -4.762414e+00 5.363006e-01 1.171101e+00 3.723551e-01 8.033726e-01 9.276565e-01 5.322784e+00 -1.239688e-01 -1.058783e+00 1.037473e+00 -1.128498e-01 
-1.263926e+01 -4.748532e+00 -1.264172e+00 -1.620500e+00 -1.472891e+00 -2.903253e+00 -3.359937e-01 2.034314e+00 2.222804e-01 -1.318784e+00 2.281003e+00 2.843247e+00 
-1.300019e+01 -4.667767e+00 3.156777e-01 -9.043341e-01 9.847623e-01 1.065991e+00 -2.925624e+00 -1.553050e+00 1.091587e+00 1.268803e+00 2.410601e-01 -1.718835e+00 
-1.364964e+01 -5.720232e+00 -1.168351e+00 6.714601e-02 8.783302e-01 -1.642448e+00 -5.341201e+00 -3.604432e+00 -1.634731e+00 -6.079229e-01 2.368236e+00 1.567258e+00 
-1.358849e+01 -6.455317e+00 -2.774817e+00 -1.891872e+00 -2.494555e+00 2.863603e-01 5.760219e-01 -8.779845e-01 -2.151474e+00 -7.167008e-02 1.283478e+00 1.489074e+00 
-1.449143e+01 -8.752695e+00 -5.095794e+00 -4.373562e+00 -5.313318e+00 -4.825011e+00 -4.899600e+00 -2.684120e+00 -8.738246e-01 -3.020264e+00 1.925161e-01 1.112031e+00 
-1.454308e+01 -6.186522e+00 -3.517719e+00 -2.533370e+00 -1.195830e+00 1.124561e-01 -4.074611e+00 -2.439513e+00 -1.667882e+00 -2.434942e+00 -1.529153e+00 -3.779709e+00 
-1.354516e+01 -4.518857e+00 -1.736766e+00 -9.316319e-01 -7.447600e-01 9.966647e-01 3.949480e+00 -7.646386e-02 -1.689983e+00 -5.859374e-01 1.010829e+00 1.451505e+00 
-1.396546e+01 -5.519582e+00 -1.762200e+00 -1.209427e+00 2.937285e+00 1.341535e+00 -2.482846e+00 -1.661623e+00 -2.427736e+00 -2.329476e+00 -5.247695e+00 -4.426842e+00 
-1.382892e+01 -5.809200e+00 -2.691418e+00 -1.417372e+00 -3.041920e+00 -2.690573e+00 -4.751419e+00 -5.861463e+00 -1.498968e+00 -1.997590e-01 -2.055472e+00 -2.255565e-01 
-1.465527e+01 -6.855355e+00 -2.914407e+00 -2.895467e+00 -5.752984e+00 1.477070e-01 -9.004908e-01 1.734143e+00 1.570298e-01 -8.382917e-01 -3.206632e-01 -1.160040e+00 
-1.429137e+01 -6.960728e+00 -4.019296e+00 -3.255156e+00 -4.827193e+00 -1.996132e+00 2.201303e+00 4.679651e+00 3.472708e+00 -1.736314e-01 -6.728808e-01 -1.433111e-01 
-1.442197e+01 -5.542297e+00 -1.811293e+00 -1.411752e+00 -6.273468e-01 -1.399217e+00 -3.193172e+00 -1.746565e+00 -2.393006e+00 -1.506901e-01 -8.042781e-01 -1.426746e+00 
-1.335697e+01 -5.294325e+00 -2.509833e+00 -8.360897e-01 -4.638974e-01 -1.407624e-01 -1.731128e-01 2.186954e+00 1.712376e-01 -5.496137e-01 -6.005862e-02 1.337783e+00 
-1.388532e+01 -4.021019e+00 -8.247002e-01 -1.616485e+00 -2.195109e+00 -1.153049e+00 -5.636385e+00 -2.581296e+00 5.979977e-01 6.238460e+00 5.373583e+00 2.861928e-01 
-1.462025e+01 -3.649374e+00 -5.928391e-01 -1.707210e+00 -1.968307e+00 1.563028e+00 1.593881e+00 -6.627554e-01 1.922862e-01 1.983806e+00 1.299903e+00 -2.270523e+00 
-1.499543e+01 -4.441247e+00 -3.067601e+00 -1.115491e+00 1.811723e+00 3.374334e+00 9.400048e-01 4.663987e-01 -2.923574e-01 -3.647326e+00 -5.319234e+00 -3.496419e+00 
-1.365261e+01 -3.426641e+00 -1.167760e+00 9.283804e-02 -1.152328e+00 7.886847e-01 -2.935620e+00 -9.099176e-01 1.284181e+00 -5.378245e-01 -1.982109e+00 -1.089980e+00 
-1.517649e+01 -5.476045e+00 -8.051813e-01 1.987626e+00 -3.739369e-01 -3.710679e-01 -1.743120e+00 -1.652043e+00 -7.238534e-01 -2.251412e+00 -1.926630e+00 1.518520e+00 
-1.595239e+01 -5.513273e+00 -3.254510e+00 -9.083485e-01 -4.531971e+00 -3.466679e+00 -5.654614e+00 -7.191795e+00 -4.928834e+00 -5.111745e+00 -4.374608e-01 1.301907e+00 
-1.393103e+01 -4.609717e+00 -2.433532e+00 5.898184e-01 -2.958295e+00 3.709623e-01 -1.119590e-01 -7.208737e-01 -4.608900e-02 -6.404230e-01 -1.720409e+00 -1.162071e+00 
-1.420826e+01 -3.969909e+00 -3.151000e+00 -1.304969e+00 -2.363204e+00 -2.499631e+00 -1.460284e+00 -1.565823e+00 -6.165056e-01 -9.147627e-01 -3.541356e+00 -3.048639e+00 
-1.503580e+01 -4.574383e+00 -3.537830e+00 -4.384802e+00 -1.576367e+00 1.580066e+00 -3.286667e+00 -3.923763e+00 -1.593686e+00 -4.511573e-01 -3.423464e+00 -1.605452e+00 
-1.657393e+01 -6.176427e+00 -2.570164e+00 -1.266431e+00 -3.565634e+00 2.468387e+00 3.650179e+00 2.553546e+00 -3.391762e+00 -3.398477e+00 -3.564716e+00 -1.265639e+00 
-1.481081e+01 -7.356349e+00 -3.581599e+00 -9.380549e-01 -6.715096e+00 9.953084e-02 -1.110413e+00 -1.970735e+00 -5.317851e-01 -2.033788e+00 -1.933200e+00 -7.714900e-01 
-1.540327e+01 -5.014172e+00 -4.197332e+00 -2.467534e+00 -3.709233e+00 -1.399805e+00 -4.983686e+00 -3.853510e+00 -3.153913e+00 -1.582291e+00 -1.500319e+00 -3.685956e+00 
-1.492004e+01 -4.614765e+00 -1.669928e+00 1.021766e+00 -2.669830e+00 -2.032202e-02 -3.110261e+00 -1.873020e+00 1.169467e+00 3.441409e-01 -2.940579e+00 -5.017452e+00 
-1.261135e+01 -1.496211e+01 -2.093430e+00 -1.666264e+00 -9.435874e+00 -1.772289e+00 -1.243893e+00 -3.509910e+00 -3.876405e+00 -3.405486e+00 -3.300461e+00 -1.498499e+00 
-9.386081e+00 -2.151667e+01 8.690475e+00 -3.524119e+00 -1.676406e+01 -4.830299e+00 -6.179714e+00 -1.374447e+01 -6.070720e+00 -3.762032e+00 -4.367334e+00 -6.902600e-01 
-5.158142e+00 -1.789299e+01 1.420132e+01 -9.509010e-01 -1.395628e+01 -3.731648e+00 -1.484004e+01 -2.015088e+01 -2.109376e+00 -1.919719e+00 1.030539e+00 9.021872e-01 
5.666381e+00 -6.903940e+00 1.044186e+01 7.337190e+00 4.173080e+00 6.314254e+00 -9.067470e+00 -8.605154e+00 -1.243160e+01 -1.008204e+01 2.266403e+00 7.607116e-01 
1.034490e+01 -1.095921e+01 5.606487e+00 9.582834e+00 1.052607e+01 -5.783834e+00 -8.305986e+00 -1.323132e+00 -2.511022e+01 -1.037136e+01 7.524118e+00 -6.090365e+00 
1.192221e+01 -1.201673e+01 1.634092e+00 1.203402e+01 9.482862e+00 -1.221770e+01 -4.299233e+00 -2.718608e+00 -2.776129e+01 -9.877800e+00 8.789182e+00 -6.256548e+00 
1.131966e+01 -1.277011e+01 4.298338e-01 1.279675e+01 7.729266e+00 -1.223768e+01 -4.590302e+00 -2.245998e+00 -2.404779e+01 -9.565862e+00 8.983723e+00 -6.507007e+00 
1.227009e+01 -1.467250e+01 4.359583e-02 1.361809e+01 8.183714e+00 -1.599776e+01 -4.838446e+00 -2.389058e+00 -2.459926e+01 -8.897059e+00 1.158758e+01 -1.018131e+01 
1.173046e+01 -1.380680e+01 4.351571e-01 1.184213e+01 9.497644e+00 -1.740133e+01 -5.137747e+00 -5.592922e-01 -2.524545e+01 -1.038729e+01 1.256941e+01 -9.429935e+00 
1.211396e+01 -1.296192e+01 -1.035859e+00 1.109786e+01 1.091421e+01 -1.869093e+01 -5.499378e+00 5.430381e-01 -2.631683e+01 -1.018687e+01 1.281614e+01 -8.585142e+00 
1.096822e+01 -1.138638e+01 -1.309124e+00 1.164301e+01 7.881311e+00 -1.502014e+01 -6.692466e+00 -3.521406e+00 -2.441246e+01 -7.278105e+00 9.225713e+00 -8.653850e+00 
1.199345e+01 -9.730705e+00 -9.033673e-01 7.187855e+00 9.365870e+00 -1.709407e+01 -9.236818e+00 -2.940862e+00 -2.553803e+01 -5.852877e+00 9.327546e+00 -1.137878e+01 
1.044938e+01 -1.058378e+01 8.854848e-02 1.054468e+01 9.369249e+00 -1.698714e+01 -1.324945e+01 -2.481026e+00 -2.517336e+01 -5.622189e+00 1.073532e+01 -1.349211e+01 
1.176490e+01 -1.433493e+01 -1.439842e+00 1.256632e+01 9.824121e+00 -2.132945e+01 -1.237507e+01 -2.527345e-01 -2.327267e+01 -7.923966e+00 1.330961e+01 -1.264935e+01 
5.560713e+00 -8.126768e+00 -1.557547e+00 1.322709e+01 5.796593e+00 -1.910278e+01 -1.970883e+01 -1.249397e+01 -2.390676e+01 -1.000143e+01 5.439647e+00 -4.781885e+00 
1.982221e+00 -2.116107e+00 -6.898422e-01 8.523038e+00 1.114846e+00 -1.427811e+01 -1.416382e+01 -9.967420e+00 -1.416969e+01 -8.599141e+00 1.396626e+00 -5.755225e-01 
4.218880e-02 8.851757e-02 3.294974e+00 1.131303e+01 3.818729e+00 -8.563951e+00 -1.392508e+01 -1.203413e+01 -1.569992e+01 -7.875853e+00 4.933037e+00 4.847936e+00 
-2.990743e+00 5.945590e-01 2.492333e+00 5.609400e+00 3.732570e+00 -5.237446e+00 -1.018705e+01 -7.999702e+00 -8.881759e+00 -6.095035e+00 2.648915e+00 2.210329e+00 
