-1.482290e+01 -3.042042e+01 1.620104e+01 3.192176e+00 -1.743771e+01 -1.545822e+00 -3.468277e+00 2.147517e-01 -1.056858e+01 -1.326454e+01 1.632090e+00 -5.827163e-01 
-1.790181e+01 -3.439278e+01 2.491563e+01 -2.834689e+00 -1.230486e+01 -1.460275e+00 -9.814406e+00 5.687540e+00 -7.159571e+00 -9.298989e-01 5.482984e+00 -4.256629e+00 
-1.988804e+01 -3.640494e+01 2.757591e+01 -6.741755e+00 -5.631325e+00 -5.950493e+00 -6.769045e+00 8.177585e+00 -8.166186e+00 -8.163893e+00 1.173686e+00 -1.338078e+00 
-1.971132e+01 -3.491965e+01 2.691926e+01 -5.158403e+00 -2.602571e+00 -1.008112e+01 -6.680974e+00 9.047182e+00 -2.130625e+00 -3.625633e+00 -2.318574e+00 -9.210553e-01 
-2.005481e+01 -3.541414e+01 2.335394e+01 -5.735634e+00 1.640972e+00 -1.138521e+01 -2.786680e+00 1.717924e+00 -2.089268e+00 -2.694741e+00 3.554691e+00 1.210662e+00 
-1.997453e+01 -3.604798e+01 2.031737e+01 -9.471053e+00 5.315340e+00 -1.029101e+01 3.392497e+00 -6.282936e-01 -2.964661e-01 -4.734037e+00 3.726667e+00 -4.297182e+00 
-1.935290e+01 -3.159275e+01 2.068567e+01 -6.716658e+00 7.737110e+00 -1.156774e+01 3.320126e+00 -4.308780e+00 4.466558e+00 -5.421613e+00 3.330282e+00 -3.683450e+00 
-2.187676e+01 -3.608832e+01 1.406835e+01 -1.564581e+01 4.698082e+00 -1.790667e+01 5.379851e+00 -3.253314e+00 4.728757e+00 -9.101846e+00 7.439740e+00 -4.630678e+00 
-2.272116e+01 -3.524911e+01 1.516810e+01 -1.329790e+01 2.853296e+00 -1.800316e+01 5.362620e+00 -4.862697e+00 6.526936e+00 -9.230566e+00 5.678030e+00 -5.276488e+00 
-2.140634e+01 -3.318927e+01 1.655163e+01 -1.694817e+01 1.200426e+00 -1.581972e+01 1.092530e+01 -4.218059e+00 6.777143e+00 -9.024807e+00 7.462511e+00 -7.777109e+00 
-2.171498e+01 -2.834530e+01 1.767764e+01 -8.907268e+00 2.393846e+00 -1.085750e+01 5.746688e+00 -4.346396e+00 2.098486e+00 -6.608019e+00 9.063629e+00 -5.422355e+00 
-2.363836e+01 -3.209884e+01 1.455542e+01 -1.725785e+01 1.346727e+00 -1.910532e+01 -1.414295e+00 -1.765810e+01 3.888105e-01 -1.258434e+01 9.955870e+00 -1.214465e+01 
-2.309638e+01 -2.662409e+01 1.556266e+01 -1.471902e+01 6.397800e+00 -1.312151e+01 3.122539e+00 -1.143373e+01 3.488064e+00 -8.458568e+00 1.029323e+01 -5.832720e+00 
-2.568309e+01 -2.506179e+01 1.891328e+01 -1.455185e+01 2.688502e+00 -4.884638e+00 8.962449e+00 -4.568406e+00 4.051339e+00 -3.839097e+00 1.012006e+01 -9.473646e+00 
-2.431849e+01 -1.924475e+01 2.170604e+01 -1.053947e+01 5.093834e+00 -5.238266e+00 4.084051e+00 -2.670632e+00 5.008865e-01 -3.624992e+00 4.692611e+00 -5.266501e+00 
-1.898764e+01 -1.756754e+01 1.228455e+01 -4.594616e+00 -1.078331e+00 -4.678232e+00 -1.040948e+00 8.505392e-01 -3.528887e+00 -2.570516e+00 2.943186e+00 -5.382299e-01 
-1.949104e+01 -1.765311e+01 1.229198e+01 -3.436121e+00 -5.569681e+00 -3.664103e+00 -4.903460e+00 2.956309e+00 -9.119453e+00 -3.151842e+00 -1.941364e+00 -7.414863e+00 
-1.854708e+01 -1.657674e+01 1.019926e+01 -5.356490e+00 -9.774183e+00 -4.372352e+00 -9.736291e+00 -6.482081e-01 -7.358495e+00 -3.855788e+00 7.621284e-02 -5.634195e+00 
-6.604167e+00 -1.858645e+01 1.609151e+00 -1.941440e+01 -6.800086e+00 -1.473845e+01 -2.084806e-01 -1.143078e+01 2.231241e+00 -1.337239e+01 2.722972e+00 -7.202115e+00 
-4.787186e+00 -2.041402e+01 5.225860e+00 -2.250088e+01 -5.972419e+00 -1.994487e+01 -5.845078e-01 -1.648094e+01 1.664244e+00 -1.601163e+01 4.796277e+00 -1.092990e+01 
-2.838287e+00 -1.450713e+01 1.576765e+01 -8.537983e+00 -5.695661e-01 -1.029250e+01 5.605391e+00 -7.793810e+00 1.515360e+00 -9.474524e+00 5.760423e+00 -2.187254e+00 
1.160671e+01 -1.485308e+01 6.499188e+00 -8.958358e+00 4.657808e+00 -1.427391e+01 -5.756605e+00 1.468740e+01 -1.514923e+01 -1.189227e+01 9.910928e+00 -9.821064e+00 
1.261601e+01 -1.706450e+01 4.769061e+00 -8.817636e+00 1.694808e+00 -1.668265e+01 -1.063500e+01 2.202625e+01 -1.943293e+01 -1.192052e+01 1.487997e+01 -1.314695e+01 
1.431352e+01 -1.756632e+01 4.348234e+00 -1.062238e+01 9.365917e-01 -1.383623e+01 -1.404031e+01 2.411431e+01 -1.441639e+01 -1.244086e+01 1.447489e+01 -1.107153e+01 
1.380514e+01 -1.470394e+01 1.711931e+00 -9.307027e+00 -2.092162e+00 -1.550290e+01 -1.236350e+01 2.861277e+01 -1.535394e+01 -1.098096e+01 1.627795e+01 -1.295842e+01 
1.390967e+01 -1.489770e+01 5.847780e-01 -1.026654e+01 -1.699698e+00 -1.590825e+01 -1.416897e+01 2.813777e+01 -1.084898e+01 -1.002536e+01 1.682234e+01 -1.198486e+01 
1.461656e+01 -1.559817e+01 -1.392491e-01 -1.016257e+01 -1.959834e+00 -2.009259e+01 -1.070814e+01 2.790175e+01 -1.102764e+01 -8.105792e+00 1.623571e+01 -1.234680e+01 
1.419404e+01 -1.315509e+01 -4.390237e-01 -1.411265e+01 6.554971e-01 -2.220640e+01 -1.118220e+01 3.049137e+01 -1.281341e+01 -8.620029e+00 1.610238e+01 -1.038607e+01 
1.477896e+01 -1.196381e+01 -2.054381e+00 -1.265568e+01 -6.534013e-01 -2.628579e+01 -6.517084e+00 2.777341e+01 -1.387048e+01 -6.280281e+00 1.334357e+01 -6.331754e+00 
1.297878e+01 -8.752427e+00 -2.873765e+00 -1.277758e+01 -4.007222e+00 -2.383676e+01 -9.345329e+00 2.902360e+01 -1.036966e+01 -6.307244e+00 1.238781e+01 -3.971553e+00 
1.509569e+01 -6.225004e+00 -7.917401e+00 -9.514077e+00 -3.466814e+00 -2.681250e+01 -1.228539e+01 2.552529e+01 -2.859739e+00 -4.984415e+00 6.829134e+00 -2.950484e+00 
1.242809e+01 -3.970800e+00 -9.843952e+00 -1.033107e+01 -1.175253e+01 -2.875471e+01 -9.476671e+00 2.231390e+01 3.485582e+00 -2.137811e+00 7.400191e+00 1.588040e+00 
6.619971e+00 1.868860e+00 -6.718302e+00 -1.130000e+01 -1.829579e+01 -1.829859e+01 -2.615131e+00 1.014026e+01 5.067467e+00 1.535039e+00 4.527826e+00 4.338935e+00 
3.554749e+00 9.789143e-01 -3.066191e+00 -5.563092e+00 -1.211952e+01 -1.575308e+01 -4.698215e+00 9.274355e+00 7.204355e+00 1.017912e+00 4.494569e+00 4.921495e+00 
1.792526e+00 9.709683e-01 -4.819730e+00 -6.713072e+00 -9.887607e+00 -1.299021e+01 -3.339998e+00 7.248981e+00 4.766805e+00 2.788212e+00 2.827836e+00 4.252686e+00 
-1.043085e+00 7.087520e-01 -5.214861e+00 -1.019528e+01 -1.191157e+01 -9.186852e+00 5.933535e-01 1.104453e+01 4.977723e+00 1.529261e+00 2.606424e+00 2.615161e+00 
-3.836382e+00 -1.897513e-01 -2.341593e+00 -9.412792e+00 -1.217705e+01 -9.123190e+00 -1.791088e+00 7.597115e+00 1.199811e+00 -1.710564e+00 4.559884e+00 4.477841e+00 
-4.991285e+00 3.090157e-02 -5.798423e+00 -1.809322e+01 -1.919455e+01 -1.103208e+01 -4.338653e+00 -1.065674e+00 -3.733891e-01 -3.851937e+00 -1.731038e+00 1.987207e+00 
-6.764709e+00 -5.344831e-01 -3.983216e+00 -1.262386e+01 -1.711593e+01 -1.215364e+01 -4.664518e+00 -2.351263e+00 -3.087614e+00 -3.763662e+00 -2.812332e+00 5.342863e-01 
-7.869831e+00 -4.463449e+00 -6.881608e+00 -1.462266e+01 -1.830524e+01 -1.207804e+01 -5.071562e+00 -1.334888e+00 2.585666e+00 -2.126576e+00 -1.372704e+00 3.833242e+00 
-8.477773e+00 -2.633436e+00 -6.412818e+00 -1.214030e+01 -1.430005e+01 -1.251075e+01 -8.824942e+00 -2.453048e+00 2.564160e+00 1.045197e+00 3.299123e+00 3.815387e+00 
-9.286703e+00 -3.578392e+00 -4.912232e+00 -1.111446e+01 -1.641114e+01 -1.171894e+01 -2.546589e+00 2.995400e+00 7.669615e+00 4.196106e+00 4.604226e+00 1.600447e+00 
-1.001972e+01 -2.783186e+00 -3.359114e+00 -1.074293e+01 -1.353937e+01 -7.659442e+00 -3.987917e-01 2.889189e+00 7.374330e+00 4.858965e+00 3.176582e+00 5.869437e-01 
-1.144406e+01 -5.190197e+00 -4.613028e+00 -8.107749e+00 -1.145705e+01 -6.821381e+00 -1.456033e+00 8.778294e-01 -1.080171e+00 6.326655e-02 1.436744e+00 -1.470932e+00 
-1.344585e+01 -6.118650e+00 -4.459429e+00 -5.105968e+00 -8.353915e+00 -7.728079e+00 -5.148529e+00 -1.997640e-01 2.495922e+00 -2.570195e+00 -1.493447e+00 -1.125632e+00 
-7.377628e+00 -5.014164e+00 4.123362e-01 -3.502001e+00 -8.961720e+00 -1.021988e+01 -3.105269e+00 5.260073e-01 -1.220713e+01 -9.250468e+00 1.594639e+00 -1.427050e+00 
-5.594871e+00 -2.411561e+00 4.521818e+00 -1.748553e-01 -7.416933e+00 -8.209032e+00 -2.706266e+00 1.674408e+00 -1.237338e+01 -8.055075e+00 -8.567743e-01 -1.687202e-01 
-3.410760e+00 -1.928691e+00 1.645124e+00 -6.906884e-01 1.239878e+00 -3.308486e+00 -4.633884e+00 -9.724144e-02 -7.777022e+00 -4.788285e+00 1.447230e+00 1.814212e-01 
-5.857462e+00 -8.501823e+00 -2.768130e+00 -7.507419e-01 1.152727e-02 9.305627e-01 5.393618e-01 5.901761e-01 -1.111035e+01 -5.072689e+00 4.391503e+00 -1.009314e-01 
-6.609145e+00 -1.902470e+01 1.381883e+01 6.868887e+00 -1.061048e+01 3.839655e+00 -9.318160e-01 -3.823564e-02 -3.804734e+00 -7.840327e+00 1.132639e+00 -3.543636e+00 
-1.237619e+01 -3.238612e+01 1.855355e+01 -4.797633e+00 -1.046911e+01 3.830703e+00 -6.900387e+00 5.596081e+00 -2.557424e+00 -4.562304e+00 2.624400e+00 -2.742880e+00 
-1.474511e+01 -3.463788e+01 2.314896e+01 -4.817801e+00 -3.088733e+00 -2.331162e+00 -6.697822e+00 7.443700e+00 -6.084716e+00 -8.367405e+00 3.242197e+00 -1.518142e+00 
-1.901751e+01 -3.655163e+01 2.200410e+01 -8.360959e+00 -2.591886e+00 -4.555382e+00 -2.738432e+00 7.175961e+00 -6.618628e+00 -2.362509e+00 3.863589e+00 6.919559e-01 
-2.109397e+01 -3.523444e+01 1.890700e+01 -5.676925e+00 -5.233929e+00 -1.009753e+01 -1.874200e-01 5.840955e+00 -1.065283e+00 -2.081958e+00 9.178679e+00 -2.226596e+00 
-2.202735e+01 -3.809253e+01 1.924504e+01 -1.028312e+01 -5.455846e+00 -1.801012e+01 -4.454295e+00 -4.074970e+00 -2.844024e+00 -7.995048e+00 5.053642e+00 -3.502478e+00 
-2.167826e+01 -3.602536e+01 2.013694e+01 -9.781180e+00 -4.196673e+00 -1.473298e+01 -1.060477e+00 2.094824e+00 -1.475125e+00 -1.155041e+01 2.477291e+00 -1.839231e+00 
-2.006974e+01 -3.393008e+01 1.870144e+01 -8.224270e+00 -8.268252e-01 -9.378339e+00 2.985453e+00 1.685471e+00 -3.054401e-02 -9.055622e+00 4.965664e-01 -2.793722e+00 
-1.934481e+01 -3.404255e+01 1.598234e+01 -1.380477e+01 -2.939967e+00 -1.205815e+01 2.136520e+00 -1.759730e+00 1.308992e+00 -1.184669e+01 5.825546e-01 -5.573972e+00 
-1.945620e+01 -3.268318e+01 1.364639e+01 -1.346417e+01 -5.460367e+00 -1.532534e+01 1.356130e+00 -1.982889e-01 4.927682e+00 -6.998352e+00 1.013394e+00 -5.826365e+00 
-1.937281e+01 -3.400526e+01 1.584245e+01 -1.849298e+01 -6.109679e+00 -1.892328e+01 5.834760e+00 -2.905917e+00 5.264737e+00 -1.014541e+01 7.921813e+00 -5.653866e+00 
-2.069635e+01 -3.347533e+01 1.136810e+01 -1.644399e+01 -4.423111e+00 -1.356765e+01 5.268805e+00 -5.193130e+00 -8.857956e-01 -1.461497e+01 7.031071e+00 -4.821032e+00 
-2.027757e+01 -3.188491e+01 1.234108e+01 -1.584166e+01 -2.756680e+00 -1.426894e+01 6.423307e+00 -3.231925e+00 1.874335e+00 -9.051128e+00 1.131311e+01 8.397474e-02 
-1.980590e+01 -3.029695e+01 1.734875e+01 -1.230746e+01 1.298829e-01 -1.724368e+01 9.302098e+00 -1.399057e+00 6.788723e+00 -1.327962e+01 7.770810e+00 -4.527482e+00 
-2.172991e+01 -3.279198e+01 1.635464e+01 -1.328311e+01 -3.131062e+00 -2.105599e+01 -2.506199e-02 -1.135924e+01 4.942570e+00 -1.070105e+01 1.382444e+01 4.604449e-01 
-2.193650e+01 -3.149679e+01 1.663157e+01 -1.351033e+01 -4.227495e+00 -1.811158e+01 4.108940e+00 -9.373691e+00 1.763913e+00 -8.615214e+00 1.349936e+01 1.213385e+00 
-2.186121e+01 -3.010441e+01 1.767536e+01 -1.446625e+01 -5.860639e+00 -1.751972e+01 9.035586e+00 -5.938078e+00 3.107584e+00 -1.067762e+01 1.152972e+01 -1.360472e+00 
-2.413555e+01 -3.008363e+01 2.035791e+01 -1.049107e+01 1.285905e+00 -1.059738e+01 4.802408e+00 -5.173953e+00 4.501297e+00 -7.893291e+00 1.244473e+01 -6.929749e+00 
-2.538005e+01 -2.743396e+01 1.732476e+01 -1.227564e+01 -8.502498e-01 -8.360728e+00 6.014349e+00 -3.844847e+00 -6.307214e+00 -5.758018e+00 6.667344e+00 -7.301680e+00 
-2.440996e+01 -2.280025e+01 2.373423e+01 -1.329790e+01 5.450544e+00 -6.780099e+00 8.559617e+00 -5.904887e+00 -7.283640e+00 -5.512134e+00 1.349258e+00 -1.069475e+01 
-1.901440e+01 -1.609998e+01 1.509501e+01 -6.310176e+00 -1.085317e+00 -4.195787e+00 3.636417e+00 8.977438e-01 -6.735667e+00 -1.298083e+00 3.145123e+00 6.598772e-01 
-1.873749e+01 -1.687135e+01 1.474213e+01 -4.241018e+00 -4.972149e+00 -1.632861e+00 -2.451625e+00 4.326718e+00 -7.313416e+00 5.624172e-01 2.512945e+00 -7.509779e-01 
-1.275577e+01 -1.579315e+01 -1.585590e+00 -1.414716e+01 -8.465695e+00 -9.626524e+00 8.448188e+00 -5.538314e+00 -8.006013e-01 -1.145187e+01 -1.114140e+00 -3.622017e+00 
-1.253238e+01 -1.590684e+01 2.885334e+00 -1.304514e+01 -3.694895e+00 -5.221355e+00 8.280469e+00 -1.212631e+01 -4.189763e+00 -1.293584e+01 7.644074e+00 1.611451e-01 
1.706655e+00 -7.457849e+00 7.880435e+00 -1.065599e+01 -3.490649e+00 -8.066785e+00 2.130776e+00 -4.858272e+00 -4.576446e+00 -1.273168e+01 4.005005e+00 -9.051176e+00 
1.107966e+01 -1.376510e+01 2.940150e+00 -8.699769e+00 4.592055e+00 -2.075508e+01 -6.850224e+00 1.560936e+01 -1.664385e+01 -9.659739e+00 1.073905e+01 -1.491098e+01 
1.310386e+01 -1.630169e+01 2.615822e+00 -9.228599e+00 1.530014e+00 -2.000506e+01 -1.093330e+01 2.128351e+01 -1.726626e+01 -7.522219e+00 1.435056e+01 -1.398342e+01 
1.162911e+01 -1.250352e+01 -1.521067e+00 -7.390691e+00 -2.224901e+00 -1.677069e+01 -1.098959e+01 2.202993e+01 -1.296312e+01 -7.000919e+00 1.059464e+01 -1.008011e+01 
1.361286e+01 -1.399431e+01 -1.583306e+00 -1.161461e+01 4.395207e+00 -2.314592e+01 -9.264916e+00 2.807508e+01 -1.912689e+01 -1.189586e+00 1.100900e+01 -1.262764e+01 
1.379020e+01 -1.320155e+01 -1.144208e+00 -1.587393e+01 4.347947e+00 -2.472754e+01 -1.049677e+01 3.067797e+01 -1.770464e+01 -3.379108e+00 1.373755e+01 -1.267394e+01 
1.398808e+01 -1.281770e+01 -1.708355e+00 -1.795698e+01 3.541238e+00 -2.730489e+01 -1.040870e+01 3.036524e+01 -1.769099e+01 -3.130014e+00 1.214902e+01 -1.038305e+01 
1.177534e+01 -7.356996e+00 -4.304587e-01 -1.950582e+01 2.349873e+00 -2.554770e+01 -7.942311e+00 2.898450e+01 -1.401730e+01 -3.382639e+00 8.848509e+00 -4.993227e+00 
1.307337e+01 -7.323990e+00 -3.274606e+00 -1.844502e+01 -4.295714e+00 -2.750434e+01 -7.810204e+00 2.886944e+01 -1.397181e+01 -5.100616e+00 1.044094e+01 -2.922642e+00 
4.508042e+00 -9.569637e+00 2.199094e-01 -1.128835e+01 -9.361398e-01 -2.728948e+01 -1.021992e+01 2.740167e+01 -1.107313e+01 -1.988227e+00 1.095088e+01 -9.942914e-01 
8.321213e+00 2.319952e-01 -7.042059e+00 -1.997908e+01 -3.590101e+00 -2.005330e+01 -6.389189e+00 2.160952e+01 -7.460108e-01 5.255026e-01 -2.277527e+00 -1.118369e+00 
4.626270e+00 1.052873e+00 -5.553464e+00 -1.425203e+01 -1.591183e+01 -1.490507e+01 -2.985415e+00 1.019558e+01 4.544308e+00 5.024600e+00 4.323791e+00 2.697174e+00 
1.758302e+00 1.963601e+00 -3.919835e+00 -8.804191e+00 -1.298088e+01 -1.231329e+01 -1.838570e+00 4.945542e+00 3.495508e+00 2.482302e+00 3.691014e+00 2.558267e+00 
