-1.699857e+01 -3.306356e+01 1.849927e+01 5.772124e+00 -7.754340e+00 -1.122704e+01 -1.168160e+01 5.654823e+00 -7.807578e+00 -4.109704e+00 -2.003326e+00 -5.805315e+00 
-1.959038e+01 -3.778108e+01 2.183236e+01 1.554129e+00 4.201251e+00 -1.366942e+01 -1.091243e+01 1.142985e+01 -4.527443e+00 -3.728924e+00 -9.141110e+00 -6.617428e+00 
-2.124314e+01 -3.614199e+01 2.135332e+01 -2.238935e-01 6.941255e+00 -1.620016e+01 -9.869605e+00 5.575883e+00 -4.957989e+00 3.111095e+00 -7.638985e+00 -1.544026e+00 
-2.255385e+01 -3.732862e+01 2.141572e+01 -1.433758e+00 5.091177e+00 -1.821715e+01 -1.034362e+01 3.610956e+00 -5.134899e+00 1.919738e+00 -5.888300e+00 9.536938e-02 
-2.160378e+01 -3.662774e+01 2.329665e+01 -2.474931e+00 1.037170e+01 -1.763666e+01 -4.516625e+00 5.697248e+00 1.198946e-02 4.561995e+00 -3.666877e+00 3.697757e-01 
-2.303528e+01 -3.679726e+01 2.340413e+01 -6.308306e+00 9.553239e+00 -2.148151e+01 -1.187283e+00 4.880452e+00 -5.301554e-01 1.420348e+00 -9.228593e+00 2.710763e+00 
-2.216418e+01 -3.630350e+01 2.364395e+01 -7.723301e+00 1.038972e+01 -2.426420e+01 -5.657324e+00 1.858925e-01 -3.445056e+00 -3.043522e+00 -7.118258e+00 4.133720e+00 
-2.330706e+01 -3.489003e+01 2.083382e+01 -5.328538e+00 7.805080e+00 -2.187090e+01 -7.617931e+00 2.373143e+00 2.203396e+00 -3.325386e+00 -7.469575e+00 4.191961e+00 
-2.367467e+01 -3.760848e+01 2.402013e+01 -6.664586e+00 9.678151e+00 -2.560973e+01 -2.392636e-01 -4.569110e-01 5.670587e+00 -3.470695e+00 -5.513029e+00 3.789426e+00 
-2.259799e+01 -3.251062e+01 2.448647e+01 -5.805602e+00 8.384899e+00 -2.194027e+01 2.895776e-01 2.639986e-02 4.399875e+00 -3.171762e+00 -1.519050e+00 7.202304e+00 
-2.532395e+01 -3.386245e+01 2.320246e+01 -5.920313e+00 7.247011e+00 -1.916805e+01 -1.313344e+00 -7.839514e-01 2.159644e+00 1.300862e+00 -1.555501e+00 2.523581e+00 
-2.694477e+01 -3.655685e+01 2.306378e+01 -1.247302e+01 5.114171e+00 -2.499914e+01 -2.908579e+00 -1.660355e+00 2.058824e+00 -5.096228e+00 -6.090342e+00 2.954437e-02 
-2.438665e+01 -2.999190e+01 2.764446e+01 -8.574863e+00 7.982817e+00 -1.991412e+01 2.424928e+00 2.948820e+00 3.947771e+00 8.487414e-01 -1.443718e+00 -1.439193e+00 
-2.371648e+01 -2.579033e+01 2.322038e+01 -8.369058e+00 3.563636e+00 -1.526823e+01 1.627566e+00 7.012927e+00 -2.727269e+00 -2.414580e+00 -5.050970e+00 3.000067e+00 
-2.311833e+01 -2.189697e+01 1.829933e+01 -2.739441e+00 3.112458e+00 -9.251936e+00 4.872938e-02 6.268629e+00 -4.865412e+00 -2.785293e+00 -3.300632e+00 2.782276e+00 
-2.039005e+01 -1.803505e+01 1.245891e+01 -2.455362e+00 -2.878388e+00 -8.386107e+00 -7.078328e+00 5.174735e+00 -1.177559e+00 -3.157318e+00 -4.672227e+00 -1.278017e+00 
-1.908340e+01 -1.823663e+01 1.040867e+01 2.234799e-01 -6.602780e+00 -7.459417e+00 -8.188280e+00 4.581336e+00 -4.024612e+00 -3.411609e+00 -7.646892e-01 -4.147229e+00 
-1.782263e+01 -1.616173e+01 7.296899e+00 1.041977e+00 -8.368340e+00 -3.917572e+00 -2.475565e+00 6.600502e+00 1.836893e+00 -6.940162e+00 5.277562e-01 -3.662184e-01 
-1.590214e+01 -1.204091e+01 4.552069e+00 1.575047e+00 -1.255945e+01 -6.147259e+00 -4.893358e-01 4.099637e+00 -2.839502e+00 -7.115671e+00 1.126940e+00 4.039072e-01 
-1.273483e+01 -1.662713e+01 7.994542e-01 -7.797526e+00 -1.332824e+00 -1.380097e+01 7.128129e+00 -3.828034e-01 -9.924796e+00 -1.470510e+00 -8.392491e-02 -7.608976e-01 
-7.886873e+00 -2.132061e+01 7.372020e+00 -2.343737e+01 2.907377e+00 -2.785120e+01 7.404849e+00 -1.490307e+01 -6.759431e+00 -1.159355e+01 -5.049234e+00 -4.163321e-01 
-7.450743e+00 -2.009885e+01 1.018330e+01 -2.107298e+01 5.189989e+00 -2.237809e+01 4.755006e+00 -1.384785e+01 -3.441251e+00 -6.890705e+00 -3.652296e+00 1.608803e+00 
3.883413e+00 -8.670286e+00 8.998116e+00 -1.381041e+01 3.968826e+00 -1.304312e+01 5.745046e+00 2.496119e+00 -9.598875e+00 -9.067819e-01 -4.359366e-01 -4.001222e+00 
9.013023e+00 -1.015033e+01 4.497751e+00 -1.002765e+01 4.754347e+00 -1.891478e+01 4.874405e+00 8.287794e+00 -2.151021e+01 4.676229e+00 -2.436146e-01 -5.744637e+00 
9.804562e+00 -8.976650e+00 3.273268e+00 -1.163495e+01 7.024530e+00 -2.270073e+01 7.009755e+00 1.086706e+01 -2.112849e+01 6.916261e+00 -1.236121e+00 -7.644191e-01 
1.111295e+01 -9.111032e+00 -5.839399e-01 -9.338704e+00 7.112777e+00 -2.716992e+01 1.390314e+01 1.226276e+01 -2.301363e+01 9.247330e+00 -1.126074e+00 -8.573326e-01 
1.070818e+01 -8.543302e+00 2.371975e-01 -1.016260e+01 7.613050e+00 -2.884202e+01 1.522217e+01 1.485491e+01 -2.142207e+01 1.157402e+01 -5.560935e+00 2.255947e+00 
1.051480e+01 -8.404606e+00 1.091273e+00 -9.812393e+00 5.918336e+00 -2.778575e+01 1.512634e+01 1.456761e+01 -2.515748e+01 1.596174e+01 -3.925504e+00 -5.768055e-02 
1.039981e+01 -6.406147e+00 2.398967e+00 -1.160391e+01 2.822237e+00 -2.614441e+01 1.658578e+01 1.553585e+01 -2.566031e+01 1.223185e+01 -1.106556e-01 5.401623e-01 
9.435216e+00 -7.446061e+00 2.352161e+00 -1.254522e+01 6.595725e+00 -2.831978e+01 1.439201e+01 1.673338e+01 -2.518982e+01 1.549298e+01 2.795428e-01 -2.105299e+00 
9.544394e+00 -7.350515e+00 1.925701e+00 -1.358436e+01 6.494427e+00 -2.861493e+01 1.567363e+01 1.634942e+01 -2.467748e+01 1.708919e+01 -1.631180e+00 -3.247078e+00 
1.007518e+01 -7.382569e+00 -5.866621e-02 -1.161403e+01 6.622447e+00 -3.199186e+01 1.599698e+01 1.939267e+01 -2.411631e+01 1.383681e+01 -3.309310e+00 -8.781907e-01 
1.046485e+01 -6.808058e+00 -1.605594e+00 -1.260865e+01 7.586948e+00 -3.064371e+01 1.438278e+01 2.028948e+01 -2.473328e+01 1.207166e+01 -2.530649e+00 -3.925374e+00 
1.041201e+01 -5.755200e+00 3.261878e-01 -1.199258e+01 4.945135e+00 -3.450492e+01 1.784075e+01 1.622537e+01 -2.379546e+01 1.303061e+01 -5.070063e+00 -5.468985e-01 
9.825468e+00 -5.970950e+00 9.780125e-01 -8.553945e+00 5.226033e+00 -3.741850e+01 1.435614e+01 1.519968e+01 -2.333448e+01 1.337506e+01 -6.581562e+00 2.339921e+00 
7.197073e+00 -1.300278e+00 2.023359e+00 -1.401757e+01 8.817433e+00 -2.939176e+01 1.230432e+01 1.844967e+01 -2.346130e+01 1.056868e+01 -3.596058e+00 8.305508e-01 
8.833577e+00 2.480272e+00 -3.909350e-01 -1.662893e+01 3.647532e+00 -2.567518e+01 1.390468e+01 1.086116e+01 -2.258943e+01 9.779983e+00 -4.776373e+00 5.219427e+00 
4.205720e+00 2.479039e+00 4.261984e+00 -1.048514e+01 6.404937e+00 -2.543630e+01 8.538885e+00 1.183959e+01 -1.934353e+01 8.983848e+00 -2.537592e+00 7.936673e+00 
2.134828e+00 2.615886e+00 5.140907e+00 -1.385630e+01 2.726533e+00 -2.716076e+01 1.115696e+01 9.907422e+00 -2.178857e+01 5.924922e+00 -2.220643e+00 7.746782e+00 
3.241123e+00 2.450684e+00 3.329898e+00 -1.523418e+01 -5.312014e+00 -1.967721e+01 1.403689e+01 8.218519e+00 -2.897723e+01 -2.683751e+00 1.027655e+00 5.442094e+00 
-8.170357e-01 1.491522e+00 7.165725e+00 -1.590895e+01 4.838865e+00 -1.257847e+01 -3.532735e+00 5.666638e+00 -2.312206e+01 2.333780e+00 -8.702233e-01 -4.259917e+00 
3.548912e+00 2.350822e+00 4.446899e+00 -1.394334e+01 1.118891e+01 -1.200321e+01 5.432456e+00 -3.289113e+00 -3.511139e+01 9.870474e-01 1.974337e+00 1.378983e-01 
8.746382e-01 -3.059804e-01 7.432118e+00 -3.810303e+00 1.314153e+01 -1.568903e+01 3.449301e+00 -6.045893e-01 -3.296754e+01 -1.106800e+00 2.287815e+00 -2.196316e+00 
-1.079612e-01 -6.277556e-01 1.127488e+01 7.322574e-01 1.829465e+01 -1.233763e+01 3.488759e+00 7.742189e+00 -2.665266e+01 -5.099730e+00 4.659207e+00 -6.074304e+00 
-6.219095e-01 -7.448527e+00 1.700435e+01 1.302524e+01 1.590018e+01 -1.553131e+01 5.713787e+00 8.910191e+00 -2.577191e+01 2.714452e-01 1.553936e+00 -5.240520e+00 
-3.039499e+00 -8.328169e+00 2.061134e+01 1.549423e+01 2.122109e+01 -1.528328e+01 5.703964e-01 1.695624e+01 -2.183930e+01 -4.482605e+00 2.157980e+00 -9.815494e+00 
-4.696329e+00 -5.377330e+00 2.514696e+01 1.929859e+01 2.271073e+01 -1.746912e+01 6.897956e-01 1.601325e+01 -2.519743e+01 -5.689718e+00 3.977749e+00 -5.660662e+00 
-4.561018e+00 -4.530975e+00 2.547403e+01 2.034516e+01 1.792426e+01 -1.878586e+01 6.833475e+00 1.480390e+01 -1.860989e+01 -6.371181e+00 1.053344e+00 2.495680e+00 
-2.051092e+00 -6.128139e+00 2.259571e+01 1.928982e+01 2.155482e+01 -1.363867e+01 3.070606e+00 1.464494e+01 -2.532488e+01 -5.605684e+00 6.723023e+00 -6.147984e+00 
-2.993621e+00 -7.172984e+00 2.528102e+01 2.013261e+01 2.396110e+01 -2.212351e+01 -1.333329e+00 1.455204e+01 -2.659179e+01 -1.182081e+00 4.680461e-01 -5.086116e+00 
-4.351954e+00 -8.474878e+00 2.737634e+01 2.078309e+01 1.709773e+01 -1.726362e+01 -2.847086e+00 1.110657e+01 -1.968848e+01 -1.955894e+00 3.931390e-02 -1.747731e+00 
-4.919330e+00 -7.767836e+00 3.037022e+01 1.699087e+01 1.213477e+01 -1.241420e+01 -1.282085e+00 1.179448e+01 -1.804682e+01 -4.588960e+00 -3.751581e+00 -2.439029e+00 
-6.057566e+00 -9.546846e+00 3.039045e+01 1.290311e+01 1.010633e+01 -8.127603e+00 5.561591e+00 9.766189e+00 -1.750912e+01 -3.516651e+00 -5.185665e+00 -4.810626e+00 
-7.182445e+00 -1.134312e+01 3.177904e+01 1.438558e+01 8.330211e+00 -6.206813e+00 9.526362e+00 1.230679e+01 -1.896118e+01 -7.248287e+00 -5.425894e+00 -4.970990e+00 
-8.372366e+00 -9.903141e+00 3.266953e+01 8.664868e+00 2.878790e+00 -2.500049e+00 1.077467e+01 9.290933e+00 -1.207879e+01 -3.745664e-01 -8.362103e+00 -3.896660e+00 
-9.676111e+00 -7.812219e+00 2.791086e+01 5.695875e+00 7.782086e+00 -3.089750e-01 1.059481e+01 5.710136e+00 -9.479033e+00 -7.947366e-01 -3.816152e+00 -2.437133e+00 
-1.136662e+01 -4.898366e+00 2.295687e+01 8.183082e+00 8.386764e+00 2.732221e+00 1.683073e+01 1.136917e+01 -4.073437e+00 3.306737e+00 -2.384151e+00 8.917708e-01 
-9.101766e+00 -2.233792e-01 7.878803e+00 7.407770e+00 5.559134e+00 5.469755e+00 1.124868e+01 1.005510e+01 3.961721e+00 3.679200e+00 -6.066576e-02 -9.144893e-01 
-1.160182e+01 -3.509555e+00 3.814722e+00 5.465778e+00 3.535048e+00 4.585603e+00 5.222866e+00 6.407177e+00 1.584527e+00 -2.760890e-01 9.918979e-01 -3.887018e-01 
-1.145896e+01 -3.418940e+00 2.420926e+00 9.920443e-01 2.471114e+00 2.106573e+00 -8.193491e-01 -3.602489e-01 -2.439393e+00 -3.264549e+00 -1.935979e+00 -3.141975e+00 
-1.175107e+01 -3.426953e+00 1.383669e+00 4.181688e+00 3.494654e+00 1.298991e+00 1.307203e-01 1.774911e+00 1.098815e+00 -7.794179e-01 1.119997e+00 1.685734e+00 
-1.279406e+01 -3.146479e+00 2.005445e+00 1.336852e+00 -1.642310e+00 1.104756e-02 1.640890e+00 -7.442125e-01 -9.010966e-01 4.565826e-01 3.900681e+00 4.482349e+00 
-1.231206e+01 -4.168516e+00 2.398967e+00 2.471818e+00 6.800749e-01 -3.953614e-01 -3.085885e+00 -2.538907e+00 -2.574454e+00 1.108722e+00 -7.914199e-01 5.499141e-01 
-1.295783e+01 -5.762597e+00 -4.999833e-02 -1.273838e+00 -1.632988e+00 -1.159096e+00 -4.707767e+00 -1.846161e+00 -2.633424e+00 -4.388504e+00 -5.169002e+00 -4.044131e-01 
-1.244679e+01 -3.365927e+00 -1.274314e-01 -3.092346e+00 -2.415403e+00 1.798331e+00 -1.352802e+00 -3.285354e+00 -1.804037e+00 -2.388865e-01 6.787671e-01 2.682861e+00 
-1.357108e+01 -5.210278e+00 -1.959244e+00 -3.300176e+00 -9.904016e-01 -2.500751e-01 -1.817588e+00 -8.763175e-01 -5.288872e-01 -2.978308e+00 -1.405106e-01 7.503689e-01 
-1.354379e+01 -5.828555e+00 -8.561114e-01 -2.037004e+00 -2.569524e+00 -1.498098e+00 -1.061735e+00 -9.756647e-01 -2.124775e-01 4.998047e-02 3.486260e-01 -6.579614e-01 
-1.401999e+01 -5.258976e+00 -3.585917e+00 -3.310972e+00 -3.108949e+00 -1.081872e+00 -5.590280e-01 -4.979627e+00 -1.500943e+00 -4.337733e+00 3.080092e-01 2.600674e-01 
-1.491374e+01 -7.151409e+00 -2.962985e+00 -2.443891e+00 -4.418359e+00 -1.890763e+00 -4.694956e+00 -8.427782e+00 -8.034581e+00 -6.832056e+00 -1.924176e+00 -3.580809e+00 
-1.519307e+01 -7.258667e+00 -2.927735e+00 -1.521479e+00 2.215695e+00 7.911434e-01 1.388255e+00 -6.083484e-01 -3.077285e+00 -2.443467e+00 6.395390e-01 2.279785e+00 
-1.471571e+01 -5.587532e+00 -1.895102e+00 -1.809606e+00 1.085886e+00 3.988751e+00 3.028073e+00 1.164329e+00 -1.596691e+00 -3.686907e+00 -1.552376e+00 -8.391833e-01 
-1.373892e+01 -6.039989e+00 -1.788776e+00 7.099900e-01 1.240629e+00 2.575809e+00 1.664975e+00 -2.512354e-01 -1.492066e+00 -7.999887e-01 8.683119e-01 -1.220860e+00 
-1.436204e+01 -4.682000e+00 -1.769706e+00 -1.388723e-01 2.622750e+00 1.585637e+00 -1.659842e-01 2.035899e+00 4.157654e+00 3.108031e+00 2.576298e+00 -5.059950e-01 
-1.335041e+01 -6.361765e+00 -2.624937e+00 -2.603312e-01 -1.844284e+00 4.835553e-01 1.238110e+00 2.122061e-01 -9.505554e-01 -2.916158e+00 -8.979954e-01 -1.108714e+00 
-1.518436e+01 -5.320619e+00 -2.023386e+00 -1.928366e+00 -6.051548e+00 -4.749369e+00 -5.672697e+00 -5.577322e+00 -3.949790e+00 -2.569080e+00 1.819932e-01 -1.731207e+00 
-1.424415e+01 -5.778625e+00 -1.739658e+00 -1.273163e+00 -5.330657e+00 -5.185228e+00 -4.360843e+00 1.430150e+00 -1.103894e-01 -3.199773e+00 -5.005840e+00 -6.252817e+00 
-1.446599e+01 -4.990213e+00 -1.802066e+00 -1.630117e+00 -2.771497e+00 -2.758554e+00 -3.285737e+00 4.995075e-01 -4.477240e-01 -2.537567e+00 -1.683599e+00 2.505864e-01 
-1.457807e+01 -5.289181e+00 -2.159761e+00 -2.184779e+00 -5.226253e+00 -9.503289e-01 -8.501825e-02 6.584631e-01 1.270653e+00 1.116600e+00 5.277562e-01 9.210263e-01 
-1.470467e+01 -6.592925e+00 -5.199876e+00 -4.120697e+00 -5.127441e+00 -3.536687e+00 -1.300533e+00 9.323393e-01 -1.171218e+00 1.218141e+00 3.487224e+00 3.732540e+00 
-1.482082e+01 -6.482584e+00 -4.219828e+00 -1.961430e+00 -3.224540e+00 -4.903818e+00 -4.877386e+00 -2.731694e+00 -2.479864e-01 1.874111e-01 -3.533223e+00 -1.370930e+00 
-1.473952e+01 -6.954768e+00 -2.706415e+00 -3.338812e-01 -2.362579e+00 -2.388794e+00 -5.134120e+00 -5.835625e+00 -4.275711e+00 -1.631575e+00 -1.696444e+00 3.283303e-01 
-1.453684e+01 -5.059870e+00 -2.262620e+00 -2.289368e+00 -3.655209e+00 -2.252063e-01 -1.219567e+00 -2.122186e+00 -4.216106e+00 -2.295532e+00 -3.785949e+00 -1.344925e+00 
-1.383183e+01 -5.578902e+00 -4.386251e+00 -2.295441e+00 -1.772195e+00 -1.630342e-01 -6.481931e-01 -1.126028e+00 -1.079909e+00 1.839205e+00 -9.021612e-01 -2.234511e+00 
-1.571341e+01 -6.104714e+00 -1.884700e+00 1.070318e+00 -1.835583e+00 2.937668e-01 -3.283688e+00 -2.981942e+00 -6.640223e+00 -6.546253e+00 -3.004511e+00 2.313536e-01 
-1.479120e+01 -6.019648e+00 -4.308240e+00 -3.368328e+00 -7.480899e+00 -2.650571e+00 -8.023273e+00 -4.570961e+00 -3.325847e+00 -6.889391e+00 -8.543662e+00 -2.131575e+00 
-1.536903e+01 -4.970488e+00 -3.186616e+00 2.133583e-01 -1.995919e+00 -1.570741e+00 -4.494078e+00 -3.334222e+00 -3.605480e+00 -2.273648e+00 -1.994300e+00 -2.515148e+00 
-1.443289e+01 -4.441593e+00 -8.826929e-01 2.984644e+00 1.226279e-01 -1.570086e+00 -4.577094e+00 -4.062410e+00 -2.141372e+00 -1.706856e+00 -1.369427e+00 2.113191e+00 
-1.059483e+01 -2.618731e+01 8.117458e+00 -1.154251e+01 -7.784848e-01 -5.914278e+00 2.261458e+00 5.784483e-01 -5.346684e+00 -9.476939e+00 -1.515100e+01 -2.923913e+00 
-8.145880e+00 -2.303120e+01 1.695754e+01 -1.046355e+01 4.891068e+00 -4.358667e+00 2.474122e+00 -3.042087e+00 -4.713231e+00 -1.110160e+01 -1.166490e+01 -2.987680e-01 
2.036684e+00 -1.028718e+01 1.603123e+01 -3.107191e+00 1.390468e+01 2.030658e+00 -8.790913e+00 -3.342814e+00 -1.478444e+01 -3.697520e-01 -3.528710e+00 -2.345574e+00 
7.427043e+00 -1.209269e+01 9.006206e+00 -6.613977e+00 2.665947e+01 -1.012104e+01 -1.368987e+01 8.648666e+00 -2.733430e+01 -9.317295e-01 9.806016e-03 -6.116291e+00 
7.922408e+00 -1.336623e+01 8.119192e+00 -4.756332e+00 2.503311e+01 -1.346066e+01 -1.530611e+01 1.150235e+01 -2.755116e+01 -7.873290e+00 4.393289e+00 -4.712565e+00 
6.305068e+00 -1.288542e+01 6.287379e+00 -3.468194e+00 2.418669e+01 -1.494035e+01 -1.574169e+01 1.155444e+01 -2.642185e+01 -6.424578e+00 4.707114e+00 -3.249246e+00 
6.763847e+00 -1.200208e+01 3.333365e+00 -2.593016e+00 2.816712e+01 -2.228058e+01 -1.458767e+01 1.326321e+01 -2.925939e+01 -6.270516e+00 6.390452e+00 -4.153188e+00 
7.640753e+00 -1.309500e+01 3.489965e+00 -1.954682e+00 2.692234e+01 -2.559010e+01 -8.092965e+00 7.604177e+00 -3.155543e+01 -2.002288e+00 6.358514e+00 -7.472611e+00 
7.767353e+00 -1.507620e+01 5.428681e+00 -1.279236e+00 2.414940e+01 -2.729296e+01 -8.624881e+00 9.247435e+00 -3.588371e+01 -1.565048e+00 7.599234e+00 -7.696362e+00 
7.495570e+00 -1.383102e+01 6.324940e+00 -3.858386e-01 2.124036e+01 -2.877593e+01 -1.080533e+01 7.796428e+00 -3.375634e+01 -3.535033e+00 7.119470e+00 -8.930243e+00 
6.345719e+00 -1.018793e+01 8.065451e+00 -8.588533e-01 2.199357e+01 -2.236108e+01 -1.271366e+01 1.786189e+00 -3.144953e+01 -2.428256e-01 1.201577e+00 -5.816692e+00 
6.162208e+00 -7.459006e+00 7.427495e+00 3.606783e+00 1.844132e+01 -2.579232e+01 -9.401233e+00 3.703859e+00 -2.929427e+01 -7.038076e-02 -5.560511e-01 -4.510756e+00 
-2.165582e-01 -1.329288e+01 6.175275e+00 7.090627e+00 2.287044e+01 -2.675435e+01 -8.929785e+00 -1.639412e+00 -3.528132e+01 6.005784e-01 9.544055e-01 -6.810297e+00 
-2.599885e+00 -3.307983e+00 5.782331e+00 2.330791e+00 1.489777e+01 -1.618314e+01 -1.407932e+01 -3.829884e+00 -2.357036e+01 2.387614e+00 -8.164148e-01 -8.080316e-01 
-1.288590e+00 -4.339266e+00 2.258548e+00 9.130461e+00 7.480058e+00 -7.874333e+00 -9.112214e+00 -1.392034e+01 -2.405100e+01 -8.111824e+00 2.976216e+00 1.615033e+00 
