-1.760084e+01 -3.519965e+01 1.861856e+01 8.186064e+00 -1.257609e+01 -6.560062e+00 -7.212656e+00 3.843387e+00 -1.256339e+00 -4.664456e+00 -1.592896e+00 -1.102565e+00 
-1.833481e+01 -3.622079e+01 2.305658e+01 4.390085e+00 -4.721729e+00 -1.187387e+01 -1.077810e+01 8.950714e+00 2.073722e+00 5.971625e-01 -2.145280e-01 -1.429806e-01 
-2.165264e+01 -3.967366e+01 2.203588e+01 -7.169252e-01 -3.412669e+00 -1.894359e+01 -1.214942e+01 5.553978e+00 -9.170688e-01 1.361693e+00 -3.736994e+00 -1.328153e+00 
-2.213135e+01 -3.793502e+01 2.308310e+01 2.496750e+00 5.310081e+00 -1.674476e+01 -5.561634e+00 5.263900e+00 1.649080e+00 3.687687e+00 -3.194579e+00 -3.563613e+00 
-2.293025e+01 -3.517085e+01 2.339781e+01 -1.175659e+00 6.810464e+00 -1.956949e+01 -3.407241e-01 2.543469e+00 4.798974e+00 2.634010e+00 -4.819014e+00 -1.344553e+00 
-2.407736e+01 -3.485217e+01 2.519603e+01 -1.432110e+00 8.031774e+00 -2.354546e+01 -3.464375e+00 -5.794863e-01 8.065838e+00 5.807822e-01 -3.749915e+00 -2.255606e+00 
-2.340132e+01 -3.210802e+01 2.296952e+01 -7.220034e-01 5.429478e+00 -1.929199e+01 7.487307e-02 1.625432e+00 7.650620e+00 -2.592393e-01 -6.555809e+00 -5.155015e-01 
-2.344015e+01 -3.421982e+01 2.246918e+01 -6.606829e+00 2.702990e+00 -2.967845e+01 -2.466645e+00 -3.580218e+00 2.678533e+00 -7.383221e+00 -6.919010e+00 -1.710045e+00 
-2.331729e+01 -3.273035e+01 2.467768e+01 -4.967406e+00 5.756983e+00 -2.682160e+01 3.982278e+00 6.911496e-02 5.547919e+00 -5.926803e+00 -1.661716e+00 -2.550093e-02 
-2.553448e+01 -2.966441e+01 2.479276e+01 -2.281867e+00 3.654815e+00 -2.205371e+01 6.014800e+00 6.465547e-01 6.085097e+00 -2.463094e+00 -2.896546e+00 6.319454e-02 
-2.678790e+01 -2.705112e+01 2.803596e+01 -8.212398e+00 6.410554e+00 -2.449613e+01 1.164538e+01 -3.775776e+00 5.948169e+00 -4.237502e+00 -1.003402e-02 -1.548051e+00 
-2.666759e+01 -2.289327e+01 2.732097e+01 -9.702859e+00 6.581738e+00 -2.084675e+01 1.192112e+01 -3.039173e+00 1.710614e+00 -4.660539e+00 2.548531e-01 4.535454e+00 
-2.412001e+01 -1.594245e+01 1.875065e+01 -6.545890e+00 2.192312e+00 -1.132976e+01 8.132813e+00 -1.256335e+00 3.959667e+00 -4.922979e+00 -3.317612e+00 9.106546e-01 
-2.061311e+01 -1.842739e+01 1.291869e+01 -3.983075e+00 -5.413660e+00 -1.174239e+01 -3.896280e+00 5.041724e+00 -4.256001e+00 -7.272476e+00 -5.744855e+00 3.122112e-01 
-1.518821e+01 -2.564931e+01 2.786312e+00 -4.177741e+00 -3.528231e+00 1.002907e+01 7.323857e+00 -8.918360e-01 -1.064670e+01 -4.384568e+00 -1.694862e+00 4.354716e+00 
-8.036917e+00 -2.948910e+01 2.077331e+00 -1.598294e+01 -1.012723e+01 -9.697450e+00 4.060357e+00 -1.659298e+01 -5.075904e+00 -1.047481e+01 -6.050192e+00 -1.043658e+00 
-1.132611e+01 -2.552096e+01 6.540862e+00 -2.041201e+01 -5.025737e+00 -2.338671e+01 4.038119e+00 -1.928734e+01 -8.303963e+00 -1.030638e+01 -6.743449e+00 -8.888688e+00 
-5.930487e+00 -1.628366e+01 1.432715e+01 -3.405003e+00 7.794897e+00 -3.473571e+00 1.201502e+01 -2.338423e+00 -6.580447e+00 -3.986813e+00 -4.203285e+00 -7.671958e-01 
1.140093e+01 -6.534856e+00 1.042128e+00 -6.483259e+00 -5.610560e-02 -1.239192e+01 1.548983e+00 4.788585e+00 -1.113621e+01 -5.189692e+00 -3.037276e+00 -7.032108e+00 
1.316425e+01 -9.672807e+00 1.199735e+00 -3.477791e+00 -1.352219e+00 -2.255965e+01 2.991466e+00 1.131805e+01 -1.853252e+01 -6.998641e+00 3.537432e+00 -8.207239e+00 
1.277403e+01 -1.185472e+01 1.667052e+00 -4.241219e+00 -1.405924e+00 -2.232213e+01 3.341833e+00 1.373809e+01 -1.972108e+01 -3.488284e+00 5.848382e+00 -6.036376e+00 
1.259260e+01 -1.139267e+01 2.393045e+00 -7.044404e+00 9.206544e-01 -2.438161e+01 5.244389e+00 1.614997e+01 -2.046060e+01 5.732667e-02 4.311307e+00 -5.416846e+00 
1.222148e+01 -1.159677e+01 2.622201e+00 -8.432454e+00 3.120162e+00 -2.600847e+01 5.143084e+00 1.558774e+01 -2.036525e+01 3.060965e+00 2.463276e+00 -3.426386e+00 
1.195666e+01 -1.134008e+01 2.550652e+00 -9.090932e+00 1.325360e+00 -2.427073e+01 5.699520e+00 1.391843e+01 -1.732956e+01 1.257357e+00 1.833221e+00 -9.623258e-01 
1.115585e+01 -9.189467e+00 -7.676014e-01 -7.596238e+00 3.525348e+00 -2.839696e+01 8.585968e+00 1.406021e+01 -1.659724e+01 2.563447e-02 3.333499e+00 -2.433332e+00 
1.028056e+01 -8.166440e+00 -1.443060e+00 -7.972874e+00 2.295407e+00 -2.613692e+01 8.561753e+00 1.363922e+01 -1.641042e+01 1.103469e-02 2.593051e+00 -1.655155e+00 
1.258433e+01 -9.333467e+00 -1.957409e+00 -6.288593e+00 6.142481e-01 -2.726027e+01 9.211093e+00 1.378480e+01 -1.513039e+01 -3.575208e-01 1.176481e+00 -2.550093e-02 
1.316934e+01 -6.987517e+00 -1.923386e+00 -9.332148e+00 -1.594371e+00 -2.530319e+01 9.085574e+00 1.213179e+01 -1.452725e+01 1.009517e+00 -3.583480e-01 7.145205e-01 
1.288797e+01 -7.006926e+00 -1.842052e-01 -7.099418e+00 -3.376226e+00 -2.535227e+01 5.928320e+00 1.631185e+01 -1.674692e+01 -7.691634e-01 3.931532e+00 -6.456997e-01 
1.492947e+01 -7.830231e+00 -2.397208e+00 -6.332604e+00 -1.457231e+00 -2.520322e+01 -3.016847e-01 1.451652e+01 -1.671310e+01 3.401389e+00 6.569168e+00 -4.195861e+00 
1.019398e+01 -2.817149e+00 -2.201075e+00 -7.865385e+00 -3.601144e-01 -1.893147e+01 2.929695e+00 1.309329e+01 -1.260804e+01 4.943268e+00 5.734057e+00 -8.273460e-02 
1.027738e+01 -3.497706e+00 4.137009e-01 -5.294952e+00 -4.094531e+00 -2.256328e+01 7.042180e+00 1.586750e+01 -1.517364e+01 3.781658e-01 3.173106e+00 -4.865930e+00 
7.904857e+00 -1.723031e+01 -2.383699e+00 1.594517e+00 -3.314370e+00 -2.411077e+01 1.056215e+01 9.430375e+00 -2.187977e+01 2.718404e+00 4.855126e+00 -1.741077e-01 
6.491659e+00 -8.832598e+00 -1.366008e+00 -2.057164e-01 -5.158082e+00 -2.156354e+01 7.435046e+00 7.475337e+00 -1.883632e+01 7.442286e-01 8.236724e-01 -7.036029e-01 
2.695119e+00 -3.401915e+00 -7.996231e-01 -9.065540e+00 -3.931977e+00 -1.387397e+01 6.316738e+00 -2.769143e-01 -1.987686e+01 -1.093563e+00 2.093895e+00 2.045287e+00 
5.939747e+00 -2.330679e+00 -2.945580e+00 -4.000003e+00 -9.983409e-01 -1.634486e+01 7.217611e+00 -1.669723e+00 -2.258936e+01 -4.975325e+00 -7.412125e-01 4.603064e+00 
2.675385e+00 -9.068632e+00 4.955786e+00 3.007113e+00 -5.800145e+00 -1.690835e+01 7.047122e+00 -1.761527e+00 -2.527525e+01 -3.545614e+00 2.188277e+00 -6.829615e+00 
2.322722e+00 -8.476979e+00 2.005282e+00 4.710013e+00 7.322073e-01 -1.022338e+01 1.005415e+01 1.131155e-01 -2.046504e+01 -4.287392e-01 4.146981e+00 -6.626787e+00 
1.204894e+00 -2.463410e+00 8.187480e+00 6.584728e+00 1.209897e+01 -9.541125e+00 7.003141e+00 7.584574e-01 -2.362990e+01 -2.554254e+00 1.580132e+00 -4.184386e-01 
1.026016e+00 -3.508976e+00 1.123905e+01 1.248733e+01 1.158973e+01 -1.538874e+01 6.365661e+00 3.784177e+00 -2.041348e+01 -5.447147e+00 1.885468e+00 4.484341e-01 
5.466746e-01 -6.333882e+00 1.247239e+01 1.875895e+01 1.157247e+01 -1.367462e+01 7.994941e+00 1.110674e+01 -1.808515e+01 -8.899817e+00 8.599082e-01 -1.791282e-01 
4.136302e-01 -5.671482e+00 1.744327e+01 2.710333e+01 1.175085e+01 -1.683807e+01 3.695659e+00 9.230471e+00 -2.231938e+01 -1.326515e+01 4.834901e+00 3.788165e-01 
3.818014e-01 -6.571795e+00 1.819127e+01 3.187856e+01 1.612013e+01 -1.846856e+01 -1.437288e+00 8.519943e+00 -1.619366e+01 -1.297672e+01 2.131254e+00 5.039942e-01 
7.554716e-01 -9.722894e+00 1.819428e+01 3.505415e+01 1.884806e+01 -1.910537e+01 -3.935813e+00 9.744354e+00 -1.122324e+01 -1.839288e+01 -4.771680e-01 1.483661e+00 
3.321485e-01 -1.005472e+01 2.001201e+01 3.496782e+01 1.476792e+01 -2.053652e+01 9.105151e-01 1.059612e+01 -1.591205e+01 -1.173217e+01 1.066930e+00 -4.365889e+00 
5.791400e-01 -8.456944e+00 1.751982e+01 2.992852e+01 1.502685e+01 -1.672840e+01 2.745179e-01 8.823058e+00 -1.434209e+01 -1.158689e+01 1.994738e+00 1.569344e+00 
-2.155591e+00 -1.220345e+01 2.117030e+01 2.840251e+01 1.282159e+01 -1.289664e+01 4.731440e+00 1.368648e+01 -1.433821e+01 -1.385235e+01 1.026762e+00 2.255240e-01 
-1.401885e+00 -5.853047e+00 2.243466e+01 2.286300e+01 9.821781e+00 -8.292351e+00 6.085770e-01 8.919751e+00 -1.133910e+01 -1.317649e+01 -1.020987e+00 -1.013870e+00 
-3.189390e+00 -6.517952e+00 2.212495e+01 2.086810e+01 8.917907e+00 -3.416010e+00 8.219788e+00 7.725760e+00 -1.456550e+01 -1.339833e+01 -1.419301e+00 -1.943331e+00 
-3.885168e+00 -4.208941e+00 2.172367e+01 1.847456e+01 4.548141e+00 -9.196724e-01 8.020144e+00 5.141133e+00 -9.579554e+00 -1.057808e+01 -2.582501e+00 -1.583768e-01 
-7.089055e+00 -5.582255e-01 2.194382e+01 1.524735e+01 8.973530e+00 -9.130074e-01 7.589227e+00 6.098825e+00 -4.557020e+00 -7.439127e+00 -9.802570e-01 5.145277e+00 
-6.857342e+00 1.356350e+00 1.252343e+01 1.308571e+01 9.948372e+00 8.456135e+00 7.440482e+00 5.566472e+00 -7.612927e-01 -3.281750e+00 -4.903702e-01 1.530184e+00 
-8.864466e+00 2.888709e-01 8.636786e+00 1.017673e+01 7.055493e+00 5.333290e+00 3.724815e+00 4.576187e+00 -2.653335e+00 -4.644159e+00 -3.968454e+00 -1.486131e+00 
-1.031013e+01 -1.592522e+00 5.789852e+00 7.254208e+00 4.819543e+00 5.189690e+00 6.929509e+00 8.250507e+00 2.324295e+00 -2.261546e+00 -2.367895e+00 -1.934629e+00 
-1.016117e+01 -2.579862e+00 4.189765e+00 4.752332e+00 3.898406e+00 4.805544e+00 3.782139e+00 4.580533e+00 5.805697e+00 2.988322e+00 1.429851e+00 3.885228e-01 
-1.163675e+01 -4.211446e+00 2.228934e+00 1.399852e+00 4.566842e+00 7.664215e+00 5.886316e+00 4.449074e+00 3.272256e+00 2.583445e+00 1.234346e+00 1.910738e+00 
-1.227142e+01 -4.185150e+00 -7.761071e-01 -1.651320e+00 -4.377948e-01 -1.435053e-01 7.528747e-01 3.087772e+00 3.939156e+00 -6.455994e-01 -8.990774e-01 -1.358945e+00 
-1.321355e+01 -4.695411e+00 -2.277347e-01 -2.157451e+00 -5.862001e+00 2.988069e-01 -4.662434e-01 -1.187889e+00 1.317016e+00 2.109842e+00 1.268054e+00 -3.655560e-01 
-1.358850e+01 -5.174368e+00 5.795928e-02 8.712839e-02 -2.155876e+00 1.107693e+00 1.381459e+00 -2.052097e-01 -1.084487e+00 1.099609e+00 -1.457503e+00 -5.884661e-01 
-1.473242e+01 -7.338753e+00 -4.753308e+00 -5.231474e+00 -2.681418e+00 8.356407e-01 -5.488002e+00 -2.039111e+00 -1.182055e+00 9.959858e-01 4.565382e-01 -3.517759e+00 
-1.426900e+01 -4.831272e+00 -2.412719e+00 2.775621e-01 2.411448e+00 8.762364e-01 -2.646219e-01 -2.510080e+00 -1.020180e+00 2.760779e+00 4.481112e-01 -2.534411e+00 
-1.331541e+01 -4.593985e+00 -3.953486e-01 2.622859e+00 3.206474e+00 2.887848e+00 1.068650e+00 -1.028727e+00 -5.040680e-01 2.271827e-01 1.440244e+00 3.602646e+00 
-1.417351e+01 -6.286926e+00 8.269815e-01 3.190775e+00 6.952577e-02 2.303754e+00 2.353987e+00 8.410264e-01 1.409040e+00 -2.945955e+00 -3.166320e-02 -1.328488e+00 
-1.515957e+01 -6.980004e+00 -1.324480e+00 -2.109207e+00 1.088003e+00 2.541875e+00 -1.425619e-01 -4.284770e+00 -3.691658e+00 -5.641573e+00 -6.063113e+00 -4.129925e+00 
-1.503352e+01 -7.000665e+00 -2.069986e+00 -1.079172e+00 -1.271182e+00 -4.652420e-01 -1.954190e+00 -3.014185e+00 -2.392230e+00 -6.359849e-01 -3.855951e-01 -4.730377e+00 
-1.344590e+01 -4.716698e+00 -1.176379e+00 -1.033468e+00 -8.487341e-01 -3.171223e+00 -5.181122e+00 -1.612685e+00 -2.577942e+00 -7.403199e-01 2.558501e+00 -1.657163e+00 
-1.399909e+01 -5.707169e+00 -1.715745e+00 -1.156192e+00 -2.454130e+00 -2.503514e+00 -3.757418e+00 -4.456427e+00 -3.660060e+00 -1.766934e+00 -2.845703e+00 -1.432914e+00 
-1.358786e+01 -5.700282e+00 -3.609531e+00 -1.713105e+00 -5.302414e+00 -4.171576e+00 -1.688821e+00 -1.737031e-01 -2.037437e+00 -1.876966e+00 -6.347520e-01 -5.785017e+00 
-1.561408e+01 -6.864804e+00 -2.482266e+00 -1.467657e+00 -4.626786e+00 -3.723205e+00 -5.273038e+00 -2.566031e+00 -2.452656e+00 4.272689e-02 1.138840e+00 2.010478e+00 
-1.552369e+01 -8.021814e+00 -2.853018e+00 -2.408823e+00 -2.083470e+00 8.210989e-01 -1.840037e+00 -4.138050e-01 1.062862e-01 -1.338911e+00 -5.221118e-01 -5.047911e-01 
-1.503034e+01 -6.736456e+00 -2.928569e+00 -9.268255e-01 -2.765811e+00 -2.384150e+00 -4.019822e+00 -1.828886e+00 -6.670509e-01 -3.947643e+00 -4.830250e+00 -4.719332e+00 
-1.425817e+01 -6.249987e+00 -3.364365e+00 8.336287e-01 -9.144268e-01 -6.124775e-01 -2.415745e+00 -2.053777e+00 -2.876189e+00 -1.926107e+00 -2.802583e-01 -6.353241e-01 
-1.463439e+01 -5.360316e+00 -2.650880e+00 -2.251829e-01 -2.219171e+00 -2.950067e+00 -6.493145e+00 -3.614984e+00 -5.614191e+00 -3.725085e+00 -1.024077e+00 -1.234771e+00 
-1.465922e+01 -6.266265e+00 -3.015628e+00 -1.579378e+00 -3.884328e-02 1.089516e+00 -3.569633e+00 -3.704071e+00 -5.017141e+00 -3.997495e+00 -1.178010e+00 -1.036294e+00 
-1.406020e+01 -4.574576e+00 -2.833004e+00 -1.954321e+00 -1.054923e+00 -8.075796e-01 -5.377308e+00 5.015342e-03 -6.171582e-01 -1.735242e+00 -3.368455e+00 -9.737056e-01 
-1.487820e+01 -4.600872e+00 -2.431731e+00 -2.289485e+00 -4.111313e+00 -3.079731e+00 -2.618355e+00 -1.594216e+00 -3.374562e+00 -2.609804e+00 -1.989806e+00 -1.036964e+00 
-1.420152e+01 -6.802822e+00 1.462913e+00 6.101864e-01 -6.479609e+00 -1.732194e+00 -5.117071e-01 -4.880136e+00 -1.649383e+00 -1.253449e+00 -6.274487e-01 2.027883e+00 
-1.479608e+01 -4.554542e+00 1.360123e-01 2.033784e+00 -1.065472e+00 -1.516491e+00 -3.257317e+00 5.906034e-01 -1.387169e+00 1.332493e+00 -4.844714e-01 -3.654602e-02 
-1.421680e+01 -4.094994e+00 -3.298320e+00 -2.402899e+00 -3.995752e+00 4.945149e-01 -1.384412e+00 -2.298769e+00 -3.417248e+00 -3.479381e+00 -1.108066e+00 -1.853297e+00 
-1.463503e+01 -5.362821e+00 -3.104689e+00 -1.015695e+00 -2.371655e+00 -1.302000e+00 -2.542253e+00 -4.568329e+00 -4.926780e+00 -2.967321e+00 -1.535874e+00 -2.132771e+00 
-1.399845e+01 -2.591915e+01 8.972513e+00 -6.335144e+00 2.450261e-01 -1.604857e+01 6.650303e+00 -1.071266e+01 -7.197154e-01 -2.668559e+00 -6.812831e+00 -2.935716e+00 
-1.074937e+01 -2.115024e+01 1.583267e+01 -5.110443e+00 9.195542e+00 -1.262216e+01 7.861515e+00 -1.122600e+01 -1.454247e+00 -2.076734e+00 -5.932495e+00 -1.298365e+00 
2.273705e+00 -1.098634e+01 1.700447e+01 1.821727e+01 1.338357e+01 -1.315900e+01 -1.004722e+01 -9.090611e+00 -1.018326e+01 -9.587431e+00 -4.294577e+00 3.315138e+00 
1.143722e+01 -1.289215e+01 3.528816e+00 1.251780e+01 1.043987e+01 -1.033850e+01 -1.059476e+01 1.316360e-02 -1.738167e+01 -1.586320e+01 4.393610e+00 -3.489645e+00 
1.372125e+01 -1.440290e+01 -8.491568e-01 9.752699e+00 1.047343e+01 -1.202292e+01 -7.424655e+00 -7.402785e-01 -2.054874e+01 -1.284176e+01 6.827313e+00 -9.461695e+00 
1.270464e+01 -1.353952e+01 4.452223e-01 6.667672e+00 1.210377e+01 -9.573845e+00 -8.775224e+00 -1.420386e+00 -1.899376e+01 -1.137858e+01 8.996692e+00 -1.025359e+01 
1.190192e+01 -1.617598e+01 1.576991e+00 7.096783e+00 1.150678e+01 -1.211623e+01 -8.777200e+00 -1.900590e+00 -1.859018e+01 -9.491643e+00 1.136832e+01 -1.472385e+01 
1.159318e+01 -1.494384e+01 -1.326981e+00 7.316840e+00 1.511364e+01 -1.326261e+01 -1.140174e+01 1.222908e+00 -2.074610e+01 -8.466453e+00 7.812424e+00 -1.023385e+01 
1.107628e+01 -1.357145e+01 -1.280450e+00 6.063363e+00 1.535963e+01 -1.358737e+01 -1.069804e+01 -9.439339e-02 -2.054542e+01 -8.727468e+00 7.313549e+00 -6.163897e+00 
1.141112e+01 -1.565257e+01 -5.044227e-01 5.843306e+00 1.714340e+01 -1.701378e+01 -1.125250e+01 -6.283758e-01 -1.934855e+01 -9.079644e+00 7.798660e+00 -5.171511e+00 
1.205024e+01 -1.534641e+01 -1.096325e+00 7.743411e+00 1.382281e+01 -1.857096e+01 -1.043860e+01 -8.483787e-01 -2.519930e+01 -8.264193e+00 9.619723e+00 -7.408980e+00 
1.255632e+01 -1.792464e+01 -1.461072e+00 9.258417e+00 1.337830e+01 -2.032264e+01 -1.383800e+01 7.807294e-01 -2.826382e+01 -1.072906e+01 9.614668e+00 -1.008558e+01 
1.099098e+01 -1.400658e+01 -5.434492e-01 9.925359e+00 1.277987e+01 -2.127149e+01 -1.574154e+01 9.344598e-01 -2.315203e+01 -8.687230e+00 1.148938e+01 -8.473660e+00 
9.739470e+00 -1.454189e+01 -2.356180e+00 1.045519e+01 1.379547e+01 -1.927321e+01 -2.036994e+01 -5.963260e-01 -2.730921e+01 -1.191770e+01 9.512139e+00 -5.496505e+00 
4.909131e+00 -5.714056e+00 -4.668751e+00 5.967722e+00 3.635155e+00 -1.204958e+01 -1.905446e+01 -1.378781e+01 -2.361437e+01 -1.408488e+01 7.576612e-01 1.479644e+00 
2.437305e+00 -2.030783e+00 -1.340490e+00 8.313866e+00 2.965760e+00 -1.022156e+01 -1.234807e+01 -9.929882e+00 -1.800643e+01 -1.296568e+01 4.014397e+00 7.210375e+00 
-3.769973e-01 -1.670157e+00 1.163210e+00 1.115260e+01 6.905407e+00 -9.429639e+00 -1.579837e+01 -1.306859e+01 -1.381156e+01 -1.276128e+01 -5.372803e-01 7.110969e+00 
