-1.830083e+01 -3.518684e+01 1.911924e+01 8.612245e-03 -1.896577e+01 -2.061710e+00 -5.969574e+00 5.557647e+00 -9.668734e+00 -7.690555e+00 2.600068e+00 -7.976305e+00 
-1.798741e+01 -3.400724e+01 2.271721e+01 3.655416e+00 -1.303019e+01 -5.155736e+00 -1.134672e+01 7.434270e+00 -6.308407e+00 -3.329131e+00 3.996778e+00 -7.898141e+00 
-1.739045e+01 -3.653558e+01 2.550826e+01 1.541240e+00 -1.328970e+01 -9.231890e+00 -1.134465e+01 9.138795e+00 -6.635095e+00 -4.966744e+00 3.946569e+00 -8.589391e+00 
-1.748517e+01 -3.553959e+01 2.668186e+01 3.687004e-01 -1.088923e+01 -9.726855e+00 -8.449969e+00 9.306918e+00 -3.287947e+00 -5.835322e+00 3.333634e+00 1.025573e+00 
-1.940639e+01 -3.734357e+01 2.353016e+01 -1.013283e+00 -6.853575e+00 -9.468640e+00 -7.286469e+00 1.006234e+01 -5.851124e+00 -5.795172e+00 5.830040e+00 1.415822e+00 
-1.854368e+01 -3.559618e+01 2.189280e+01 -4.761129e-02 2.780597e-01 -1.063549e+01 -1.041095e+01 7.453014e+00 1.498574e-01 -6.682044e+00 3.849087e+00 -5.728038e+00 
-2.041785e+01 -3.785414e+01 2.210328e+01 -3.255357e+00 9.076499e-01 -1.437342e+01 -8.467145e+00 -1.713053e-02 -2.128567e+00 -2.284509e+00 4.313026e+00 -3.680154e+00 
-2.040005e+01 -3.889792e+01 2.113232e+01 -5.455800e+00 -7.205645e-01 -1.639101e+01 -6.632316e+00 8.115602e-01 -5.448556e+00 -4.400362e+00 5.258700e-01 -6.496882e+00 
-2.139563e+01 -3.731464e+01 2.123967e+01 -8.241654e+00 1.177973e+00 -1.492303e+01 -7.637681e+00 -5.298259e+00 -5.436575e+00 -4.198898e+00 1.157063e+00 -3.081563e+00 
-2.136257e+01 -3.590113e+01 1.945998e+01 -7.855386e+00 3.373563e-01 -1.323975e+01 -9.768023e-01 -5.186934e+00 -9.536108e-01 -1.317099e+00 4.675897e+00 -1.313363e+00 
-1.962000e+01 -3.241768e+01 2.422371e+01 -5.002578e+00 8.741648e-01 -1.247356e+01 5.984353e+00 1.451680e+00 1.681054e+00 -5.815604e+00 5.110820e+00 -2.045542e+00 
-2.360611e+01 -3.317850e+01 2.173118e+01 -8.088005e+00 -1.382593e+00 -1.354610e+01 2.302554e+00 7.894088e-01 8.200057e-01 -1.327077e+00 4.937372e+00 -5.191694e+00 
-2.467924e+01 -3.255286e+01 2.227757e+01 -1.302065e+01 -2.690606e+00 -1.892243e+01 2.719211e+00 -3.562178e-01 2.997388e+00 -4.490166e+00 4.025468e+00 -6.150973e+00 
-2.386930e+01 -2.342355e+01 2.580618e+01 -1.186700e+01 -3.419605e+00 -7.782764e+00 -1.419222e+00 1.584588e+00 3.686307e+00 -2.526124e+00 1.853461e+00 -1.524547e+00 
-2.039624e+01 -1.897491e+01 1.802405e+01 -3.690553e+00 -5.002127e+00 -4.384994e+00 -6.930520e+00 5.871742e+00 -1.481582e+00 -1.332303e+00 2.535515e+00 2.953839e-01 
-1.852588e+01 -1.794244e+01 1.227730e+01 -2.028311e+00 -8.898609e+00 -1.275357e+00 -1.976837e+00 1.133690e+01 -1.004331e+00 -1.114446e+00 4.399424e+00 -2.202153e+00 
-1.767017e+01 -1.649876e+01 1.094993e+01 -6.570572e-01 -1.340934e+01 -1.725445e+00 1.246254e+00 6.764616e+00 -6.020459e+00 -7.521638e+00 5.152226e+00 -2.537261e+00 
-1.548894e+01 -1.469352e+01 8.660637e+00 7.566856e-01 -1.167160e+01 2.459328e+00 5.541959e-01 -5.659498e+00 -7.663480e+00 -5.023525e+00 3.795618e+00 -2.771468e+00 
-7.110476e+00 -2.489742e+01 3.676185e+00 -1.422195e+01 -6.588136e+00 -1.034020e+01 -2.559623e+00 -2.614528e+00 -6.008877e+00 1.213088e+00 -4.451619e+00 -6.579266e-01 
-4.100232e+00 -2.716419e+01 1.142093e+01 -2.172800e+01 -1.271674e+00 -1.928601e+01 -1.423664e+00 -8.628358e+00 -5.141438e+00 1.461333e-01 -6.696657e+00 -2.716895e+00 
-2.105906e+00 -2.079775e+01 1.350336e+01 -1.468805e+01 2.507611e+00 -7.196089e+00 -2.877668e+00 -6.469445e+00 -9.712665e+00 4.530817e-01 -4.906104e+00 2.079217e+00 
1.106606e+01 -1.306245e+01 3.395149e+00 -8.751958e+00 3.460891e+00 -1.252885e+01 -4.424954e+00 1.282218e+01 -1.496762e+01 -5.548093e+00 6.514376e+00 -8.774425e+00 
1.274951e+01 -1.491422e+01 3.858315e+00 -1.037686e+01 3.540988e-01 -1.317406e+01 -7.771236e+00 1.528383e+01 -1.676360e+01 -4.327426e+00 9.701964e+00 -1.076376e+01 
1.376479e+01 -1.425526e+01 -1.045325e+00 -7.803025e+00 -1.626756e+00 -1.782258e+01 -2.947851e+00 1.627610e+01 -1.520804e+01 -4.929207e+00 1.466935e+01 -1.244811e+01 
1.474701e+01 -1.317815e+01 -3.625299e+00 -8.825778e+00 -7.254478e-01 -1.937967e+01 -9.634764e-01 1.731324e+01 -1.569807e+01 -1.937410e+00 1.356932e+01 -1.006938e+01 
1.501148e+01 -1.367300e+01 -5.092591e+00 -7.940365e+00 -1.265047e+00 -2.114945e+01 4.431467e-01 1.795961e+01 -1.462575e+01 -3.874629e-01 1.092718e+01 -5.981003e+00 
1.493201e+01 -1.417666e+01 -3.362356e+00 -7.642938e+00 -2.023345e+00 -2.225841e+01 -5.805787e-01 1.904730e+01 -1.272114e+01 -4.544594e-01 9.764889e+00 -2.295949e+00 
1.290463e+01 -1.168856e+01 -7.152107e+00 -4.798285e+00 -7.105760e+00 -1.781607e+01 -2.460716e+00 1.649932e+01 -6.820803e+00 -1.608842e+00 8.182343e+00 -8.998071e-01 
1.546222e+01 -1.156155e+01 -4.786829e+00 -8.859255e+00 -5.837511e+00 -2.377648e+01 -2.719831e+00 2.030596e+01 -6.786457e+00 -2.928103e+00 8.724529e+00 -2.577622e+00 
1.603376e+01 -5.605080e+00 -7.048981e+00 -1.056184e+01 -5.600325e+00 -1.761835e+01 1.408534e+00 1.432507e+01 -1.278701e+00 -2.050734e+00 3.709872e+00 7.814188e-01 
1.674897e+01 -1.772643e+00 -1.284035e+01 -1.160820e+01 -1.135279e+01 -1.606190e+01 -8.598305e-01 1.374970e+01 -6.672602e-01 -3.388050e+00 8.001070e+00 1.635248e+00 
7.782445e+00 2.163543e+00 -6.210701e+00 -8.042511e+00 -1.708956e+01 -1.689704e+01 -1.544190e+00 1.138518e+01 2.317256e+00 3.110111e-01 5.183198e+00 3.372752e+00 
5.557979e+00 2.308792e+00 -3.800192e+00 -5.323610e+00 -1.338806e+01 -1.419131e+01 -6.021963e-01 7.130398e+00 5.437958e+00 2.802235e+00 3.835393e+00 1.961830e+00 
2.849077e+00 2.266663e+00 -3.087352e+00 -8.033499e+00 -1.002769e+01 -8.235453e+00 2.708846e+00 7.630794e+00 2.164695e+00 2.063611e+00 2.363697e+00 6.535149e-01 
1.547711e+00 1.432896e+00 -5.158930e+00 -1.090176e+01 -1.137511e+01 -5.970056e+00 -1.151520e+00 5.751897e+00 3.975453e+00 -3.760592e-01 -1.908265e+00 8.192651e-02 
-1.363993e+00 8.129154e-01 -2.727313e+00 -1.054854e+01 -1.052543e+01 -3.957020e+00 -5.296442e-01 4.965238e+00 6.842188e-01 -3.381398e+00 3.846993e-01 2.814566e-01 
-4.129477e+00 -7.816800e-01 -3.734456e+00 -1.284769e+01 -1.033219e+01 -3.884174e+00 1.437581e-01 4.410316e+00 4.322509e+00 -7.561812e-01 2.141019e+00 9.565051e-01 
-5.974403e+00 -1.519274e-02 -1.306458e+00 -9.748101e+00 -1.149301e+01 -5.690377e+00 3.462796e+00 4.638646e+00 3.350434e+00 1.066266e+00 -9.093110e-01 -2.264640e-01 
-7.036730e+00 -9.420199e-01 -2.144135e+00 -1.104296e+01 -1.289206e+01 -6.232824e+00 2.355266e+00 6.881620e+00 6.516266e+00 3.002037e+00 -8.822505e-01 -4.527119e-01 
-7.177230e+00 -7.251235e+00 -7.039331e+00 -8.232641e+00 -9.837588e+00 -6.117700e+00 1.488490e+00 6.411329e+00 5.286596e+00 5.308902e+00 2.221874e+00 1.529230e+00 
-8.248457e+00 -3.246512e+00 -4.361055e+00 -7.342078e+00 -9.608773e+00 -7.475117e+00 -1.925310e+00 6.860037e+00 9.408925e+00 5.298211e+00 2.261324e+00 3.616622e+00 
-9.563174e+00 -2.763606e+00 -3.926235e+00 -8.822345e+00 -1.129280e+01 -4.437677e+00 -2.296659e+00 7.072464e+00 9.236795e+00 3.866102e+00 1.219334e+00 8.922688e-01 
-1.102475e+01 -2.683122e+00 -2.899191e+00 -6.726623e+00 -6.866481e+00 -1.625931e+00 -5.257945e-01 6.975338e+00 6.722342e+00 6.194586e+00 8.554856e-01 -1.964536e+00 
-1.206737e+01 -3.274807e+00 -3.505889e+00 -4.252788e+00 -4.941086e+00 -5.163541e+00 -1.099993e+00 7.392807e+00 6.434793e+00 3.079962e+00 2.426947e+00 3.823542e+00 
-1.362748e+01 -4.660646e+00 -1.485454e-01 -2.762221e+00 -4.296625e-01 -1.629183e+00 -3.676926e+00 3.116445e+00 1.526530e-01 -2.790071e+00 1.067405e+00 1.294740e+00 
-1.395997e+01 -5.702541e+00 -1.270273e+00 -3.092695e+00 -5.091769e+00 -9.241330e-01 -5.344441e+00 -3.670096e-01 -1.031089e+00 -6.504598e-01 -1.102646e+00 -8.150627e-02 
-1.328609e+01 -4.919076e+00 -2.083827e+00 -1.633887e+00 -2.060318e+00 -8.181153e-01 -1.954924e+00 3.758837e+00 2.689072e+00 4.524663e+00 1.921601e+00 8.430969e-01 
-1.305023e+01 -3.521919e+00 -8.855085e-01 5.197743e-01 1.220875e+00 1.322402e+00 -1.792953e-02 2.308770e+00 4.290958e+00 1.527164e+00 -2.440345e+00 -1.534167e-01 
-1.347872e+01 -4.466981e+00 -3.056595e+00 -1.695690e+00 -2.263322e+00 1.416712e+00 -9.146147e-01 1.306844e+00 6.718382e-01 3.609022e-01 4.652285e-01 6.026375e-01 
-1.373047e+01 -5.306407e+00 -2.735153e+00 3.365113e-01 6.226774e-01 6.511732e-01 -4.700652e+00 -1.901138e+00 -2.614970e-01 2.196653e+00 2.787535e+00 2.615277e+00 
-1.374891e+01 -4.128067e+00 -3.017998e+00 -3.196558e+00 -3.711903e+00 9.906901e-01 1.432817e+00 9.700282e-01 3.532948e+00 6.269898e+00 2.960331e+00 2.099398e+00 
-1.479852e+01 -4.892039e+00 -2.501761e+00 -3.353211e+00 -3.593658e+00 -2.593099e+00 -5.083228e-01 1.256293e+00 7.469203e-01 1.109720e-01 -5.399198e-01 9.101754e-01 
-1.488117e+01 -5.945880e+00 -3.895478e+00 -2.422734e+00 -2.923258e+00 7.936141e-01 -2.060642e+00 4.633852e-01 -1.415286e+00 -5.552369e+00 -1.048851e+00 3.454611e+00 
-1.275270e+01 -7.285190e+00 -4.993686e+00 -1.375946e+00 -1.964398e+00 1.275572e+00 -2.777576e+00 -5.436280e+00 -7.199409e+00 -5.320495e+00 -1.704823e+00 8.107381e-02 
-6.783069e+00 -8.732650e+00 -3.142232e+00 -1.444187e+00 -6.169920e+00 1.535738e+00 1.186732e+00 -6.509772e+00 -1.455107e+01 -7.701008e+00 -6.374026e-01 2.337494e-02 
-4.965479e+00 9.808006e-01 -8.631946e-01 -3.959653e+00 -5.762169e+00 2.606972e+00 4.559074e+00 -3.542616e+00 -1.155218e+01 -1.520939e+00 2.190764e-01 1.520419e+00 
-8.746244e+00 -2.290132e+00 -3.674751e+00 -1.319293e+00 -2.176121e+00 4.980339e+00 2.913177e+00 -4.319620e+00 -9.898373e+00 -5.693490e+00 2.366820e-01 4.151260e+00 
-9.922369e+00 -7.102842e+00 6.589058e+00 -2.143333e+00 -4.583562e+00 1.141035e+01 4.764589e+00 -1.042344e+00 -1.268320e+01 -4.589948e+00 9.115438e+00 1.327426e+00 
-1.038328e+01 -1.196648e+01 7.758430e+00 5.500921e+00 -7.698377e+00 9.962091e-02 3.685783e+00 4.094516e+00 -1.171472e+01 -4.389196e+00 7.542673e+00 4.852502e-01 
-1.359188e+01 -2.540108e+01 1.030101e+01 6.080753e+00 -1.754475e+01 -1.986912e+00 6.115835e+00 2.392264e+00 -1.131974e+01 -2.001793e+00 5.721147e+00 -1.876709e+00 
-1.491422e+01 -2.834819e+01 1.702294e+01 -2.029169e+00 -1.848233e+01 4.097724e+00 1.716807e+00 3.353863e+00 -8.659917e+00 -3.917845e+00 8.991873e+00 4.767233e-01 
-1.632557e+01 -2.998805e+01 2.338723e+01 -5.993571e+00 -1.125722e+01 -2.554074e+00 -1.261977e+00 1.111936e+01 -8.293692e+00 -3.728260e+00 8.758761e+00 -2.658060e+00 
-1.734086e+01 -3.390475e+01 2.320510e+01 -5.906017e+00 -1.043718e+01 -9.654009e+00 -1.268492e+00 9.163786e+00 -9.546925e+00 -3.735149e+00 6.607946e+00 1.568738e+00 
-1.868609e+01 -3.527550e+01 2.256886e+01 -7.119329e+00 -2.277972e+00 -8.474155e+00 -2.631879e+00 7.120742e+00 -8.513746e+00 -1.261506e+00 -1.170598e-01 -6.238801e+00 
-1.963398e+01 -3.511516e+01 1.869829e+01 -4.480257e+00 -2.662004e+00 -7.653331e+00 -7.088950e+00 6.653290e+00 -1.134091e+01 -7.147456e+00 -2.791478e+00 -5.462282e+00 
-1.930403e+01 -3.525034e+01 1.944671e+01 -8.624918e+00 -1.492118e+00 -1.009304e+01 -3.432618e+00 9.762760e-01 -1.209133e+01 -5.276543e+00 6.305254e-01 -2.132517e+00 
-1.855068e+01 -3.398901e+01 2.193803e+01 -9.122347e+00 3.037444e+00 -1.253925e+01 3.063341e-01 -3.817772e-01 -3.426929e+00 -3.512065e+00 6.602730e+00 -4.629441e-01 
-2.009998e+01 -3.440086e+01 1.697228e+01 -1.128030e+01 2.512146e+00 -1.388626e+01 2.119249e+00 -3.369949e+00 -9.532114e-01 -2.342240e+00 3.866040e+00 -5.851635e-01 
-2.117121e+01 -3.338789e+01 1.863256e+01 -9.324493e+00 -5.932513e-01 -1.696533e+01 -9.507427e-01 -3.935662e+00 -1.813861e+00 -4.083673e+00 2.246979e+00 -3.996219e+00 
-2.025510e+01 -3.261574e+01 1.735041e+01 -1.044682e+01 -1.706283e+00 -1.623231e+01 5.001790e+00 -2.335647e+00 4.402017e-01 -7.584359e+00 7.720221e-01 -6.117435e+00 
-2.214962e+01 -3.444173e+01 1.506534e+01 -1.122751e+01 -7.041708e-01 -1.974716e+01 3.677788e+00 -1.827300e+00 5.686768e+00 -6.086916e+00 4.115453e+00 -8.206532e+00 
-2.221256e+01 -3.169897e+01 1.870613e+01 -1.101850e+01 -3.086277e-01 -1.732501e+01 4.077269e+00 -3.375060e+00 6.487511e+00 -8.822606e+00 5.355016e+00 -8.331309e+00 
-2.316553e+01 -3.269371e+01 1.555685e+01 -1.531466e+01 -4.184183e+00 -1.756176e+01 5.897587e+00 5.565348e-01 3.825289e+00 -8.742305e+00 5.688544e+00 -7.942765e+00 
-2.280952e+01 -2.934858e+01 2.050512e+01 -1.319319e+01 -2.381218e+00 -1.560141e+01 7.243799e+00 -1.634753e+00 3.194279e+00 -3.339347e+00 9.508304e+00 -6.561403e+00 
-2.152850e+01 -2.844628e+01 2.383954e+01 -1.166356e+01 3.892709e+00 -1.367358e+01 8.059937e+00 -9.118529e+00 -4.463737e-02 -3.684568e-01 6.493184e+00 -9.714661e+00 
-2.491383e+01 -2.280860e+01 2.026871e+01 -7.535212e+00 3.728074e+00 -6.550877e+00 3.526168e+00 -1.475717e+00 -3.911369e+00 1.660897e-01 4.076981e+00 -6.367273e+00 
-2.094552e+01 -1.899063e+01 1.318976e+01 -5.250219e+00 -4.548333e+00 -7.371701e+00 1.452954e+00 5.657044e+00 1.921909e-01 3.056917e+00 5.400008e+00 -2.176857e+00 
-1.829829e+01 -1.666098e+01 1.310171e+01 -1.624874e+00 -4.844119e+00 -6.350549e+00 -7.065556e+00 2.377496e+00 -7.228563e+00 -4.748649e+00 1.428319e+00 -2.143886e+00 
-1.764983e+01 -1.667167e+01 1.009898e+01 -4.136049e+00 -8.560967e+00 -5.260788e-01 -1.648132e+00 2.447926e+00 -8.204631e+00 -3.518717e+00 1.230745e+00 -6.100665e+00 
-3.727687e+00 -2.352416e+01 2.608734e+00 -1.736188e+01 -1.495488e+01 -1.572108e+01 -6.985600e+00 -8.864072e+00 -4.942151e+00 -8.107738e+00 -5.066511e+00 -1.412560e+00 
-2.696511e+00 -2.230557e+01 8.950114e+00 -2.204560e+01 -1.156696e+01 -1.535295e+01 -1.994309e+00 -1.125075e+01 1.774141e-01 -7.637101e+00 1.404193e+00 -2.206417e+00 
7.636224e+00 -1.317060e+01 1.200049e+01 -1.052836e+01 -2.771180e+00 -7.261131e+00 -3.207558e+00 -8.730846e-01 -5.564774e+00 -9.299421e+00 9.376450e-01 -4.566670e+00 
1.452259e+01 -1.715269e+01 3.135222e+00 -3.845489e+00 -1.174009e+00 -1.545246e+01 -6.877512e+00 1.301814e+01 -1.531028e+01 -8.749195e+00 9.882911e+00 -1.338920e+01 
1.485127e+01 -1.560023e+01 5.202697e-01 -6.203015e+00 -1.112968e+00 -1.699265e+01 -8.138439e+00 1.857246e+01 -1.456545e+01 -5.773315e+00 1.079807e+01 -1.349721e+01 
1.437955e+01 -1.272354e+01 -3.615046e+00 -4.162230e+00 -1.637918e+00 -1.982781e+01 -5.433577e+00 2.145045e+01 -1.467288e+01 -1.482927e+00 9.436577e+00 -1.295944e+01 
1.570571e+01 -1.283735e+01 -4.819999e+00 -5.237343e+00 -1.355736e+00 -2.388705e+01 -2.760104e+00 2.422108e+01 -1.484701e+01 8.282145e-01 8.974919e+00 -1.216246e+01 
1.529502e+01 -1.354410e+01 -5.025649e+00 -5.957949e+00 9.910139e-01 -2.796906e+01 -2.469007e+00 2.433127e+01 -1.521243e+01 1.928905e+00 8.455555e+00 -7.246115e+00 
1.497906e+01 -1.308320e+01 -5.880816e+00 -7.819334e+00 2.112068e+00 -3.018242e+01 -3.093844e+00 2.597161e+01 -1.568210e+01 1.942685e+00 6.007401e+00 -6.896511e+00 
1.379848e+01 -1.131129e+01 -5.900115e+00 -9.836944e+00 4.500198e-01 -2.959835e+01 -3.841872e+00 2.539567e+01 -1.559663e+01 2.018709e+00 4.153598e+00 -5.241435e+00 
1.423651e+01 -8.888588e+00 -7.975311e+00 -7.833068e+00 1.131233e+00 -3.085885e+01 -2.250166e+00 2.354234e+01 -1.214005e+01 1.436172e+00 3.480347e+00 -1.721803e+00 
1.190333e+01 -7.642968e+00 -1.001372e+01 -8.228779e+00 -3.729343e+00 -3.121398e+01 -5.240203e+00 2.341511e+01 -7.481766e+00 7.034645e-02 5.654963e+00 -6.579266e-01 
3.902504e+00 -2.289503e+00 -6.595465e+00 -8.635648e+00 -1.371593e+01 -1.915853e+01 -5.612144e+00 8.566265e+00 1.348376e+00 -5.865743e-02 4.507340e+00 4.913568e+00 
2.902480e+00 -1.821059e+00 -5.174006e+00 -4.188839e+00 -1.161997e+01 -1.686061e+01 -4.934892e+00 1.206846e+01 7.727165e+00 1.420967e+00 1.784669e+00 5.129583e+00 
