-1.621946e+01 -3.123702e+01 2.174932e+01 5.038940e+00 -1.238808e+01 -2.115435e+00 -1.786941e+00 9.987682e+00 -7.244150e+00 -4.651970e+00 3.293817e+00 7.405851e-01 
-1.868367e+01 -3.427264e+01 2.436076e+01 -1.704373e+00 -1.303957e+01 -4.424066e+00 -6.936173e+00 8.559235e+00 -1.332976e+01 -3.969518e+00 5.197945e-01 -6.566139e+00 
-1.784564e+01 -3.600801e+01 2.591510e+01 5.350471e-02 -3.750130e+00 -5.056164e+00 -7.237044e+00 1.138923e+01 -5.925891e+00 3.314811e+00 9.249572e-02 -3.901434e+00 
-2.119958e+01 -3.910651e+01 2.254948e+01 -1.086011e+00 -3.907637e+00 -8.704512e+00 -8.020893e+00 8.940304e+00 -4.297355e+00 6.761116e+00 6.386969e-01 -6.813145e+00 
-2.074750e+01 -3.710481e+01 2.452057e+01 -2.799781e+00 6.396353e-01 -8.076944e+00 -7.725874e+00 9.052382e+00 -4.221897e+00 5.328885e+00 3.759644e-01 -9.167436e+00 
-2.065372e+01 -3.691163e+01 2.528969e+01 -4.065196e+00 3.665082e-01 -1.307105e+01 -6.045609e+00 7.135830e+00 -3.400309e+00 4.283785e+00 -5.115023e-01 -5.015013e+00 
-2.151700e+01 -3.647651e+01 2.462691e+01 -2.670028e+00 3.518374e+00 -1.528150e+01 -6.081066e+00 3.304408e+00 -2.187916e+00 -2.032335e+00 -2.575937e-01 -2.962935e+00 
-2.097535e+01 -3.724664e+01 2.218849e+01 -4.364956e+00 2.186317e+00 -1.313902e+01 -2.959443e+00 5.360969e-03 -1.791481e+00 -3.028470e+00 3.446251e+00 -3.083441e+00 
-2.165167e+01 -3.652913e+01 2.270411e+01 -4.883969e+00 5.764663e+00 -1.677755e+01 -1.017895e+00 -2.282173e+00 4.418434e-01 -1.933640e+00 8.302279e+00 -9.657471e-01 
-2.148153e+01 -3.575322e+01 2.156020e+01 -5.901440e+00 2.862385e+00 -1.398861e+01 1.457578e+00 3.931545e-01 4.804879e+00 -3.083173e+00 1.499030e+00 -6.869297e+00 
-2.208091e+01 -3.090394e+01 2.386239e+01 -5.543869e+00 -1.099516e+00 -1.572480e+01 1.287882e-01 1.858083e-01 4.653475e-02 9.943226e-01 5.295008e-01 -7.223245e+00 
-2.500381e+01 -3.413401e+01 2.215802e+01 -1.036486e+01 -4.919903e-01 -1.661971e+01 3.148170e+00 -2.867786e+00 1.407590e+00 -6.827334e-01 4.405191e+00 -5.238045e+00 
-2.387120e+01 -2.617082e+01 2.562366e+01 -1.154977e+01 4.855902e-01 -1.098898e+01 7.770707e+00 -6.231278e+00 2.560145e-01 -9.177420e+00 4.391514e+00 -6.512510e+00 
-2.195346e+01 -1.982170e+01 2.458437e+01 -1.118621e+01 3.846542e+00 -7.392738e+00 2.706847e+00 1.854105e+00 -1.410251e+00 -3.769067e+00 -5.783138e+00 -8.924846e+00 
-1.970326e+01 -1.727191e+01 1.420297e+01 -4.933215e+00 -2.730664e+00 -4.120478e+00 -6.519619e-01 9.089929e+00 -3.912183e+00 1.230350e+00 4.134662e-01 -4.493555e+00 
-1.858688e+01 -1.724817e+01 1.140125e+01 -2.977496e+00 -8.314365e+00 -6.393615e+00 -6.646663e+00 5.333599e+00 -4.541185e+00 1.948137e-01 3.319848e+00 -1.743045e+00 
-1.769715e+01 -1.603456e+01 9.254840e+00 -2.573248e+00 -8.341713e+00 1.971681e+00 7.862982e-01 6.848908e+00 -2.550564e+00 -1.327696e+00 2.885269e+00 -4.726050e+00 
-1.610403e+01 -1.854199e+01 8.931787e+00 2.535517e+00 -1.468664e+01 4.388305e+00 4.796076e+00 -6.538935e+00 -6.791403e+00 -3.910224e+00 -2.668512e+00 -4.876210e+00 
-1.310358e+01 -2.064895e+01 2.021780e-02 1.062839e+00 -1.022902e+01 1.022823e+01 6.552075e+00 -1.162452e+01 -5.854939e+00 4.069563e+00 9.190773e-01 -2.571447e+00 
-4.290965e+00 -2.203327e+01 2.045914e+00 -2.042266e+01 -8.579531e+00 -1.512593e+01 -1.114955e-01 -1.196524e+01 -2.747092e+00 -4.833676e+00 2.952993e+00 -3.910897e+00 
-2.129745e+00 -1.788674e+01 1.197091e+01 -1.236897e+01 1.410553e+00 -8.074678e+00 4.790224e+00 -5.521818e+00 -7.885688e-01 -1.647117e+00 5.124341e+00 -2.006140e+00 
1.043179e+01 -1.278074e+01 3.031745e+00 -4.147416e+00 -7.869260e-01 -1.326891e+01 -3.254118e+00 1.092859e+01 -1.494197e+01 -5.043691e+00 4.562919e+00 -4.982521e+00 
1.256836e+01 -1.518100e+01 2.099373e+00 -7.186553e+00 2.702109e+00 -2.007473e+01 -2.416911e+00 1.391045e+01 -2.144879e+01 -3.100770e+00 7.641147e+00 -7.914106e+00 
1.240905e+01 -1.414196e+01 1.947044e+00 -1.192404e+01 2.834691e+00 -2.002262e+01 1.900640e-01 1.541903e+01 -1.945423e+01 -9.072844e-01 7.653059e+00 -5.361706e+00 
1.284730e+01 -1.328903e+01 8.807363e-01 -1.396327e+01 4.073629e+00 -2.048178e+01 1.225900e+00 1.783490e+01 -1.838318e+01 3.071133e+00 6.920011e+00 -3.830139e+00 
1.324528e+01 -1.086568e+01 -1.676676e+00 -1.297706e+01 4.153594e+00 -2.249966e+01 4.420848e+00 1.695732e+01 -1.824691e+01 5.502558e+00 5.606790e+00 -9.979242e-01 
1.371901e+01 -8.690045e+00 -3.485087e+00 -1.290940e+01 3.656496e+00 -1.995994e+01 4.971298e+00 1.457059e+01 -1.467224e+01 5.364844e+00 4.632407e+00 -4.840371e-01 
1.328015e+01 -9.467239e+00 -2.644113e+00 -1.274496e+01 4.939397e+00 -2.213037e+01 4.641854e+00 1.835943e+01 -1.672142e+01 7.795504e+00 2.438999e+00 -1.655031e+00 
1.326151e+01 -9.498045e+00 -4.243861e+00 -1.114552e+01 6.010443e+00 -2.549854e+01 5.311757e+00 2.087896e+01 -1.773503e+01 9.075101e+00 -1.525889e-01 2.224832e+00 
1.439352e+01 -1.080342e+01 -5.909715e+00 -7.160002e+00 1.688873e+00 -2.682995e+01 1.047132e+01 1.576536e+01 -1.707731e+01 9.198278e+00 -1.303229e+00 2.487612e+00 
1.434363e+01 -9.352361e+00 -5.379148e+00 -7.178844e+00 -3.099679e+00 -2.188568e+01 8.317369e+00 7.843050e+00 -1.110995e+01 1.204017e+01 -4.271599e+00 7.879044e-01 
1.208742e+01 -3.639245e+00 -3.972542e+00 -7.511150e+00 -4.029835e+00 -2.222628e+01 3.669359e+00 7.270886e+00 -4.351977e+00 1.236227e+01 -4.906481e+00 3.598353e+00 
1.047327e+01 2.564190e+00 -4.723843e+00 -9.686550e+00 -1.088294e+01 -2.003395e+01 4.134970e-02 8.089623e+00 -1.306637e+00 6.787128e+00 8.579715e-01 3.955455e+00 
4.636469e+00 2.951825e+00 -4.070263e+00 -9.748215e+00 -1.285506e+01 -1.268514e+01 -2.494023e+00 3.839025e+00 1.948746e+00 3.720720e-02 6.667646e+00 4.905310e+00 
2.935146e+00 2.452521e+00 -4.796846e+00 -1.002656e+01 -1.193771e+01 -7.297583e+00 -3.414519e-01 5.653025e+00 3.743965e+00 2.448740e+00 3.248153e+00 1.805584e+00 
-1.009156e+00 2.705381e+00 -1.223137e+00 -7.717127e+00 -9.278445e+00 -4.762393e+00 1.081334e-01 4.390454e+00 1.664372e+00 -1.495631e+00 -7.691610e-01 -1.137043e+00 
-2.555376e+00 9.866975e-01 -1.443296e+00 -1.162343e+01 -1.382745e+01 -6.423822e+00 -1.894346e+00 2.815183e+00 4.570475e-01 -4.196364e+00 -6.154405e+00 -1.963237e+00 
-5.908725e+00 -3.709841e+00 -1.226586e+00 -8.383451e+00 -7.884078e+00 -2.937087e+00 2.933378e-01 3.202976e+00 2.936455e+00 2.066200e+00 1.492853e+00 1.740283e+00 
-6.835735e+00 -1.375049e+00 -2.899912e+00 -8.327353e+00 -9.929588e+00 -6.179894e+00 -3.927446e-01 8.207306e+00 1.023333e+01 6.095878e+00 3.973260e+00 3.181819e-01 
-8.041690e+00 -3.426816e+00 -4.721544e+00 -9.775193e+00 -8.891428e+00 -2.000645e+00 1.148789e+00 6.553020e+00 5.065040e+00 2.047073e+00 4.926685e+00 5.111307e+00 
-8.091587e+00 -4.815626e+00 -3.905287e+00 -6.508667e+00 -4.671631e+00 -2.960498e+00 -1.954933e+00 3.914678e+00 7.842336e+00 5.003726e+00 2.026260e+00 1.457630e+00 
-7.984579e+00 -1.676042e+01 -6.622502e+00 -3.216234e-01 1.092770e+00 -9.630072e-01 -1.634784e+00 2.918296e+00 2.632371e+00 6.771826e+00 4.536888e+00 3.841258e+00 
-9.733394e+00 -8.727910e+00 -6.437407e+00 -1.110420e+00 1.684997e-01 9.997447e-01 2.263114e+00 5.762302e+00 3.448329e+00 3.004954e+00 9.711385e-01 1.065826e+00 
-1.111128e+01 -2.872961e+00 3.932816e-01 -4.813526e-01 -4.069298e+00 -1.806251e-01 -1.099826e+00 1.352551e+00 3.031621e+00 3.203492e+00 5.376044e+00 4.989539e+00 
-1.190123e+01 -3.796481e+00 1.213876e-01 1.341187e+00 8.504521e-01 -1.791147e-01 -1.685389e+00 5.237266e-01 4.709787e-02 1.316946e-01 1.658743e+00 -1.182785e+00 
-1.308734e+01 -3.780437e+00 1.315307e+00 1.413558e+00 -1.036168e+00 -1.688750e+00 -2.033077e+00 -1.157459e+00 -5.778918e+00 -3.294717e+00 1.829410e-01 7.462634e-01 
-1.485960e+01 -3.985164e+00 1.863693e+00 -5.567208e-01 -5.893320e-02 -4.003868e-01 -1.710501e-01 4.132672e+00 -2.075856e+00 -4.305771e+00 -5.201055e-01 -1.481843e+00 
-1.440211e+01 -4.919594e+00 -4.609138e-01 -2.952659e+00 -3.060216e+00 -3.526139e+00 -6.165045e-01 5.681605e+00 -5.002525e-01 1.633165e+00 2.459074e+00 -1.534840e+00 
-1.447906e+01 -5.072979e+00 -1.510811e-01 -2.603867e-01 1.211852e+00 -4.086494e+00 -3.110567e+00 -1.182677e+00 -5.196091e+00 3.478921e+00 -1.245874e+00 -2.686906e+00 
-1.449048e+01 -5.775085e+00 -1.308786e+00 2.173664e+00 -3.262438e-02 -3.601659e+00 -7.893178e+00 -6.370256e+00 -5.808200e+00 -6.018021e+00 1.238207e-01 1.203683e+00 
-1.480911e+01 -6.094691e+00 -4.305943e+00 -2.876434e+00 -2.956019e+00 -1.753696e+00 -4.068260e+00 -2.101725e+00 -2.521282e+00 -3.593481e+00 4.222901e-01 3.283206e+00 
-1.417006e+01 -5.816159e+00 -3.912760e+00 -1.575476e+00 -4.487470e+00 -1.145764e+00 -1.828939e+00 -3.958820e-01 -2.547748e+00 -3.106125e+00 -1.307641e+00 -1.054707e+00 
-1.013137e+01 -8.195875e+00 5.439127e+00 7.538509e+00 -9.242097e+00 -7.594375e+00 3.789845e+00 -9.652492e+00 -2.128887e+01 2.770839e+00 2.898505e+00 -1.232142e+01 
-7.197041e+00 -9.240691e+00 7.085437e+00 7.640856e+00 -8.850234e+00 -7.840568e+00 4.506221e+00 -9.892900e+00 -2.667002e+01 3.053154e+00 5.665613e-01 -1.407507e+01 
-7.305252e+00 -9.527567e+00 3.276622e+00 4.096838e+00 -6.697757e+00 1.983009e+00 4.899006e+00 -2.783726e+00 -8.765131e+00 -1.015926e+00 -1.950685e+00 -1.338307e+00 
-1.152249e+01 -2.395732e+01 2.129175e+01 2.548792e+00 -4.958605e+00 1.315385e+01 4.464568e+00 5.355455e+00 -1.034088e+00 4.251652e+00 1.725584e+00 -3.731084e+00 
-1.596937e+01 -3.448442e+01 2.135441e+01 -2.606650e+00 -7.138776e+00 -1.096368e-01 -1.328061e+00 7.600959e+00 -3.724664e+00 4.060764e+00 5.610761e+00 -5.079683e+00 
-1.826525e+01 -3.510567e+01 2.244831e+01 -5.194435e+00 -4.277345e+00 -5.022181e+00 -2.474056e+00 8.975608e+00 -8.922240e+00 1.113293e+00 1.763748e+00 -3.551271e+00 
-1.715188e+01 -3.412054e+01 2.362326e+01 -6.837119e+00 -2.939057e+00 -1.152668e+01 -8.511099e+00 2.603914e+00 -8.916046e+00 4.753578e-02 -2.139958e+00 -4.212794e+00 
-1.841735e+01 -3.587837e+01 2.059908e+01 -8.627970e+00 -3.394615e+00 -1.418270e+01 -1.208850e+01 -1.949298e+00 -9.267995e+00 2.986209e+00 2.249285e+00 6.159778e-01 
-1.914778e+01 -3.461599e+01 2.414290e+01 -6.529222e+00 6.361053e-02 -1.191636e+01 -3.521253e+00 5.290449e+00 -5.506369e+00 4.616978e+00 1.872282e+00 7.194492e-01 
-1.870832e+01 -3.353844e+01 2.253856e+01 -7.963359e+00 -4.129185e+00 -1.155613e+01 -5.011494e+00 1.096501e+01 -3.170557e+00 2.591810e+00 -3.019339e-01 -1.821279e+00 
-1.796707e+01 -3.478221e+01 2.228678e+01 -7.612640e+00 -2.489384e+00 -1.341768e+01 -4.309920e+00 5.798728e+00 -8.523553e+00 -7.695699e-01 1.562486e-01 -4.124465e+00 
-1.800434e+01 -3.190832e+01 2.557193e+01 -7.885849e+00 -3.373153e+00 -1.456105e+01 -2.783878e+00 1.068991e+00 -5.709091e+00 4.560887e-01 2.868283e+00 -2.468922e+00 
-2.061645e+01 -3.693987e+01 2.008001e+01 -9.140559e+00 -1.842463e-01 -1.547030e+01 -5.241106e+00 -1.517233e+00 -5.159488e+00 2.972438e+00 -2.177239e+00 -8.658280e+00 
-2.017338e+01 -3.553437e+01 2.076636e+01 -9.265173e+00 -2.427073e+00 -1.464563e+01 -1.014109e+00 1.319488e+00 -4.197120e+00 1.334401e+00 3.771192e+00 -6.762987e+00 
-1.943394e+01 -3.327852e+01 1.954140e+01 -1.455294e+01 -4.212612e+00 -1.549900e+01 2.153988e+00 6.257185e-01 -3.046108e+00 2.255940e+00 6.138432e+00 -6.784753e+00 
-2.169195e+01 -2.981484e+01 2.460966e+01 -1.069417e+01 -4.501039e-01 -9.670405e+00 5.856354e+00 -2.860501e+00 1.217820e+00 2.377970e+00 1.503001e+00 -4.196075e+00 
-2.332113e+01 -2.750251e+01 2.321053e+01 -1.164912e+01 1.196899e-01 -7.054410e+00 5.767539e+00 3.259071e-01 -1.612973e+00 9.438273e-01 -1.168444e+00 -5.389466e+00 
-2.203461e+01 -2.286181e+01 2.637841e+01 -9.930640e+00 -1.572451e-01 -3.785926e+00 3.245248e+00 1.850182e+00 -4.569904e+00 2.655694e+00 -1.944729e+00 -2.909938e+00 
-1.856584e+01 -1.690867e+01 1.423746e+01 -5.659062e+00 -5.677944e+00 -1.724999e+00 -6.581583e-01 7.795976e+00 -6.607264e+00 -1.416828e+00 -2.366733e+00 -5.689155e+00 
-1.835303e+01 -1.598707e+01 1.213128e+01 -3.512353e+00 -8.501988e+00 -8.467071e-01 -2.183168e+00 2.014938e+00 -6.929367e+00 3.665983e+00 1.086732e+00 -3.949384e+00 
-1.693546e+01 -1.593637e+01 9.587667e+00 -2.516294e+00 -8.953739e+00 3.994093e+00 -9.022287e-01 -1.721217e+00 -7.504873e+00 -3.799670e+00 3.650966e+00 -2.159454e+00 
-1.546378e+01 -1.308431e+01 6.857805e+00 9.039663e-01 -1.251581e+01 1.110758e+00 9.301930e-01 -6.009362e+00 -7.152925e+00 -1.451639e+00 1.993611e+00 -5.002079e+00 
-7.906426e+00 -2.035566e+01 1.383711e+00 -1.877613e+01 -7.981005e+00 -1.855980e+01 8.269192e-01 -1.134152e+01 1.160382e+00 -1.270712e+01 6.341823e+00 -6.133641e+00 
-5.039427e+00 -1.580481e+01 8.693808e+00 -1.291239e+01 1.042576e+00 -1.118306e+01 3.210479e+00 -1.006718e+01 2.405435e+00 -9.310926e+00 7.305397e+00 -6.841221e+00 
9.965276e+00 -1.003201e+01 3.260527e+00 -1.264175e+01 3.828196e+00 -1.225997e+01 -4.982233e+00 5.579052e+00 -1.021122e+01 -1.171290e+01 6.512786e+00 -1.095358e+01 
1.121091e+01 -1.407072e+01 2.268948e+00 -1.126543e+01 5.709276e+00 -2.289916e+01 -3.436224e+00 1.532433e+01 -1.644211e+01 -5.534490e+00 7.304294e+00 -9.687317e+00 
1.163113e+01 -1.359131e+01 -4.436689e-01 -1.073657e+01 4.546149e+00 -2.379029e+01 -3.915070e+00 1.859760e+01 -1.546454e+01 -3.109951e+00 7.459154e+00 -8.318844e+00 
1.136962e+01 -1.515982e+01 2.072931e+00 -1.397911e+01 4.176441e+00 -2.149600e+01 -2.358734e+00 1.625178e+01 -1.462043e+01 6.822322e+00 -1.541034e+00 -3.877774e+00 
1.380197e+01 -1.482674e+01 -1.667479e+00 -1.100078e+01 7.354962e+00 -3.366144e+01 4.092782e+00 2.042560e+01 -1.768998e+01 7.293611e+00 -2.867271e+00 9.199590e-02 
1.139427e+01 -1.100815e+01 -6.691482e+00 -8.785986e+00 4.125555e+00 -3.047527e+01 8.782291e-02 2.294178e+01 -1.593024e+01 4.423030e+00 1.094818e-01 -5.464985e-01 
1.263809e+01 -1.284556e+01 -7.400246e+00 -9.994446e+00 7.220995e+00 -3.584320e+01 2.605639e+00 2.475970e+01 -1.751598e+01 4.041255e+00 6.645069e-01 2.605279e+00 
1.326452e+01 -1.374855e+01 -4.807193e+00 -1.462702e+01 7.241765e+00 -3.633710e+01 1.410761e+00 2.402558e+01 -1.799407e+01 3.405856e+00 2.280389e+00 7.838034e-01 
1.177361e+01 -8.528958e+00 -4.426082e+00 -1.541410e+01 6.025329e+00 -3.317585e+01 7.257109e-01 1.871472e+01 -1.557717e+01 6.437869e+00 -1.165797e+00 3.449770e+00 
1.430154e+01 -7.606722e+00 -9.698410e+00 -1.646155e+01 -1.939322e+00 -2.919220e+01 4.127895e+00 1.845974e+01 -1.741743e+01 5.114663e+00 2.829899e+00 3.801194e+00 
8.433484e+00 -3.009660e+00 -1.129241e+01 -1.511863e+01 -1.317492e+01 -2.075365e+01 -3.812829e+00 8.266148e+00 -2.304482e+00 3.471653e+00 3.358232e+00 4.619502e+00 
5.439036e+00 -2.041215e+00 -9.150023e+00 -1.086161e+01 -1.533086e+01 -2.012759e+01 -4.345722e+00 8.821500e+00 5.051525e+00 1.053616e+00 4.915656e+00 6.598393e+00 
3.233930e+00 -1.083040e+00 -5.520555e+00 -5.838062e+00 -1.004382e+01 -1.202812e+01 -2.251673e+00 7.371757e+00 2.421765e+00 -1.832649e+00 3.405661e+00 3.368066e+00 
