7.188227e+00 1.207051e+01 1.765420e+01 7.872245e+00 -2.142705e+00 -7.678744e-01 -2.525333e+00 8.911685e+00 -6.795095e+00 -1.894076e+01 1.696371e+00 -8.348256e+00 
7.736875e+00 1.101919e+01 1.743385e+01 -1.888997e+00 -5.640505e+00 3.247871e+00 -1.791238e+00 1.236851e+01 7.759537e-01 -1.823327e+01 -4.370537e-01 -4.472861e+00 
8.538237e+00 3.553686e+00 2.042146e+01 6.141617e-01 -1.037730e+01 -1.921465e+00 -8.760417e-02 1.952601e+01 -4.093878e+00 -2.013589e+01 8.780566e+00 -6.735567e+00 
8.536591e+00 3.357953e+00 2.278693e+01 -7.189694e-01 -1.109756e+01 -9.151337e-01 -7.741832e-01 2.365059e+01 -5.327475e+00 -2.419072e+01 1.014712e+01 -1.008354e+01 
8.837050e+00 8.293567e+00 2.193873e+01 -4.080104e+00 -1.345317e+01 3.225547e-01 1.487363e+00 2.266625e+01 1.958443e+00 -2.289917e+01 1.286795e+00 -9.234723e+00 
9.433853e+00 8.478456e+00 2.053307e+01 -6.542824e+00 -1.166865e+01 5.064662e+00 -5.841193e-01 1.999523e+01 3.006974e+00 -2.039045e+01 2.388502e+00 -1.178448e+01 
9.288974e+00 7.300805e+00 2.062521e+01 -6.633138e+00 -1.169422e+01 5.877249e+00 -2.727677e+00 2.183096e+01 1.762616e+00 -2.324464e+01 5.167397e+00 -8.523260e+00 
9.043668e+00 6.803069e+00 2.010896e+01 -5.675413e+00 -1.033529e+01 5.260180e+00 -2.339007e+00 1.937338e+01 7.173260e-02 -2.071720e+01 3.329058e+00 -8.135901e+00 
8.059560e+00 4.413067e+00 2.098808e+01 -4.258708e+00 -7.546181e+00 -1.099651e+00 -2.350218e+00 2.225486e+01 -2.170585e+00 -1.904766e+01 1.472573e+00 -9.267857e+00 
7.865290e+00 2.004089e+00 2.097720e+01 -7.555815e+00 -4.799693e+00 -1.332073e+00 -2.024013e+00 2.679619e+01 -5.078927e+00 -2.390034e+01 1.846289e+00 -9.958235e+00 
7.574709e+00 5.125068e-01 2.047812e+01 -1.086708e+01 -2.357018e+00 -5.081301e-01 1.916189e-01 2.669126e+01 -1.285441e+01 -2.377912e+01 5.216479e-01 -8.771157e+00 
6.493878e+00 -5.458604e-01 2.045523e+01 -1.141098e+01 3.216325e+00 -6.280343e+00 3.149888e+00 2.510236e+01 -1.735411e+01 -2.084944e+01 -3.832041e+00 -5.951813e+00 
7.619983e+00 -2.357881e+00 1.457159e+01 -1.231141e+01 1.005484e+01 -2.068015e+00 2.106138e+00 1.937636e+01 -2.387340e+01 -2.220049e+01 4.295536e+00 -1.110133e+01 
6.012320e+00 -1.678509e+00 7.186132e+00 -7.178387e+00 1.341017e+01 -4.356390e+00 6.399126e+00 5.048841e+00 -1.591446e+01 -3.125402e+01 1.157069e+01 -1.162815e+01 
7.084918e+00 -1.976174e+00 3.683421e+00 -5.636996e+00 1.473014e+01 -5.849920e+00 5.255005e+00 -1.316294e+00 -1.636960e+01 -2.847035e+01 1.282923e+01 -1.075464e+01 
7.925794e+00 -4.224663e+00 1.681188e-01 -3.443868e+00 2.157414e+01 -1.326221e+01 4.841776e+00 -5.376483e+00 -1.693986e+01 -2.355431e+01 9.263589e+00 -4.861726e+00 
7.558657e+00 -4.522871e+00 -1.373761e+00 -1.569531e+00 2.159606e+01 -1.373309e+01 2.864258e+00 -7.132321e+00 -1.703185e+01 -2.009621e+01 1.296273e+01 -4.013513e+00 
8.657186e+00 -7.591160e+00 -3.246646e-01 -1.099094e+00 2.057503e+01 -1.151213e+01 3.263606e+00 -1.133977e+01 -1.536572e+01 -1.576643e+01 1.486761e+01 -5.847895e+00 
8.449745e+00 -9.801152e+00 1.011173e+00 -1.777791e+00 2.046178e+01 -8.428201e+00 5.183579e-01 -1.227582e+01 -1.508328e+01 -1.155126e+01 1.427485e+01 -7.783483e+00 
7.980947e+00 -9.322392e+00 6.042407e-01 -7.735617e-01 2.178480e+01 -8.018358e+00 -6.398151e+00 -6.557575e+00 -1.724113e+01 -7.040756e+00 1.345829e+01 -1.098507e+01 
8.730861e+00 -1.087470e+01 3.215249e+00 -3.536726e-01 2.144202e+01 -8.788720e+00 -8.699205e+00 -4.482765e+00 -1.892664e+01 -5.880344e+00 1.325047e+01 -1.015161e+01 
7.965718e+00 -1.031461e+01 3.630194e+00 -4.276232e+00 2.644670e+01 -1.011334e+01 -9.880698e+00 -5.096861e+00 -1.574123e+01 -7.786263e+00 1.277998e+01 -8.666035e+00 
9.045314e+00 -1.082373e+01 2.047106e+00 -4.581394e-01 2.548108e+01 -9.847569e+00 -1.586504e+01 2.159609e+00 -1.885831e+01 -9.845360e+00 1.517609e+01 -9.426595e+00 
8.936243e+00 -1.276371e+01 2.057408e+00 2.158922e+00 2.497635e+01 -1.324199e+01 -1.204241e+01 1.453100e+00 -2.139921e+01 -7.876076e+00 1.629464e+01 -1.233359e+01 
9.227236e+00 -1.508269e+01 2.665804e+00 4.350703e+00 2.294221e+01 -1.518155e+01 -1.105525e+01 -9.675117e-01 -1.986273e+01 -1.007292e+01 1.728618e+01 -1.074048e+01 
8.160398e+00 -1.709423e+01 6.463841e+00 2.401032e-01 2.252819e+01 -1.351521e+01 -1.474121e+01 7.811717e-01 -2.117057e+01 -7.535556e+00 1.657244e+01 -1.156400e+01 
8.167808e+00 -1.712893e+01 7.983400e+00 -3.617603e-01 1.999967e+01 -1.511733e+01 -1.490511e+01 2.898909e+00 -2.275063e+01 -3.998670e+00 1.310142e+01 -1.083898e+01 
9.461841e+00 -1.560103e+01 5.761582e+00 1.081903e+00 1.973726e+01 -1.630640e+01 -1.503912e+01 2.086275e+00 -2.834136e+01 -2.283398e+00 1.350797e+01 -1.267999e+01 
5.650122e+00 -7.996723e+00 7.019010e+00 3.941597e+00 1.703522e+01 -1.339670e+01 -1.454153e+01 -7.667718e+00 -2.459537e+01 -2.816769e+00 1.292558e+01 -1.273300e+01 
7.538900e+00 -1.024250e+01 4.403423e+00 5.366390e+00 1.187406e+01 -1.050864e+01 -1.280373e+01 -7.207444e+00 -2.549919e+01 -3.247653e+00 1.212976e+01 -1.302698e+01 
4.054394e+00 -1.107152e+01 1.641124e-01 7.819674e+00 1.266130e+01 -9.075077e+00 -1.244069e+01 -7.568151e+00 -2.223524e+01 -3.647681e+00 9.262293e+00 -1.251311e+01 
1.175517e-01 -1.069686e+01 6.391154e+00 1.376822e+01 1.591617e+01 -7.776001e+00 -9.861478e+00 -8.096393e+00 -1.947323e+01 3.263546e+00 3.895033e+00 -1.106971e+01 
1.474147e+00 -1.017798e+01 5.947020e+00 1.898549e+01 1.892811e+01 -4.078904e+00 -5.702497e+00 -9.000843e+00 -1.925427e+01 -2.476800e+00 2.444236e+00 -1.055343e+01 
6.715495e-01 -1.306138e+01 9.888715e+00 2.027212e+01 1.637158e+01 -6.047921e+00 -6.527352e+00 -5.490359e+00 -1.621197e+01 -2.463413e-01 9.024670e+00 -1.128778e+01 
-3.417809e-01 -9.125575e+00 1.255810e+01 1.865996e+01 1.717952e+01 -2.436696e+00 -9.717215e-01 -5.452798e+00 -1.296685e+01 -2.491126e+00 4.277390e+00 -1.213600e+01 
-3.042212e+00 -1.139629e+01 1.765306e+01 2.032469e+01 2.080578e+01 -6.118180e+00 -3.530109e+00 -5.430104e-01 -1.223411e+01 -1.461853e+00 4.001316e+00 -1.032812e+01 
-3.278875e+00 -1.070066e+01 1.978502e+01 1.927193e+01 1.837893e+01 -6.927574e+00 -1.859042e+00 8.827620e+00 -1.811374e+01 -4.966231e+00 9.365119e+00 -1.225437e+01 
-2.431826e+00 -9.887362e+00 1.968257e+01 1.837217e+01 1.819385e+01 -2.752150e+00 1.043703e+00 4.314908e+00 -2.140836e+01 -2.951214e+00 1.241015e+01 -6.699421e+00 
-2.452406e+00 -7.045710e+00 2.076143e+01 1.686785e+01 1.552955e+01 1.398790e+00 8.920789e-01 8.196830e+00 -1.874318e+01 -8.136701e+00 1.503049e+01 -7.026838e+00 
-2.005832e+00 -8.140405e+00 2.459552e+01 2.400596e+01 1.187772e+01 -9.636437e+00 3.161100e+00 1.110037e+01 -1.965722e+01 -1.268578e+01 1.027543e+01 -1.095525e+01 
-2.396018e+00 -9.171662e+00 2.690319e+01 2.451481e+01 1.063202e+01 -9.036400e+00 6.112542e-01 1.020904e+01 -1.441403e+01 -1.433879e+01 7.429138e+00 -7.417511e+00 
-3.524181e+00 -9.940496e+00 2.997150e+01 2.602722e+01 5.359450e+00 -3.903612e+00 3.636793e+00 5.510308e+00 -1.293242e+01 -1.223451e+01 3.230984e+00 -3.663203e+00 
-5.003430e+00 -1.001369e+01 3.257964e+01 1.973428e+01 -1.824281e+00 4.402172e+00 6.162080e+00 -2.004321e+00 -8.081953e+00 -4.721585e+00 9.165344e-01 -3.691818e+00 
-5.190291e+00 -8.776943e+00 2.974371e+01 1.541070e+01 -2.651697e+00 1.798342e+00 7.920170e+00 4.991606e+00 -6.199547e+00 -4.524878e+00 2.710634e-01 -5.528610e+00 
-6.523837e+00 -8.562776e+00 2.609562e+01 1.648368e+01 -8.294324e-01 3.927038e+00 1.518531e+01 1.024425e+00 -1.393199e+01 -2.161627e+00 3.912747e+00 -3.412595e+00 
-7.903481e+00 -5.153445e+00 1.970661e+01 1.393334e+01 7.829524e+00 1.851923e+00 1.149615e+01 8.462143e+00 -4.668445e+00 -2.865808e+00 4.207400e+00 -8.303040e-01 
-6.716872e+00 9.180697e-01 1.337941e+01 1.045965e+01 2.426656e+00 6.677773e+00 1.015449e+01 6.416547e+00 2.318354e+00 3.474580e+00 3.755484e+00 -1.775206e+00 
-7.687809e+00 1.383914e-01 5.151469e+00 4.592661e+00 5.124437e+00 6.947807e+00 7.533102e+00 4.199243e+00 1.529131e+00 1.790716e+00 2.902200e+00 5.239455e-01 
-9.323049e+00 -1.334214e+00 2.862116e+00 3.277054e+00 1.265594e+00 7.774620e-01 2.446759e+00 -2.032342e+00 -1.413641e+00 1.592906e+00 1.131259e+00 -1.636649e+00 
-1.007749e+01 -2.243477e+00 3.663389e+00 3.622131e+00 2.191035e+00 1.842697e+00 4.151461e+00 5.488844e+00 6.765868e+00 4.855393e+00 3.654386e+00 -1.411945e+00 
-1.096405e+01 -2.629521e+00 7.003936e-01 2.526915e+00 1.757539e+00 2.286604e+00 4.757956e+00 5.816760e+00 6.187535e+00 1.730106e+00 -3.622501e+00 -2.395703e+00 
-1.203253e+01 -4.403587e+00 -4.002132e-01 -3.840017e-01 -8.055627e-02 3.294355e+00 5.066543e+00 5.364833e+00 2.326424e+00 2.790786e+00 7.389651e-01 8.438327e-01 
-1.226426e+01 -5.238028e+00 -1.348006e+00 -2.523886e+00 -1.801145e+00 -2.330953e+00 -3.547727e+00 1.110876e+00 -6.733752e-01 -2.499391e+00 2.926655e-01 1.056488e+00 
-1.238033e+01 -4.422022e+00 5.613153e-01 6.284659e-02 -1.082711e+00 -3.193230e-02 -1.967421e+00 -2.803838e+00 -2.529420e+00 -3.638865e+00 -2.172567e+00 1.051970e+00 
-1.244289e+01 -4.444252e+00 -1.286765e+00 3.607454e-01 -7.697658e-01 5.375889e-01 -2.377980e+00 -3.318367e+00 -4.748066e+00 -4.977802e+00 -1.035000e+00 -1.912559e+00 
-1.237580e+01 -4.700169e+00 -1.358880e+00 -2.407962e+00 -3.107112e+00 -3.224090e+00 -3.038933e+00 -2.592184e+00 -4.093878e+00 -1.762150e+00 8.785147e-01 6.016582e-01 
-1.319486e+01 -7.345003e+00 -3.964164e+00 -4.361827e+00 -5.764100e+00 -4.629263e+00 -1.893745e+00 -4.017086e-01 -1.824123e+00 -4.616344e+00 -1.412173e+00 2.069766e+00 
-1.198726e+01 -4.196468e+00 6.523171e-01 1.283423e+00 1.542617e+00 -1.098232e+00 -3.698284e+00 -1.938738e+00 -3.993275e+00 -3.547399e+00 -4.566513e+00 1.224298e-01 
-1.278615e+01 -4.464314e+00 1.984528e-01 -1.992790e+00 -1.036439e+00 2.578639e+00 -1.279240e+00 -1.371742e+00 -3.905045e+00 -7.339787e-01 -8.474938e-01 -3.980647e-01 
-1.214284e+01 -4.446963e+00 -1.269595e+00 -9.171193e-01 9.357265e-02 2.751447e+00 3.859424e+00 2.365301e+00 5.650640e-01 2.187989e+00 2.687043e+00 2.098682e+00 
-1.224286e+01 -4.738665e+00 -1.704000e+00 -4.352241e-01 5.940410e-01 3.396195e+00 4.409442e-01 -2.574258e-01 -1.501333e+00 -7.934870e-01 1.612122e+00 2.427003e+00 
-1.339078e+01 -3.878199e+00 -6.291486e-01 5.979862e-01 -1.464455e+00 2.102796e+00 5.830002e+00 2.894139e+00 9.594063e-01 5.145935e-01 5.942309e-01 1.907714e+00 
-1.309155e+01 -3.994771e+00 -1.503682e+00 1.408783e+00 5.562928e-01 -1.660625e-01 3.314973e-01 1.330916e-01 -1.885991e+00 -3.755127e+00 -2.004503e+00 -1.830629e+00 
-1.298413e+01 -4.239302e+00 -1.127083e+00 -1.233216e+00 -1.814539e+00 -1.260395e+00 -8.051486e-01 1.611096e+00 8.432017e-01 -4.948435e-01 -4.831355e+00 -6.306641e+00 
-1.252521e+01 -4.265870e+00 -1.318816e+00 3.546796e-01 -2.729504e-01 -1.252234e+00 -2.487961e+00 1.875813e+00 4.242185e+00 5.074305e-01 -3.361979e+00 -1.641769e+00 
-1.348380e+01 -4.863370e+00 -2.437738e+00 -9.351660e-02 -1.105847e+00 3.186483e+00 8.210719e-01 3.369954e-01 -1.210283e+00 -2.294969e+00 -2.545419e+00 -5.290920e-01 
-1.232435e+01 -4.328764e+00 -1.146543e+00 5.009331e-01 -1.868117e+00 1.066303e+00 -1.212391e-01 3.927371e+00 4.147500e+00 3.899954e+00 2.784253e+00 1.365833e+00 
-1.180657e+01 -3.274734e+00 -1.097894e+00 -8.106306e-01 -4.763163e+00 -8.186167e-01 -3.115279e+00 -1.420035e+00 2.003108e-01 1.984669e+00 3.756780e+00 1.696865e+00 
-1.276804e+01 -4.989160e+00 -3.415864e+00 -8.273293e-02 -4.431344e+00 -3.104153e+00 -1.317147e+00 -4.994480e-02 1.712596e-01 1.980812e+00 4.154258e+00 2.857737e+00 
-1.298907e+01 -4.063630e+00 -1.354301e+00 2.468430e-01 -8.367385e-01 -1.729496e+00 -3.142507e+00 -3.519886e+00 -2.001658e+00 -2.402802e-01 -2.549308e+00 -1.894486e+00 
-1.345951e+01 -4.745171e+00 -1.910614e+00 -5.262113e-01 -1.808451e+00 1.154304e+00 5.387595e-02 3.532084e+00 1.560872e+00 -2.045365e+00 -5.301416e+00 -1.744483e+00 
-1.446008e+01 -7.558085e+00 -3.024385e+00 -4.402266e+00 -8.535550e+00 -1.817851e+00 -2.296296e+00 1.550879e+00 -1.266234e+00 -3.719862e+00 -4.292166e+00 -2.099913e+00 
-1.395630e+01 -7.175295e+00 -1.006320e+00 3.459179e-01 -3.418230e+00 1.105336e+00 1.013271e+00 2.182265e+00 -3.657035e+00 -4.572264e+00 -4.287414e+00 -2.512573e+00 
-1.255443e+01 -3.008516e+00 -1.842506e+00 9.861982e-01 -6.339940e-01 2.141474e+00 1.110019e-01 -1.365184e+00 -5.495326e+00 -1.046397e+00 -9.615529e-01 4.194249e-01 
-1.210827e+01 -4.066341e+00 -4.927982e+00 -2.492883e+00 -3.017612e+00 9.495603e-01 7.804965e-01 -2.329812e-01 -1.701463e+00 -1.356061e+00 -3.319207e+00 -4.627985e+00 
-5.492808e+00 -2.346179e+01 3.894042e+00 -1.814133e+01 -8.945785e-01 -1.299147e+01 -3.522635e+00 -1.076022e+00 -9.481250e+00 -2.015297e+01 -3.085040e+00 -1.013565e+01 
-2.363914e+00 -1.728997e+01 1.068770e+01 -1.310132e+01 6.213656e+00 -6.839219e+00 -1.019237e+00 -9.812245e-01 -3.300351e+00 -1.470520e+01 2.183282e+00 -8.081683e+00 
8.084255e+00 -1.195313e+01 8.484769e+00 -9.427305e-01 1.639533e+01 -3.960001e-01 -1.351754e+01 1.061390e+00 -1.440327e+01 -1.381919e+01 1.200835e+01 -6.567490e+00 
9.563503e+00 -1.313729e+01 5.306001e+00 2.553200e+00 1.431917e+01 -1.028683e+00 -1.652012e+01 2.542972e+00 -2.091879e+01 -1.597912e+01 1.392316e+01 -1.120013e+01 
1.251295e+01 -2.013541e+01 3.356616e+00 7.831132e+00 1.486957e+01 -7.441740e+00 -1.322657e+01 5.451880e+00 -2.398638e+01 -1.454211e+01 1.760027e+01 -1.396104e+01 
1.217297e+01 -1.530390e+01 3.623898e+00 3.737382e+00 1.584980e+01 -7.203996e+00 -1.435948e+01 3.963144e+00 -2.327032e+01 -1.292767e+01 1.803836e+01 -1.182786e+01 
1.139919e+01 -1.456489e+01 4.220275e+00 3.062728e+00 1.490366e+01 -7.706807e+00 -1.462963e+01 4.672037e+00 -2.112699e+01 -1.289130e+01 1.784438e+01 -1.154502e+01 
1.042578e+01 -1.506100e+01 3.546060e+00 3.423981e+00 1.422602e+01 -6.964833e+00 -1.820613e+01 4.307157e+00 -2.144763e+01 -1.171932e+01 1.754713e+01 -1.018384e+01 
1.148150e+01 -1.564549e+01 1.857662e+00 3.319515e+00 1.650248e+01 -1.081735e+01 -1.791517e+01 4.802607e+00 -2.245205e+01 -1.161959e+01 1.964427e+01 -1.369357e+01 
1.100118e+01 -1.870076e+01 4.507016e+00 3.409828e+00 1.482817e+01 -1.037912e+01 -1.950562e+01 7.323382e+00 -2.616629e+01 -1.044705e+01 2.212980e+01 -1.568247e+01 
1.036692e+01 -1.925218e+01 5.689467e+00 2.878058e+00 1.166584e+01 -1.091280e+01 -1.881477e+01 5.209818e+00 -2.560625e+01 -1.041179e+01 2.301203e+01 -1.545415e+01 
1.144117e+01 -1.672175e+01 4.626063e+00 1.630522e+00 1.169689e+01 -1.282860e+01 -1.733537e+01 2.113105e+00 -2.849038e+01 -6.840742e+00 2.102594e+01 -1.688190e+01 
1.003601e+01 -1.188590e+01 4.587716e+00 9.990038e-01 1.047373e+01 -1.276969e+01 -1.980246e+01 -2.769258e+00 -2.691570e+01 -8.990204e+00 1.478768e+01 -1.107212e+01 
5.995033e+00 -8.259146e+00 5.924126e+00 2.485802e+00 1.004510e+01 -1.069777e+01 -1.379196e+01 1.199750e-01 -1.917465e+01 -7.020369e+00 1.212846e+01 -6.988585e+00 
3.406142e+00 -7.218671e+00 1.623003e+00 7.480663e+00 7.553718e+00 -8.076552e+00 -6.393347e+00 3.838536e+00 -1.330416e+01 -2.773240e+00 7.756626e+00 -6.147299e+00 
