4.550988e+00 1.557286e+01 1.819623e+01 6.056213e+00 3.491762e+00 -5.304541e-01 -3.564533e+00 -1.935867e+00 -4.635775e+00 -9.722054e+00 -4.221656e+00 1.170780e+00 
4.623311e+00 1.438373e+01 1.880283e+01 3.094398e+00 3.144718e+00 -1.875997e+00 -2.362116e+00 1.635023e+00 -1.083137e+00 -9.910586e+00 -5.049682e+00 2.735012e+00 
4.296319e+00 1.172814e+01 2.284460e+01 5.035900e+00 1.157372e+00 -1.943180e+00 -1.885225e+00 4.422628e+00 2.481065e+00 -1.474926e+01 -3.704296e+00 1.872462e+00 
5.091485e+00 1.440026e+01 2.212577e+01 8.607391e-01 -2.024755e+00 -3.695111e+00 -3.487089e+00 6.608540e+00 7.831448e+00 -1.539544e+01 -6.387968e+00 1.790922e+00 
5.655833e+00 1.306137e+01 2.031220e+01 -3.619249e+00 -6.274117e+00 5.689071e-01 -3.906916e+00 1.240519e+01 1.227854e+01 -1.515687e+01 -6.011745e+00 -3.408936e-01 
7.203463e+00 1.234467e+01 1.724848e+01 -2.769609e+00 -7.169906e+00 2.831054e+00 5.992847e-02 1.185074e+01 9.465947e+00 -1.884697e+01 -7.703707e+00 -2.986998e+00 
6.766449e+00 1.303963e+01 1.708369e+01 2.494433e+00 -5.025945e+00 -2.472189e+00 -6.669565e-01 7.366208e+00 4.159096e+00 -1.608322e+01 -7.233114e+00 -8.858819e-01 
7.193845e+00 1.099585e+01 1.682626e+01 -2.843393e+00 -6.911847e+00 -4.003160e-01 4.331081e-01 1.221734e+01 7.923274e+00 -1.991813e+01 -9.369363e+00 -5.084184e+00 
7.177688e+00 7.716634e+00 1.841625e+01 -8.165567e+00 -8.041965e+00 -3.895103e-01 8.887132e-01 1.462810e+01 7.590661e+00 -2.185508e+01 -9.871272e+00 -2.650033e+00 
6.851082e+00 4.520567e+00 1.951988e+01 -8.647776e+00 -8.251971e+00 1.221946e+00 2.208881e+00 1.452222e+01 4.240039e+00 -2.246913e+01 -9.143044e+00 -3.418764e+00 
7.768965e+00 1.890485e+00 1.694384e+01 -5.780613e+00 -3.970575e+00 -5.645303e+00 8.524822e-01 1.820753e+01 -3.117999e-01 -2.595173e+01 -9.625328e+00 3.499076e+00 
7.286942e+00 2.711116e+00 1.375184e+01 -8.594114e+00 1.457550e+00 -1.319848e+01 8.518062e+00 1.921453e+01 -1.049902e+01 -2.827365e+01 -7.299089e+00 1.153588e+00 
7.762425e+00 9.347357e-01 9.914501e+00 -7.561131e+00 5.408514e+00 -1.372467e+01 1.090252e+01 1.427573e+01 -1.677447e+01 -3.039702e+01 2.060149e+00 -4.585368e+00 
7.515450e+00 -1.235188e+00 6.482894e+00 -6.212141e+00 9.387952e+00 -1.238288e+01 7.869979e+00 1.195036e+01 -2.421916e+01 -2.628983e+01 9.038031e+00 -5.943050e+00 
7.476596e+00 -3.488734e+00 3.338999e+00 -4.623166e+00 1.573915e+01 -1.680147e+01 1.019556e+01 6.244221e+00 -2.423820e+01 -2.239961e+01 1.151376e+01 -6.533474e+00 
7.055740e+00 -4.562121e+00 3.123883e+00 -5.813406e+00 2.036107e+01 -1.281699e+01 2.966110e+00 3.436122e+00 -2.401442e+01 -2.056958e+01 1.689070e+01 -8.243103e+00 
5.630828e+00 -5.772044e+00 3.647643e+00 -4.729743e+00 2.337828e+01 -1.729008e+01 4.554840e+00 -1.534547e+00 -2.086309e+01 -1.651031e+01 1.437197e+01 -6.194545e+00 
4.873747e+00 -6.099446e+00 2.576964e+00 -2.138341e+00 2.322285e+01 -2.091327e+01 1.104518e+01 -5.228394e+00 -2.227585e+01 -1.345007e+01 1.561380e+01 -6.281979e+00 
5.727386e+00 -6.836927e+00 2.204631e+00 -2.343298e+00 2.625785e+01 -2.055433e+01 6.449270e+00 -6.268410e+00 -2.229966e+01 -6.336876e+00 1.100851e+01 -7.013379e+00 
6.099771e+00 -8.236300e+00 3.449452e+00 -2.265787e+00 2.831817e+01 -2.069246e+01 2.686225e+00 -4.186672e+00 -2.682905e+01 -1.580881e+00 1.025314e+01 -9.169018e+00 
5.758546e+00 -8.018503e+00 4.492963e+00 -3.541738e+00 2.946846e+01 -2.192384e+01 1.500112e+00 -3.327108e+00 -2.590059e+01 -6.582257e-01 8.221696e+00 -7.584401e+00 
6.117467e+00 -8.017086e+00 2.348487e+00 -1.851401e+00 2.912022e+01 -2.313689e+01 4.770050e-02 -4.439417e+00 -2.189494e+01 -1.975327e+00 8.127327e+00 -5.769656e+00 
6.897245e+00 -1.081063e+01 4.252906e+00 -3.555898e+00 2.900573e+01 -2.120361e+01 -5.022832e+00 -6.759610e-02 -2.579652e+01 -6.971963e-01 9.492338e+00 -5.873054e+00 
7.086515e+00 -1.215095e+01 4.309469e+00 -1.516017e+00 2.573224e+01 -1.904201e+01 -7.042259e+00 -4.747380e+00 -1.902726e+01 -5.299415e+00 9.719909e+00 -4.142304e+00 
8.234061e+00 -1.276465e+01 2.088834e+00 6.811222e-01 2.412398e+01 -2.034057e+01 -8.294041e+00 -3.067531e+00 -2.042845e+01 -3.199742e+00 9.293996e+00 -5.278454e+00 
8.192514e+00 -1.004481e+01 2.344924e+00 9.673167e-01 2.375380e+01 -1.744183e+01 -1.285190e+01 -5.565389e+00 -2.348591e+01 -1.941096e+00 6.872971e+00 -4.485409e+00 
5.863568e+00 -6.001651e+00 4.427938e+00 2.867827e+00 2.075023e+01 -2.242090e+01 -1.017398e+01 -4.531636e+00 -1.914153e+01 -1.915818e+00 4.995611e+00 -1.970701e+00 
6.712207e+00 -1.271930e+01 7.931696e+00 6.472835e+00 1.398673e+01 -1.955880e+01 -1.059698e+01 -6.530833e+00 -2.149703e+01 -8.625581e-01 1.405412e+00 -9.416584e+00 
3.462300e+00 -9.321497e+00 8.038586e+00 9.264722e+00 1.693216e+01 -1.670751e+01 -1.398865e+01 -1.291836e+01 -2.172149e+01 2.661123e+00 2.098565e+00 -6.603962e+00 
2.459399e+00 -1.189914e+01 8.795722e+00 1.169514e+01 1.702767e+01 -1.269202e+01 -1.193164e+01 -1.353998e+01 -1.989722e+01 -1.383395e+00 4.228132e+00 -4.544599e+00 
1.562674e+00 -8.789528e+00 9.471800e+00 1.575105e+01 1.702826e+01 -1.303874e+01 -1.425948e+01 -1.809054e+01 -2.124264e+01 1.216050e+00 7.038325e+00 -1.578231e+00 
1.104887e+00 -1.403977e+01 9.553748e+00 1.984796e+01 1.630688e+01 -1.043457e+01 -6.715726e+00 -1.453958e+01 -2.461231e+01 2.662703e+00 4.782655e+00 -6.349274e+00 
-1.753015e+00 -7.444487e+00 1.082128e+01 1.668268e+01 1.800354e+01 -7.167495e+00 -2.543271e+00 -1.472060e+01 -2.294788e+01 4.115148e+00 9.103169e+00 -5.651276e+00 
-2.012300e+00 -2.711096e+00 1.307042e+01 1.319692e+01 2.160034e+01 -4.211435e+00 -5.186777e+00 -1.132447e+01 -2.164327e+01 5.693774e-02 1.105820e+01 -7.512440e+00 
-2.498555e+00 -3.116923e+00 1.267537e+01 1.692862e+01 2.245639e+01 -4.008006e+00 -1.641571e+00 -3.615147e+00 -1.284908e+01 3.939780e+00 8.126075e+00 -7.384236e+00 
-5.227968e+00 -8.379449e+00 1.763372e+01 1.790795e+01 2.594284e+01 -4.966424e+00 7.247678e-01 6.258452e+00 -1.829061e+01 -6.646534e+00 7.261303e+00 -7.974415e+00 
-4.227760e+00 -6.021493e+00 2.032022e+01 2.098901e+01 2.091634e+01 -5.787186e+00 2.259152e+00 5.429059e+00 -1.930206e+01 -6.256301e+00 2.705283e+00 -1.186940e+01 
-3.031358e+00 -2.738025e+00 2.058834e+01 2.316230e+01 1.860746e+01 -1.202630e+01 4.650853e+00 2.750179e+00 -1.700437e+01 -9.309175e+00 3.823932e+00 -6.051601e-01 
-2.413537e+00 -7.621653e+00 1.853516e+01 2.719436e+01 1.954952e+01 -1.195723e+01 6.069297e+00 3.066112e+00 -1.609087e+01 -1.144729e+01 1.919013e+00 -2.073362e+00 
-2.031534e+00 -6.738187e+00 1.966062e+01 2.871328e+01 1.953884e+01 -1.047122e+01 2.675809e+00 3.858504e+00 -1.678059e+01 -1.334948e+01 1.981648e+00 -3.168497e+00 
-3.374891e+00 -3.758971e+00 2.351533e+01 2.546676e+01 1.575221e+01 -1.107164e+01 5.088342e+00 3.414491e+00 -1.910548e+01 -1.167427e+01 3.774660e+00 -1.785514e-01 
-4.065804e+00 -3.538341e+00 2.518771e+01 2.389865e+01 1.234287e+01 -1.094573e+01 8.681101e+00 2.981863e+00 -1.789950e+01 -9.886361e+00 -4.853956e-02 -2.809669e-01 
-3.643793e+00 -4.834248e+00 2.439985e+01 2.018558e+01 1.060587e+01 -4.910046e+00 7.988183e+00 1.103915e+00 -1.706083e+01 -1.076109e+01 1.737374e+00 -2.449131e+00 
-3.844604e+00 -5.383225e+00 2.430587e+01 1.584049e+01 8.430467e+00 -3.162813e+00 7.605945e+00 2.407492e+00 -1.241648e+01 -6.473800e+00 -2.969891e-01 -2.924369e+00 
-4.049646e+00 -7.685432e+00 2.368324e+01 1.651051e+01 3.189211e+00 -4.431777e+00 7.992259e+00 5.707990e+00 -9.582125e+00 -9.036907e+00 -4.084781e-01 9.774964e-02 
-7.126055e+00 -7.291416e+00 2.477307e+01 1.260217e+01 7.107546e+00 -7.667698e-01 4.895865e+00 -1.302133e-01 -2.225858e+00 -3.136546e+00 -1.959722e+00 2.383066e+00 
-9.151092e+00 -6.271415e+00 2.204827e+01 1.264092e+01 1.223312e+01 6.365454e+00 7.734565e+00 5.945366e+00 3.306817e+00 8.816402e-01 -6.316147e+00 1.871484e-01 
-8.172042e+00 7.948930e-01 1.166304e+01 9.001632e+00 7.089749e+00 7.651800e+00 8.046605e+00 4.845010e+00 3.162616e+00 9.253505e-01 2.516876e-01 -3.200175e-01 
-9.461156e+00 1.098528e-01 4.049370e+00 3.575861e+00 4.655695e+00 4.628557e+00 4.404481e+00 4.333257e+00 3.493459e-01 2.323343e-02 -1.132949e+00 -3.636858e+00 
-1.092761e+01 -3.304482e+00 1.946314e+00 3.883669e+00 3.428286e+00 2.657693e+00 7.379049e+00 3.378628e+00 3.738328e-01 -1.104808e+00 5.193450e-01 4.092939e+00 
-1.114920e+01 -2.221646e+00 1.341496e+00 1.109669e+00 3.043275e+00 4.842321e+00 5.123214e+00 1.312829e+00 8.370429e-01 1.134423e+00 -1.016031e+00 -6.383162e-01 
-1.237292e+01 -3.950310e+00 6.460881e-02 4.590233e-01 1.695439e+00 -1.833244e+00 1.845665e+00 2.186055e+00 4.452939e+00 2.358310e+00 2.694009e+00 7.004542e-01 
-1.275492e+01 -4.863539e+00 -1.116523e+00 -1.602472e+00 1.138982e+00 -1.951167e+00 -3.396059e+00 -1.699629e+00 7.030452e-01 2.221387e+00 2.198780e+00 -9.809295e-01 
-1.418945e+01 -6.119761e+00 -1.945810e+00 -3.866688e+00 -5.125921e-01 2.069018e+00 6.219622e-01 -3.795438e-01 3.207779e-01 1.311926e-01 -1.029811e+00 -1.754818e+00 
-1.386899e+01 -5.287319e+00 -1.505069e-01 -9.167973e-01 -2.361434e-01 2.204794e+00 -4.821783e-01 -2.707197e+00 -2.716956e+00 -1.468392e-02 -5.550424e-01 -1.168814e+00 
-1.300766e+01 -4.260704e+00 -9.401550e-01 -2.661541e+00 -3.869724e+00 -4.712577e-01 -3.431417e-01 -3.531468e+00 -1.712313e+00 8.400364e-01 1.033782e+00 -6.189094e-02 
-1.401018e+01 -5.652516e+00 -3.999429e+00 -4.340697e+00 -4.483132e+00 -4.645072e+00 -3.706740e+00 -1.366619e+00 -8.416687e-01 -3.668442e+00 -3.103007e+00 -6.989797e-01 
-1.336466e+01 -5.097398e+00 -2.125295e+00 -2.594464e+00 -4.004982e+00 -4.524330e+00 -1.998900e+00 7.003189e-01 4.037612e-01 -1.695160e+00 -1.531720e+00 -8.139209e-01 
-1.419791e+01 -6.863857e+00 -3.552274e+00 -2.662286e+00 -3.408185e+00 -5.193813e+00 -3.800488e+00 1.300306e+00 -6.267284e-01 -1.083216e+00 -1.060710e+00 -4.452498e+00 
-1.438795e+01 -7.010786e+00 -2.079422e+00 9.308185e-02 -6.959026e-01 -3.358255e+00 -4.880172e+00 -5.182855e+00 -3.301240e+00 -7.930430e-01 8.116385e-01 1.954988e-01 
-1.410174e+01 -5.754091e+00 -1.612670e+00 -4.479832e-02 -2.686808e+00 -1.437662e+00 -1.864392e+00 4.397642e-02 -4.403560e-01 -1.963215e+00 -1.212285e+00 4.376613e-01 
-1.440218e+01 -6.666849e+00 -2.491838e+00 1.500950e+00 1.452804e+00 2.444868e+00 -4.119807e-01 -1.191291e+00 -4.407230e+00 -4.349375e+00 -5.668091e+00 -5.526020e+00 
-1.432101e+01 -7.293778e+00 -3.729087e+00 -4.430133e+00 -3.902352e+00 -8.184491e-01 -2.964909e+00 -1.363773e+00 -1.295356e+00 -1.326519e+00 -2.577382e-01 -3.321260e+00 
-1.390862e+01 -5.995037e+00 -2.230404e+00 -1.478007e+00 -2.228829e+00 -2.815152e+00 -1.024285e+00 3.902336e+00 1.908614e-01 -2.595668e-01 5.281138e-01 -1.674993e-01 
-1.318039e+01 -5.248106e+00 -3.914363e+00 -1.109084e+00 -2.750285e+00 1.823776e+00 -8.684916e-01 -3.093716e+00 -3.354295e+00 -2.315003e+00 7.398178e-01 -2.153428e+00 
-1.443988e+01 -7.147794e+00 -3.349629e+00 -2.549724e-01 -4.102867e+00 -4.825332e-01 1.872838e+00 2.476371e+00 -1.660619e+00 -2.515649e+00 -4.299740e+00 -2.091782e+00 
-1.501539e+01 -5.266059e+00 -2.719424e+00 5.432635e-02 5.297265e-01 2.912480e-01 -2.130237e+00 -2.146488e+00 -8.103800e-01 2.627418e+00 3.971331e+00 4.174725e+00 
-1.481458e+01 -7.213936e+00 -3.989631e+00 -3.441122e+00 -2.942494e+00 -7.578433e-01 -3.186372e+00 -1.457699e+00 -9.209814e-02 2.615833e+00 2.094807e+00 1.759731e+00 
-1.292264e+01 -4.570153e+00 -2.825869e+00 -8.206538e-01 -2.555703e+00 -1.476187e+00 -1.904699e+00 -2.971897e+00 -4.008638e+00 -3.433565e+00 -4.547772e+00 -5.555983e+00 
-1.579286e+01 -5.567949e+00 -3.797675e+00 -1.030083e+00 -1.868140e+00 -3.387706e-01 -3.431384e+00 -4.784950e+00 1.745368e-01 7.046925e-01 -3.116369e+00 -4.711853e+00 
-1.526775e+01 -6.219446e+00 -3.756701e+00 -1.022630e+00 -2.193828e+00 1.429604e+00 -1.048288e+00 -2.108918e+00 -3.240433e-01 -1.695160e+00 -3.384861e+00 -3.257650e+00 
-1.481688e+01 -1.110496e+01 1.162010e+00 7.683221e-01 -9.408785e+00 4.285124e+00 1.208452e+00 -4.474142e+00 1.232234e+00 2.901266e+00 -4.568233e+00 -8.203021e-02 
-1.365357e+01 -6.206218e+00 7.700813e-01 3.063841e+00 -2.555703e+00 5.012393e+00 3.828861e+00 -6.203355e-01 1.296852e+00 1.937006e+00 -5.258131e-01 2.146798e+00 
-1.449259e+01 -8.621812e+00 -2.013061e+00 -6.596693e-01 -5.114337e+00 1.030009e-02 7.125399e-01 1.475795e-01 -1.498053e+00 2.291955e+00 -1.860759e+00 -2.680242e+00 
-1.556627e+01 -7.220550e+00 -3.367889e+00 6.632350e-01 -3.134109e+00 -4.134855e+00 -7.270061e+00 -3.567330e+00 -2.727839e+00 -2.292885e+00 -5.343228e+00 -1.380031e+00 
-1.408635e+01 -3.390939e+00 -1.330303e+00 -2.472235e+00 -4.831363e+00 -2.840522e+00 -2.686383e+00 -1.016532e+00 -3.382863e+00 -5.700707e+00 -7.821042e+00 -5.747551e+00 
-5.654211e+00 -1.538812e+01 8.628706e+00 -2.012910e+01 -3.250978e+00 -4.734806e+00 4.380931e+00 -1.261495e+01 -4.301801e+00 -1.555237e+01 -9.022368e+00 -3.197969e+00 
-3.784976e+00 -1.301741e+01 1.270388e+01 -1.734093e+01 1.695439e+00 -7.017155e+00 2.828432e+00 -1.455722e+01 -6.457737e-01 -9.488756e+00 -5.552844e+00 -3.794288e+00 
6.317894e+00 -1.030937e+01 7.793185e+00 3.495368e+00 1.458471e+01 -6.835807e+00 -6.634659e+00 -5.322320e+00 -1.704314e+01 -8.400212e+00 4.918362e+00 -3.415080e+00 
8.910741e+00 -1.063394e+01 4.888010e+00 4.391364e-03 1.990724e+01 -8.551093e+00 -9.229255e+00 -1.141197e+00 -2.259418e+01 -8.330171e+00 7.570717e+00 -1.157910e+01 
9.410460e+00 -1.270938e+01 3.296688e+00 4.060304e+00 1.706623e+01 -1.406387e+01 -3.856193e+00 2.808812e+00 -2.658418e+01 -4.274593e+00 9.008383e+00 -1.151819e+01 
8.512197e+00 -1.344355e+01 3.905514e+00 4.702006e+00 1.509964e+01 -1.296075e+01 -9.665385e+00 6.603416e+00 -2.698345e+01 -8.381253e+00 1.244826e+01 -1.192048e+01 
9.223883e+00 -1.348607e+01 3.355032e+00 3.832989e+00 1.627129e+01 -1.623065e+01 -1.007751e+01 5.697174e+00 -2.457966e+01 -1.058415e+01 1.376024e+01 -1.104909e+01 
8.972292e+00 -1.233804e+01 4.303234e+00 7.288213e-01 1.814473e+01 -1.845333e+01 -8.842035e+00 5.081248e+00 -2.724261e+01 -1.100176e+01 1.480039e+01 -1.065932e+01 
7.688948e+00 -1.228938e+01 6.029058e+00 -6.589240e-01 1.981470e+01 -1.813715e+01 -1.357245e+01 6.610247e+00 -2.553601e+01 -1.449964e+01 1.749325e+01 -1.038818e+01 
8.956135e+00 -1.258371e+01 2.323101e+00 -6.119488e-02 2.086592e+01 -2.098609e+01 -1.377036e+01 4.387335e+00 -2.662499e+01 -1.014968e+01 1.409888e+01 -9.847613e+00 
9.180027e+00 -1.478528e+01 3.615131e+00 1.750625e+00 1.956791e+01 -1.936289e+01 -1.863438e+01 5.441582e+00 -3.004159e+01 -1.035190e+01 1.469099e+01 -1.072515e+01 
6.217488e+00 -9.562443e+00 7.359390e+00 5.816972e+00 1.114156e+01 -1.780546e+01 -9.188495e+00 -3.069239e+00 -2.951172e+01 -3.253956e-01 1.140811e+01 -1.110853e+01 
9.417769e+00 -1.034008e+01 1.278253e+00 5.094033e+00 1.078799e+01 -1.724826e+01 -5.278713e+00 -2.095256e+00 -3.133259e+01 -1.682521e+00 1.595537e+01 -7.433847e+00 
6.682585e+00 -9.883703e+00 7.522663e-01 1.016802e+01 7.486625e+00 -1.584540e+01 -1.208154e+01 -8.485060e+00 -3.229710e+01 -6.835595e+00 1.008778e+01 -4.451025e+00 
1.210293e+00 -8.138031e+00 2.185035e+00 9.251307e+00 9.552872e+00 -1.540378e+01 -1.315398e+01 -8.231175e+00 -2.739837e+01 -5.500587e+00 4.220616e+00 -5.973505e+00 
-1.426409e+00 -2.102118e+00 4.515232e+00 7.052677e+00 6.373711e+00 -6.911917e+00 -1.098736e+01 -9.780667e+00 -1.642961e+01 -3.190262e+00 4.569698e+00 -1.802706e-01 
-3.504148e+00 -8.118806e-01 5.275930e+00 9.005359e+00 6.142348e+00 -1.748678e+00 -1.038367e+01 -1.445590e+01 -1.108127e+01 -2.763692e+00 4.370103e+00 2.405416e+00 
