8.308746e+00 9.958385e+00 1.771134e+01 1.588840e+01 -1.970819e+00 -9.801434e+00 -4.018926e-01 7.985353e+00 -1.098335e+01 -7.141657e+00 3.685169e+00 -8.058082e+00 
9.272462e+00 7.866692e+00 1.935941e+01 9.050506e+00 -1.214351e+01 -1.458361e+01 6.039610e+00 1.915052e+01 -1.127744e+01 -1.063246e+01 8.728086e+00 -7.535621e+00 
1.082204e+01 9.598613e+00 1.570153e+01 3.743062e+00 -9.723606e+00 -8.758629e+00 1.930928e+00 1.564538e+01 -6.364119e+00 -7.924002e+00 3.189682e+00 -8.514335e+00 
1.095708e+01 1.246284e+01 1.552067e+01 2.703831e+00 -8.978121e+00 -1.155293e+01 3.692092e+00 1.931528e+01 -5.198604e+00 -4.912504e+00 4.355601e+00 -9.133803e+00 
1.136093e+01 9.321394e+00 1.361397e+01 2.116674e+00 -5.587658e+00 -1.569960e+01 7.936733e+00 2.164252e+01 -7.958898e+00 -4.673964e+00 -3.980575e-01 -3.062611e+00 
1.193044e+01 6.942442e+00 1.146500e+01 2.239543e-01 -9.680021e+00 -1.115335e+01 1.188478e+01 2.701583e+01 -8.484128e+00 -1.100278e+01 -4.086980e+00 -5.231326e+00 
1.119151e+01 8.894132e+00 1.058715e+01 -4.824066e+00 -3.005781e+00 1.149379e+00 5.024907e+00 2.071176e+01 -5.637156e+00 -1.172396e+01 -4.534192e+00 -9.591208e+00 
1.025715e+01 6.901166e+00 1.576239e+01 -1.229824e+01 -3.597096e+00 8.438557e+00 -1.568303e+00 2.207236e+01 -3.350497e+00 -1.644194e+01 -2.611334e+00 -9.115955e+00 
8.501238e+00 5.526784e+00 1.879146e+01 -1.555485e+01 -2.684429e+00 7.398025e+00 -2.429200e+00 2.520081e+01 -3.488770e+00 -1.799996e+01 -4.213652e+00 -9.018085e+00 
7.969474e+00 3.330785e+00 2.112017e+01 -2.338976e+01 4.966878e+00 6.247940e+00 -9.211911e+00 3.016421e+01 -5.778524e+00 -2.039536e+01 -4.869409e+00 -6.255233e+00 
8.436654e+00 -2.144990e+00 1.562998e+01 -2.003644e+01 1.681983e+01 5.334247e-01 -1.124027e+01 2.725633e+01 -1.399543e+01 -2.305934e+01 2.253162e+00 -3.276777e+00 
6.669842e+00 -1.533100e+00 6.765880e+00 -1.536834e+01 2.092456e+01 -1.823568e+00 -7.082767e+00 1.549789e+01 -9.568124e+00 -3.329488e+01 1.381696e+01 -1.192918e+01 
7.272059e+00 -4.462586e+00 5.937617e+00 -1.252926e+01 2.227697e+01 -3.605519e+00 -8.758366e+00 1.157753e+01 -1.252035e+01 -3.176133e+01 1.227721e+01 -1.073055e+01 
7.683463e+00 -7.824914e+00 8.564392e+00 -1.306423e+01 2.063963e+01 -2.111317e+00 -6.343656e+00 4.417098e+00 -2.093641e+01 -2.450615e+01 1.082126e+01 -6.670035e+00 
7.740078e+00 -9.431892e+00 8.972325e+00 -1.111241e+01 2.218069e+01 -3.104118e+00 -1.073055e+01 2.861324e-01 -2.501803e+01 -1.572076e+01 8.858234e+00 -3.680352e+00 
7.085020e+00 -8.586289e+00 8.870905e+00 -1.057821e+01 2.268744e+01 -5.236094e+00 -1.334947e+01 9.079696e-01 -2.768287e+01 -9.832322e+00 9.802092e+00 -2.360528e+00 
7.358869e+00 -1.057368e+01 1.011499e+01 -9.703998e+00 2.245716e+01 -4.476038e+00 -1.539830e+01 -2.855607e+00 -2.077079e+01 -9.302975e+00 1.187595e+01 -5.538469e+00 
5.833615e+00 -9.662257e+00 9.992158e+00 -9.636456e+00 2.472289e+01 -6.469822e+00 -1.362768e+01 -6.734781e+00 -1.532553e+01 -5.754344e+00 9.341748e+00 -7.366937e+00 
5.078746e+00 -9.179215e+00 9.553799e+00 -9.423850e+00 2.549960e+01 -8.639983e+00 -1.090798e+01 -9.669906e+00 -1.549373e+01 -3.733704e+00 1.201035e+01 -9.782058e+00 
4.713473e+00 -8.620872e+00 8.050531e+00 -6.556372e+00 2.524655e+01 -1.023328e+01 -1.315051e+01 -6.309594e+00 -1.734235e+01 -1.054716e+00 7.868033e+00 -7.338151e+00 
5.472116e+00 -1.047885e+01 1.025134e+01 -7.114364e+00 2.582420e+01 -9.432315e+00 -1.604397e+01 -6.264417e+00 -1.565470e+01 -2.415896e+00 9.799002e+00 -1.036497e+01 
4.697537e+00 -9.447510e+00 9.496327e+00 -6.970069e+00 2.855895e+01 -1.180431e+01 -1.617730e+01 -6.176723e+00 -1.234957e+01 -5.148819e+00 9.058283e+00 -9.014630e+00 
5.677189e+00 -1.030706e+01 7.431870e+00 -4.507077e+00 3.048706e+01 -1.707288e+01 -1.724975e+01 -2.197895e+00 -1.235679e+01 -7.847825e+00 1.041537e+01 -8.530167e+00 
5.469600e+00 -1.284107e+01 9.196575e+00 -2.443967e+00 2.691511e+01 -1.576369e+01 -1.558465e+01 -1.651130e+00 -1.667524e+01 -7.220615e+00 1.142140e+01 -1.104776e+01 
7.125699e+00 -1.572649e+01 8.101805e+00 9.815027e-01 2.523549e+01 -1.608917e+01 -1.504711e+01 1.758345e+00 -2.113246e+01 -5.438515e+00 8.479764e+00 -1.084569e+01 
8.510044e+00 -1.562330e+01 6.872934e+00 5.042484e+00 1.971070e+01 -1.480090e+01 -1.363293e+01 -3.516493e-01 -2.147505e+01 -4.294746e+00 8.984134e+00 -1.225187e+01 
7.479648e+00 -1.554800e+01 1.026092e+01 4.640300e+00 1.896587e+01 -1.263983e+01 -1.524291e+01 2.688591e-01 -2.097717e+01 -6.566159e+00 8.449641e+00 -1.531438e+01 
5.972007e+00 -1.039686e+01 1.136696e+01 7.959851e+00 1.755686e+01 -1.054922e+01 -1.469488e+01 2.056641e+00 -1.722162e+01 -6.743535e+00 9.326301e+00 -1.398419e+01 
4.805735e+00 -1.160000e+01 1.188758e+01 1.046506e+01 1.828283e+01 -8.847726e+00 -1.624607e+01 -3.396909e-01 -2.326434e+01 -8.918197e+00 8.516453e+00 -1.556568e+01 
2.799880e+00 -1.582299e+01 1.233665e+01 1.771741e+01 2.208637e+01 -1.154929e+01 -1.648334e+01 3.444481e+00 -2.107261e+01 -9.841219e+00 6.316307e+00 -1.163384e+01 
1.611380e+00 -1.429633e+01 1.489186e+01 2.106152e+01 1.983365e+01 -9.260939e+00 -1.226390e+01 -1.002054e+00 -2.400627e+01 -5.281157e+00 7.451330e+00 -1.307111e+01 
1.033906e+00 -1.468176e+01 1.751808e+01 2.284679e+01 1.639180e+01 -1.115926e+01 -1.092373e+01 2.293152e+00 -2.086469e+01 -7.648208e+00 9.860021e+00 -9.358907e+00 
-7.647796e-01 -1.036562e+01 2.130329e+01 2.290819e+01 1.987528e+01 -5.269279e+00 -1.169224e+01 5.832176e+00 -1.678874e+01 -1.081706e+01 1.100895e+01 -7.150180e+00 
-1.918052e+00 -9.484881e+00 2.297616e+01 2.690931e+01 2.137081e+01 -7.711278e+00 -9.205088e+00 1.126927e+01 -9.846732e+00 -1.433456e+01 8.640807e+00 -2.406873e+00 
-1.136343e+00 -8.447959e+00 2.398585e+01 2.305249e+01 2.068907e+01 -3.962363e+00 -1.041297e+01 5.670737e+00 -1.046896e+01 -1.349716e+01 8.056496e+00 -4.746287e+00 
-1.491131e+00 -8.832273e+00 2.537924e+01 2.154737e+01 1.787561e+01 -8.856818e+00 -7.639200e+00 1.270427e+01 -1.288048e+01 -1.540493e+01 1.186282e+01 -2.388738e+00 
-5.001273e+00 -9.028613e+00 2.978819e+01 2.054498e+01 1.141279e+01 -7.190785e+00 -1.724209e+00 7.113054e+00 -9.011937e+00 -1.460757e+01 1.372350e+01 -5.657354e+00 
-4.162110e+00 -9.434681e+00 3.226791e+01 1.799756e+01 2.665371e+00 -2.902728e-01 -3.468050e+00 8.184661e+00 -8.534690e+00 -1.340319e+01 5.312203e+00 1.886802e+00 
-5.535552e+00 -9.870869e+00 3.155233e+01 1.172073e+01 2.931430e+00 5.154222e+00 -1.158019e-01 6.594193e+00 -7.373819e+00 -1.138478e+01 2.396440e+00 -6.630775e-02 
-6.027475e+00 -1.201946e+01 2.829619e+01 1.136537e+01 1.030094e-01 1.265752e+00 4.370835e+00 9.205112e+00 -6.709284e+00 -8.986033e+00 2.786110e+00 3.554027e-01 
-7.721737e+00 -1.048220e+01 2.350410e+01 1.326883e+01 4.195373e+00 1.431673e+00 5.095248e+00 8.784574e+00 1.198054e+00 -7.699919e+00 1.602040e+00 3.023837e+00 
-9.408031e+00 -8.726851e+00 2.124300e+01 1.522142e+01 -1.147923e+00 9.509545e+00 8.948812e+00 7.085151e+00 2.471401e+00 -4.152956e+00 -3.934232e-01 3.298740e+00 
-1.089596e+01 -4.113412e+00 1.437068e+01 5.077023e+00 -2.134097e+00 7.005269e+00 5.440132e+00 3.869668e+00 1.517224e-01 -5.482442e+00 2.899265e+00 2.990446e+00 
-1.028745e+01 -2.989476e+00 6.202999e+00 3.531992e+00 5.552211e-02 6.437500e+00 6.500505e+00 3.629172e+00 -2.950840e-01 -1.641335e+00 -8.811858e-01 -2.495245e+00 
-1.069215e+01 -4.708569e+00 2.267345e+00 3.789881e+00 2.291327e+00 6.526142e+00 5.097873e+00 1.563689e+00 -1.509613e+00 1.628720e+00 4.796248e+00 -9.534830e-01 
-1.252270e+01 -4.623228e+00 2.244244e+00 2.087508e+00 2.334261e+00 3.294084e+00 5.996873e-01 6.423751e-02 -3.001720e+00 1.100485e+00 4.477068e-01 1.820595e+00 
-1.243548e+01 -4.572470e+00 4.136150e-01 1.344543e+00 -4.935089e-01 1.607141e+00 1.849038e+00 -1.069154e+00 1.101057e+00 2.022951e+00 2.619476e-01 -9.189401e-01 
-1.250299e+01 -4.761559e+00 -2.084268e-01 2.362991e-02 -1.165487e+00 -1.314894e+00 -9.532940e-02 3.250489e+00 -4.271653e-01 -1.475080e+00 -1.367404e+00 -2.456672e+00 
-1.498106e+01 -7.750728e+00 -2.829004e+00 -4.096451e+00 -7.360300e+00 -5.031989e+00 -7.437099e+00 -5.404077e+00 -3.379390e+00 -2.234071e+00 -1.724633e+00 -2.035537e+00 
-1.448704e+01 -6.353477e+00 -1.282351e+00 -1.783127e+00 -2.217362e+00 -1.152155e+00 -1.904788e+00 3.173571e-01 -2.544444e-03 -1.081962e+00 -6.560349e-01 -1.883549e+00 
-1.506074e+01 -7.940933e+00 -1.847485e+00 -1.726330e+00 -3.012286e+00 -1.625372e+00 -6.459884e-01 2.633302e+00 1.016443e+00 -2.479840e+00 -1.641215e+00 -1.449349e-02 
-1.406725e+01 -6.846001e+00 -2.737162e+00 -1.285770e+00 -3.346649e+00 -3.869175e+00 -3.423430e+00 -4.984720e-01 -9.977980e-01 -3.015860e+00 -5.362578e+00 8.767117e-01 
-1.533249e+01 -7.407690e+00 -3.517532e+00 -1.519865e+00 -2.133446e+00 1.141652e+00 4.422062e-01 -8.871202e-01 -2.446049e+00 -3.605816e+00 -4.641940e+00 -1.328848e+00 
-1.372840e+01 -4.955110e+00 -1.471104e+00 -7.876453e-01 -3.152797e+00 2.648582e+00 -6.015861e-02 -2.716757e+00 -2.113266e+00 -9.724225e-01 -6.654782e+00 -3.450355e+00 
-1.367975e+01 -5.865973e+00 -8.108857e-02 -6.617710e-01 -1.021724e+00 -5.643840e-01 -4.240232e+00 -4.621465e+00 -2.856224e+00 9.281133e-01 8.339005e-01 1.940919e+00 
-1.398757e+01 -5.541900e+00 -1.298690e+00 -1.413179e+00 -1.413331e+00 3.543205e-01 -2.736288e+00 1.278016e+00 8.007784e-01 -2.538780e+00 -1.061924e+00 9.043460e-01 
-1.337277e+01 -5.466041e+00 -1.318411e+00 9.845728e-01 1.778181e-01 1.174836e+00 -1.167251e+00 -1.197374e+00 -2.195817e+00 -5.787706e+00 -4.668201e+00 -1.416069e+00 
-1.406180e+01 -6.091318e+00 4.778476e-01 1.856483e+00 9.759948e-01 2.976788e+00 -1.567470e-01 -1.823198e+00 -1.640147e+00 -4.893598e+00 -9.447735e+00 -2.765831e+00 
-1.402573e+01 -5.893304e+00 -3.054381e+00 -2.608985e+00 -2.979110e+00 -3.233219e+00 -3.861228e+00 -3.612973e+00 -3.219448e+00 -4.345901e+00 -1.701075e+00 1.951570e+00 
-1.428616e+01 -5.651226e+00 -2.607007e+00 -2.360307e+00 -1.434147e+00 -1.552628e-01 -2.996657e+00 -1.197891e-01 1.551355e-02 -1.380554e+00 -1.082393e+00 -1.698169e+00 
-1.457008e+01 -5.227309e+00 -2.110613e+00 -2.372587e+00 -2.993422e+00 1.025279e+00 -2.327362e+00 -1.729376e-01 -2.011824e-01 -1.163699e+00 -1.048022e+00 -9.701787e-01 
-1.448998e+01 -7.703316e+00 -3.248206e+00 -1.060885e+00 -3.841688e+00 -2.289057e+00 1.554023e+00 -2.055722e+00 -2.401162e+00 -1.529572e+00 -3.240443e+00 -3.541029e+00 
-1.495800e+01 -6.714921e+00 -2.057086e+00 8.955397e-01 -1.594173e+00 7.839094e-02 -9.740741e-01 -4.956965e+00 -5.059299e+00 -4.909167e+00 -5.644113e+00 -6.601237e+00 
-1.555266e+01 -6.126458e+00 -2.612641e+00 3.329430e-01 8.888264e-01 -1.152598e-01 -2.075392e+00 -1.232585e+00 -2.194269e+00 -2.328928e-01 -5.382458e-01 -1.048806e-01 
-1.538575e+01 -6.335070e+00 -4.656815e+00 -1.510655e+00 -2.478868e+00 -2.751819e+00 -2.185629e+00 2.456067e-01 -8.058673e-01 3.144478e+00 2.050411e+00 -2.572679e+00 
-1.479738e+01 -8.141177e+00 -6.991863e-01 -3.025687e-01 -5.650758e+00 -5.793852e-01 1.029086e+00 -1.401996e+00 1.446223e+00 -1.611310e+00 -5.905566e+00 -3.958134e+00 
-1.289091e+01 -1.051790e+01 1.098763e+00 -4.522364e-01 -8.138962e+00 2.692221e+00 2.056388e+00 -2.302198e+00 3.328184e-01 -1.230424e+00 -5.145537e+00 -4.224114e+00 
-1.293327e+01 -5.259103e+00 -1.429409e+00 -2.176868e+00 -4.410884e+00 -3.794169e+00 -4.065953e+00 3.406096e-01 -5.288061e-01 -1.015793e+00 -2.187293e+00 -2.787708e+00 
-4.229629e+00 -2.409104e+01 4.198830e+00 -1.636305e+01 -1.157106e+01 -7.600816e+00 -1.089066e+01 -1.249859e+00 -7.992950e+00 -7.744402e+00 5.895355e+00 2.923951e+00 
-6.610633e-02 -2.095907e+01 1.391035e+01 -1.434753e+01 -5.058687e-01 -5.037898e+00 -8.304296e+00 1.313375e-01 -7.495065e+00 -9.445320e+00 5.879135e+00 1.441775e+00 
6.607775e+00 -1.323933e+01 1.380216e+01 -2.708763e+00 1.578032e+01 -6.712102e-01 -1.771852e+01 -4.720454e+00 -1.653645e+01 -1.051013e+01 6.071460e+00 -7.467399e+00 
1.003991e+01 -1.390756e+01 7.230157e+00 -1.001018e+00 1.827308e+01 -9.883258e+00 -1.625709e+01 1.850026e+00 -2.441025e+01 -1.316354e+01 9.817153e+00 -8.974330e+00 
1.009946e+01 -1.383226e+01 5.744356e+00 -4.421882e+00 2.406392e+01 -1.338715e+01 -1.884346e+01 8.962622e+00 -2.517178e+01 -1.003528e+01 1.187788e+01 -9.130924e+00 
1.003823e+01 -1.305972e+01 3.693984e+00 -1.469976e+00 2.257490e+01 -1.451315e+01 -1.916472e+01 9.197803e+00 -2.693476e+01 -7.662664e+00 1.243555e+01 -8.992465e+00 
1.044125e+01 -1.584976e+01 4.408431e+00 1.098167e+00 1.986357e+01 -1.742473e+01 -1.802928e+01 8.119554e+00 -2.606023e+01 -1.008643e+01 1.586108e+01 -9.596390e+00 
9.867131e+00 -1.672883e+01 5.152177e+00 1.039835e+00 1.817550e+01 -2.028085e+01 -1.973165e+01 7.796677e+00 -2.741665e+01 -8.854809e+00 1.432133e+01 -1.006876e+01 
1.041777e+01 -1.648174e+01 5.602931e+00 2.730759e-01 1.695189e+01 -1.923532e+01 -2.234426e+01 6.076659e+00 -3.134039e+01 -6.432710e+00 1.268387e+01 -1.157051e+01 
8.981419e+00 -1.483069e+01 4.152064e+00 -2.781678e+00 1.741765e+01 -1.272892e+01 -1.947758e+01 3.471719e+00 -2.845163e+01 -2.323593e+00 1.519490e+01 -1.265055e+01 
6.833816e+00 -1.020387e+01 1.705028e+00 -2.318919e-02 1.753084e+01 -7.350797e+00 -2.119832e+01 3.007482e-01 -2.327982e+01 -5.262807e+00 7.637090e+00 -1.140787e+01 
5.103069e+00 -3.699536e+00 -5.729749e-01 5.374055e+00 1.077854e+01 -9.893713e+00 -2.251644e+01 -1.337369e+01 -2.334637e+01 -7.792221e+00 4.735616e+00 -5.153028e+00 
2.038301e+00 -1.300503e+00 2.716272e-01 6.283574e+00 5.655769e+00 -1.023465e+01 -1.726917e+01 -1.040203e+01 -1.909036e+01 -1.003861e+01 2.744401e+00 -4.914725e-01 
4.140743e-01 -8.230394e-01 4.040365e-01 6.794746e+00 4.761317e+00 -1.088515e+01 -1.693216e+01 -1.284619e+01 -1.243161e+01 -8.316565e+00 -4.893836e-02 2.273394e+00 
