5.157256e+00 1.461034e+01 1.518720e+01 1.322390e+01 6.637761e+00 3.947094e-01 -3.468369e-01 -1.540681e+00 -7.709531e+00 -8.930974e+00 -5.545577e+00 -1.120368e+00 
7.354419e+00 1.241231e+01 1.541335e+01 1.519214e+01 -1.230741e+00 -7.712970e+00 -1.336223e-01 3.907910e+00 -8.390961e+00 -1.088388e+01 -4.295030e+00 -3.200222e+00 
8.780541e+00 9.902714e+00 1.636065e+01 1.594163e+01 -7.191450e+00 -1.267526e+01 2.540801e+00 1.232094e+01 -6.592909e+00 -1.438700e+01 2.146018e-01 -1.516746e-01 
9.579170e+00 1.104619e+01 1.369476e+01 9.657498e+00 -8.378090e+00 -8.013034e+00 6.587371e+00 9.381102e+00 -3.171628e+00 -6.909219e+00 -1.093178e+00 -5.356289e+00 
9.870006e+00 9.130075e+00 1.377280e+01 9.316035e+00 -1.019419e+01 -1.188280e+01 9.238806e+00 1.410004e+01 -3.748165e+00 -4.988133e+00 -4.906559e+00 -5.097769e+00 
1.190398e+01 9.346783e+00 1.049172e+01 4.287265e+00 -7.537734e+00 -8.182894e+00 3.231833e+00 1.223427e+01 -1.267941e+00 -4.037762e+00 -7.170162e+00 -6.385174e+00 
1.022256e+01 7.025572e+00 1.488017e+01 1.220483e+01 -1.044770e+01 -1.158671e+01 1.802438e+00 9.597480e+00 1.001755e+00 -1.198917e+01 -8.229635e+00 -1.730510e+00 
1.131670e+01 5.881434e+00 1.197105e+01 8.009420e+00 -8.703338e+00 -1.173277e+01 1.334989e+00 1.205032e+01 -1.042534e+00 -8.900200e+00 -8.970500e+00 -3.024843e+00 
1.193531e+01 2.611716e+00 9.450996e+00 9.542346e+00 -1.202485e+01 -1.392707e+01 9.386659e+00 1.591102e+01 -5.354285e+00 -1.583134e+01 -5.530706e+00 -1.030297e+00 
1.154722e+01 1.465602e+00 1.040228e+01 7.924886e+00 -1.366133e+01 -1.339370e+01 1.261418e+01 1.923888e+01 -9.175795e+00 -2.243803e+01 -4.638874e+00 -2.387141e-01 
1.171368e+01 -3.813536e-01 1.244841e+01 5.594545e+00 -1.429025e+01 -1.129854e+01 1.151385e+01 1.905214e+01 -1.092772e+01 -2.470181e+01 -2.245033e+00 7.177002e-02 
1.208167e+01 -3.626700e+00 1.318380e+01 2.713070e+00 -1.281019e+01 -5.453897e+00 1.066955e+01 1.298237e+01 -1.280909e+01 -2.651493e+01 -2.343275e+00 3.206923e+00 
1.097069e+01 -5.868209e+00 9.007252e+00 -2.237156e+00 -3.776624e+00 1.522263e+00 3.304407e+00 5.245317e+00 -1.542025e+01 -2.163632e+01 -2.159861e+00 4.944249e+00 
1.085286e+01 -6.947137e+00 6.423966e+00 -5.054066e+00 3.489389e+00 2.699387e+00 1.063174e+00 -4.060060e+00 -1.510111e+01 -1.620533e+01 -2.149496e+00 3.378837e+00 
9.828391e+00 -9.450803e+00 8.291224e+00 -9.100379e+00 1.177645e+01 3.451393e-01 -4.627357e+00 -2.406752e+00 -1.702562e+01 -1.755786e+01 4.800393e+00 1.391219e+00 
9.596938e+00 -9.135293e+00 5.660657e+00 -9.125007e+00 1.789628e+01 -4.689196e+00 -7.085861e+00 7.656752e-01 -2.097137e+01 -1.121040e+01 4.709812e+00 9.776735e-01 
9.343977e+00 -8.959423e+00 2.212668e+00 -5.354927e+00 1.567726e+01 -7.817534e-01 -1.058835e+01 -4.647132e+00 -1.699735e+01 -7.049010e+00 8.198217e-01 6.128592e+00 
9.591328e+00 -1.159680e+01 4.597153e+00 -5.685075e+00 1.709206e+01 -3.543136e+00 -9.337010e+00 -9.335883e+00 -1.600050e+01 -1.051031e+00 2.227645e+00 7.841080e-01 
1.009024e+01 -1.159680e+01 2.400291e-01 9.544985e-01 1.720263e+01 -9.588040e+00 -7.613713e+00 -7.835773e+00 -1.671392e+01 -3.229269e+00 7.805311e+00 -4.203990e+00 
1.107356e+01 -1.248537e+01 -1.008607e+00 3.528457e+00 1.664815e+01 -1.252193e+01 -6.106336e+00 -6.275838e+00 -1.716474e+01 -3.265260e+00 6.842728e+00 -1.998557e+00 
1.022396e+01 -1.104416e+01 -5.329630e-01 1.615461e+00 1.723338e+01 -1.191321e+01 -6.393928e+00 -7.397985e+00 -1.409533e+01 -5.813840e+00 8.599353e+00 -3.941573e+00 
1.075420e+01 -1.192549e+01 -1.399375e+00 4.986833e+00 1.618806e+01 -1.280811e+01 -4.860405e+00 -7.023936e+00 -1.709258e+01 -3.854156e+00 1.156687e+01 -9.335423e+00 
1.071960e+01 -1.103297e+01 -2.451487e+00 4.771172e+00 1.840222e+01 -1.283455e+01 -6.479124e+00 -5.751946e+00 -1.535999e+01 -5.903035e+00 1.273405e+01 -1.186260e+01 
1.093375e+01 -1.209806e+01 -2.159835e+00 5.993918e+00 1.999501e+01 -1.429587e+01 -6.666644e+00 -2.857400e+00 -1.990979e+01 -2.570998e+00 9.056760e+00 -8.179226e+00 
9.755448e+00 -1.304591e+01 -1.097469e+00 1.010546e+01 1.396526e+01 -1.272483e+01 -9.134614e+00 -2.513543e+00 -2.088581e+01 -1.979494e+00 7.636319e+00 -6.117993e+00 
1.150327e+01 -1.403131e+01 1.397737e-01 9.602918e+00 1.261357e+01 -1.227870e+01 -1.080878e+01 -4.509030e+00 -2.142441e+01 -2.659672e+00 9.173027e+00 -8.012075e+00 
9.604420e+00 -1.232597e+01 -6.472456e-02 1.267343e+01 1.464003e+01 -1.338180e+01 -1.046890e+01 -4.843941e+00 -2.303723e+01 -5.267194e+00 1.033209e+01 -5.563279e+00 
1.149625e+01 -1.533089e+01 -3.148149e+00 1.717037e+01 1.275651e+01 -1.771092e+01 -1.024982e+01 -5.874393e+00 -2.380570e+01 -5.227552e+00 7.573228e+00 -5.795817e+00 
2.392916e+00 -9.263078e+00 2.840974e+00 1.059070e+01 6.503994e+00 -1.119940e+01 -1.226206e+01 -1.120669e+01 -2.188638e+01 -5.428893e+00 6.528626e+00 7.057292e-01 
6.095691e+00 -1.050470e+01 1.641327e+00 1.475949e+01 9.746220e+00 -8.286000e+00 -4.528638e+00 -1.077449e+01 -2.233051e+01 -2.033741e+00 7.905355e+00 -2.829979e+00 
2.507005e+00 -1.500353e+01 6.759480e+00 2.184436e+01 1.099974e+01 -1.369310e+01 -8.302040e+00 -5.451700e+00 -2.122504e+01 -1.733295e+00 7.460115e+00 -5.897146e+00 
3.259811e+00 -1.357484e+01 8.966238e+00 2.371609e+01 1.394315e+01 -1.164156e+01 -6.092362e+00 -6.419531e+00 -2.047443e+01 -3.157287e+00 5.538103e+00 -5.418646e+00 
1.723339e+00 -1.398520e+01 7.407153e+00 2.296993e+01 1.663736e+01 -8.324334e+00 -4.127001e+00 -7.745196e+00 -2.114470e+01 2.600231e+00 9.408716e+00 -2.804430e+00 
1.266980e+00 -1.189585e+01 1.047861e+01 2.740696e+01 1.975283e+01 -8.573506e+00 -3.915139e+00 -5.094425e+00 -1.771821e+01 -3.179194e+00 6.940518e+00 -6.742858e+00 
-3.817108e-01 -9.595715e+00 1.227866e+01 2.492952e+01 1.828733e+01 -8.061943e+00 -3.001877e+00 -1.539003e+00 -1.422775e+01 7.147161e-02 6.690409e+00 -2.430290e+00 
-1.444055e+00 -8.111035e+00 1.485909e+01 2.336398e+01 2.105760e+01 -5.188862e+00 -4.857250e+00 1.180540e+00 -1.333951e+01 -4.226063e+00 7.911664e+00 -2.058316e+00 
-2.616749e+00 -5.687070e+00 1.983883e+01 2.650837e+01 1.821020e+01 -2.738119e+00 -1.473764e+00 -3.230330e+00 -1.680096e+01 -5.927551e+00 4.626442e+00 -7.475270e-01 
-1.992995e+00 -4.037720e+00 2.241357e+01 2.449953e+01 9.392924e+00 -4.584108e+00 3.873730e+00 4.504487e+00 -1.769217e+01 -8.001468e+00 6.312766e+00 -1.318696e+00 
-3.338694e+00 -3.829576e+00 2.509198e+01 2.445892e+01 4.022838e+00 -7.966769e+00 9.556599e+00 6.107474e+00 -1.864364e+01 -8.988352e+00 6.353775e+00 -1.017306e+00 
-4.105994e+00 -6.265397e+00 2.661575e+01 2.333469e+01 1.389036e+00 -1.951607e+00 9.441652e+00 5.376709e+00 -1.551472e+01 -1.007121e+01 6.365041e+00 -4.833619e+00 
-5.493308e+00 -7.007078e+00 3.142687e+01 1.921383e+01 -2.626662e+00 1.051017e+00 9.455626e+00 4.814238e+00 -1.222288e+01 -8.584105e+00 6.660666e+00 -5.868720e-01 
-6.074511e+00 -9.025950e+00 3.090965e+01 1.481407e+01 -5.029068e+00 4.203012e+00 9.922625e+00 5.357140e+00 -9.056024e+00 -3.150506e+00 5.471407e+00 -1.670319e+00 
-7.100852e+00 -1.183195e+01 3.012412e+01 1.032179e+01 -2.895274e+00 1.162200e+01 7.099897e+00 1.770967e+00 -2.917208e+00 1.436522e+00 7.952222e+00 -1.411798e+00 
-9.397142e+00 -1.281274e+01 3.147529e+01 8.892700e+00 -9.060335e-01 1.219106e+01 1.056092e+01 6.314347e+00 -5.087962e+00 1.387591e-01 1.144069e+01 6.554975e-01 
-9.293807e+00 -1.190309e+01 2.895694e+01 8.761572e+00 -9.303057e-01 8.994784e+00 8.913799e+00 4.641471e+00 -4.806761e+00 -2.455201e+00 7.908059e+00 -6.176173e-01 
-1.043751e+01 -1.158495e+01 2.215780e+01 9.785298e+00 -5.805203e-03 7.193078e+00 1.322137e+01 7.136249e+00 -4.495059e+00 -8.340412e-01 8.859827e+00 2.215280e+00 
-1.214839e+01 -6.356296e+00 1.678844e+01 7.529507e+00 6.770988e+00 7.566506e+00 1.211968e+01 1.332231e+01 1.860237e+00 4.069603e+00 7.055434e+00 4.919133e+00 
-1.109119e+01 -2.753941e+00 7.465255e+00 5.767607e+00 3.440845e+00 5.065531e+00 3.181346e+00 3.576354e+00 5.773248e+00 7.668182e+00 5.826968e+00 1.257412e+00 
-1.174487e+01 -3.654365e+00 2.335140e+00 2.185233e+00 4.137187e+00 2.329925e+00 3.047017e+00 3.233615e+00 -1.100559e+00 1.632647e+00 4.863424e-01 -1.896795e+00 
-1.198988e+01 -2.728252e+00 2.601728e+00 1.324561e-01 2.195951e+00 4.015968e+00 3.757432e+00 3.677554e+00 2.749219e+00 7.286987e-01 -4.248673e-01 -5.509303e-01 
-1.209228e+01 -4.687185e+00 8.182067e-01 -6.163681e-01 -3.108293e-03 2.023912e+00 3.389152e+00 6.214231e-01 3.545454e-01 8.450174e-01 2.540845e+00 3.456350e+00 
-1.230690e+01 -4.498142e+00 1.955978e-01 -1.302624e+00 -2.916310e+00 -2.553718e+00 -1.816801e+00 -1.890687e+00 -1.422676e+00 -8.006583e-01 7.882763e-01 2.283699e+00 
-1.346884e+01 -4.477064e+00 7.920036e-01 -4.666032e-01 1.064868e+00 6.485081e-01 6.921899e-01 2.478808e+00 -2.524920e-01 -1.896558e+00 -2.861519e+00 -5.099068e+00 
-1.298676e+01 -4.619340e+00 2.861694e-01 -7.055613e-01 -5.004184e-01 7.932526e-01 -1.404796e+00 -3.289038e+00 -2.117496e+00 -1.753638e+00 -1.434318e+00 1.572227e+00 
-1.452697e+01 -5.644915e+00 -1.558303e+00 -2.283084e+00 -2.243701e+00 -2.473084e+00 -3.799742e+00 -1.812411e+00 -4.316519e+00 -6.088206e+00 -4.539281e+00 -1.236420e+00 
-1.450500e+01 -8.104448e+00 -4.145006e+00 -1.373845e+00 -1.259868e+00 8.884272e-01 -2.968013e-01 -9.648247e-02 -1.516410e+00 1.677505e+00 -2.820119e-01 -2.110000e-01 
-1.344078e+01 -4.251793e+00 -1.290931e-01 -1.590172e+00 -2.902825e+00 -3.578827e+00 -4.744106e+00 -4.496171e+00 -4.291969e+00 -3.829119e+00 -4.284665e+00 -4.065420e+00 
-1.372461e+01 -4.558083e+00 -6.537251e-01 -1.232733e+00 -2.190302e+00 -3.714979e+00 -4.832908e+00 -2.161300e+00 -1.967968e+00 -3.321594e+00 -3.160749e+00 -1.871246e+00 
-1.405098e+01 -6.887856e+00 -5.855045e+00 -7.337148e+00 -5.760470e+00 -2.315782e+00 -3.819970e-01 1.618328e+00 -1.041790e+00 -2.614292e+00 -6.637105e-01 -3.240215e-01 
-1.306812e+01 -6.011803e+00 -2.810356e+00 -2.515386e+00 -2.896892e+00 -2.234487e+00 -2.341498e+00 4.330009e-01 -2.644934e+00 -7.052039e-01 -2.255849e+00 -2.705266e+00 
-1.382233e+01 -5.000061e+00 -7.784748e-01 -6.290148e-01 3.766165e-01 5.097119e-01 -4.029184e+00 -4.238418e+00 -4.085160e+00 -4.241712e+00 -1.269381e+00 -1.445142e+00 
-1.369842e+01 -4.779401e+00 -1.547266e-01 -8.812854e-01 -1.517693e+00 7.397170e-01 -1.489485e-01 -3.153172e+00 -5.961323e+00 -4.396108e+00 -4.386962e+00 -1.707126e+00 
-1.426092e+01 -5.841862e+00 -3.112831e+00 -2.285747e+00 -3.329476e+00 -1.263574e+00 -2.497915e+00 -4.361982e+00 -5.128878e+00 -4.951621e+00 -3.701977e+00 -5.833057e+00 
-1.491834e+01 -6.152761e+00 -3.359482e+00 -4.675993e+00 -4.090544e+00 -1.011759e+00 -2.398746e+00 -4.648809e+00 -2.458954e+00 -2.488584e+00 -4.135951e+00 -2.416433e+00 
-1.476638e+01 -5.509884e+00 -2.534084e+00 -2.872159e+00 -2.826233e+00 -6.429573e-01 -6.330764e-01 -1.650267e+00 -2.737924e+00 -4.395064e+00 -3.065212e+00 7.221844e-01 
-1.467941e+01 -5.962401e+00 -2.009452e+00 -2.529621e-02 7.606564e-01 -6.581588e-01 -3.180833e+00 -4.520806e-01 -3.684188e+00 -5.166002e+00 -3.525323e+00 -4.626197e+00 
-1.515540e+01 -5.177906e+00 -3.013145e+00 -1.473023e+00 -1.500432e+00 -1.022994e+00 -3.113218e+00 -3.279533e+00 -3.174604e+00 -4.915630e+00 -2.207179e+00 -4.006681e-01 
-1.491460e+01 -5.930784e+00 -2.282306e+00 -2.575981e-01 -1.736142e+00 -1.835282e+00 -2.332933e+00 -4.113735e+00 -4.351483e+00 -4.904155e+00 -4.307648e+00 -2.006352e+00 
-1.582592e+01 -7.121030e+00 -3.293975e+00 -3.913191e+00 -7.056066e+00 -5.502806e+00 -4.786479e+00 -6.052751e+00 -7.306327e+00 -4.371070e+00 -2.652869e+00 -3.997867e+00 
-1.436519e+01 -5.900485e+00 -2.260091e+00 -5.697746e-01 -1.902738e-01 -6.845961e-01 -2.819766e+00 -2.526403e+00 -3.001271e+00 6.728866e-01 -4.766918e-01 -1.443843e+00 
-1.817130e+01 -1.049811e+01 1.181042e+01 -9.082407e+00 -1.343587e+01 1.772837e+01 -9.810320e+00 -1.320217e+01 1.329501e+01 -5.896255e+00 -1.233233e+01 8.590814e+00 
-1.856080e+01 -1.338645e+01 1.566114e+01 -1.042696e+01 -1.393211e+01 2.560274e+01 -1.004697e+01 -1.740226e+01 1.476871e+01 -8.652957e+00 -7.561325e+00 1.262191e+01 
-1.616585e+01 -8.290857e+00 6.139150e+00 -2.922081e+00 -1.000163e+01 7.741653e+00 -7.777794e+00 -8.914868e+00 8.588236e+00 -1.003209e+01 -1.346887e+01 5.176354e+00 
-1.555752e+01 -1.021356e+01 4.693420e+00 -4.922939e+00 -6.374287e+00 4.212926e+00 -2.294618e+00 -2.136140e+00 -1.829599e+00 -2.349315e+00 -2.241879e+00 -2.539847e+00 
-6.933457e+00 -2.659575e+01 3.079081e+00 -1.290507e+01 -3.708662e+00 -3.363362e+00 -1.035485e+01 2.126565e+00 -1.238431e+01 -4.145214e+00 -9.913314e-01 -8.526951e+00 
-5.309081e+00 -2.855600e+01 6.434219e+00 -1.621387e+01 1.064328e+00 -8.067892e+00 -1.259067e+01 -1.185862e+01 -1.200715e+01 -1.002009e+01 1.335813e+00 -8.782873e+00 
-8.142233e-01 -1.606928e+01 1.540081e+01 1.863714e-01 9.826048e+00 5.365595e+00 -1.261637e+01 -8.527400e+00 -1.528411e+01 -6.645285e+00 2.975270e+00 -2.736444e+00 
8.890424e+00 -1.068386e+01 1.116730e+01 5.024108e+00 7.560104e+00 -4.222577e+00 -9.193214e+00 2.596782e+00 -2.517450e+01 -1.365779e+01 1.300579e+01 -3.998300e+00 
1.089307e+01 -1.269088e+01 6.688276e+00 3.969098e+00 1.046144e+01 -5.098314e+00 -1.128659e+01 2.950702e+00 -2.862852e+01 -1.004200e+01 1.301119e+01 -1.292223e+01 
1.142284e+01 -1.151315e+01 3.580358e+00 3.717493e+00 1.074839e+01 -8.321691e+00 -1.049008e+01 5.154181e+00 -2.757587e+01 -9.706085e+00 1.606388e+01 -1.423995e+01 
1.071399e+01 -1.296489e+01 4.435946e+00 5.175204e+00 8.240265e+00 -1.153317e+01 -9.415444e+00 5.243080e+00 -2.830938e+01 -8.447443e+00 1.480162e+01 -1.479206e+01 
1.150747e+01 -1.338250e+01 2.946356e+00 6.338710e+00 8.885905e+00 -1.212801e+01 -1.182932e+01 4.278604e+00 -2.729839e+01 -6.535225e+00 1.246050e+01 -1.524415e+01 
1.141302e+01 -1.289178e+01 3.654410e+00 3.522466e+00 9.022908e+00 -1.012406e+01 -1.362204e+01 2.379844e+00 -2.740031e+01 -7.909143e+00 1.568444e+01 -1.575642e+01 
1.117923e+01 -1.316711e+01 3.066549e+00 4.288596e+00 9.918821e+00 -1.429918e+01 -1.468315e+01 5.493564e+00 -2.941782e+01 -7.568011e+00 1.558845e+01 -1.478470e+01 
1.096742e+01 -1.132542e+01 2.159123e+00 2.983313e+00 1.160817e+01 -1.560717e+01 -1.488915e+01 1.497559e+00 -2.821564e+01 -6.529488e+00 1.200490e+01 -1.265115e+01 
9.476302e+00 -1.331597e+01 4.089610e+00 6.634912e+00 1.204399e+01 -1.595019e+01 -1.617746e+01 -1.494833e+00 -2.746726e+01 -5.539996e+00 1.130549e+01 -1.170844e+01 
1.140648e+01 -1.284304e+01 -7.761251e-03 5.546621e+00 1.131852e+01 -1.416303e+01 -1.585245e+01 1.508182e+00 -2.626286e+01 -4.856688e+00 1.194857e+01 -1.249959e+01 
7.488148e+00 -1.168177e+01 2.127793e+00 1.062997e+01 6.834635e+00 -1.396144e+01 -1.596875e+01 -8.861193e+00 -2.897890e+01 -7.257653e+00 9.800329e+00 -9.146621e+00 
1.408190e+00 -2.040541e+01 4.585760e+00 1.028385e+01 8.325487e+00 -1.680148e+01 -1.631945e+01 -4.959119e+00 -3.398324e+01 -4.078969e+00 9.727324e+00 -1.191413e+01 
-2.081368e+00 -9.876314e+00 3.379847e+00 1.021196e+01 9.096264e+00 -1.329852e+01 -1.256814e+01 -7.813408e+00 -2.523327e+01 -3.151549e+00 6.993244e+00 -5.461083e+00 
