9.172558e+00 7.375636e+00 1.421380e+01 1.026816e+01 -1.247081e+01 -1.470376e+01 9.064263e+00 1.746004e+01 -3.117069e+00 -1.116058e+01 1.949830e+00 -5.439780e-01 
1.314985e+01 3.907347e+00 1.091844e+01 9.264543e+00 -1.155885e+01 -1.696275e+01 8.153510e+00 1.835531e+01 -8.451989e+00 -1.495634e+01 5.962542e+00 -2.059412e+00 
1.358841e+01 5.325469e+00 9.875950e+00 5.818017e+00 -1.006019e+01 -1.066005e+01 5.391444e+00 1.311449e+01 -4.980120e+00 -1.162081e+01 6.316989e+00 -2.505655e+00 
1.382674e+01 8.093889e+00 8.897820e+00 5.268876e+00 -8.962638e+00 -1.203316e+01 5.796907e+00 1.458327e+01 -2.163696e+00 -1.264933e+01 -1.472471e+00 -4.070584e-01 
1.278782e+01 5.688681e+00 1.509746e+01 5.441658e+00 -1.650116e+01 -9.896614e+00 6.064219e+00 1.658326e+01 2.759420e+00 -1.773661e+01 -3.817666e+00 4.140677e+00 
1.343316e+01 3.616451e+00 1.200341e+01 5.043347e+00 -1.447900e+01 -7.220253e+00 6.050972e+00 1.289447e+01 5.462631e+00 -1.781733e+01 -6.990914e+00 5.785862e+00 
1.282281e+01 4.545839e-01 1.398608e+01 5.208431e+00 -1.328899e+01 -6.980418e+00 4.868649e+00 1.411944e+01 2.645545e+00 -1.677383e+01 -4.138885e+00 2.831698e+00 
1.295900e+01 -1.734904e+00 1.303930e+01 4.811830e+00 -1.042604e+01 -7.894385e+00 6.292262e+00 1.539001e+01 -2.721191e-02 -2.004883e+01 -4.888394e+00 5.685861e+00 
1.228024e+01 -1.785974e+00 1.021959e+01 3.338331e+00 -6.258668e+00 -7.611336e+00 8.788435e+00 1.662687e+01 -5.313139e+00 -2.046154e+01 -3.182278e+00 3.418444e+00 
1.260634e+01 -3.832873e+00 1.003849e+01 2.706506e+00 -6.528733e+00 -5.504674e+00 8.039962e+00 1.197408e+01 -5.284008e+00 -1.994468e+01 -1.355999e+00 4.937463e+00 
1.252013e+01 -5.502669e+00 9.358626e+00 -2.275103e+00 -3.617226e+00 3.140349e-01 7.125424e+00 8.320968e+00 -5.945411e+00 -2.101681e+01 -3.118505e+00 8.773360e+00 
1.272379e+01 -6.900362e+00 7.574808e+00 -3.256199e+00 -5.982685e-02 3.979412e-01 6.776262e+00 7.021993e+00 -1.126577e+01 -2.185721e+01 -2.166597e+00 7.843239e+00 
1.249764e+01 -7.658655e+00 4.983650e+00 -5.298796e+00 9.722356e+00 -5.216943e+00 4.507659e+00 6.543633e+00 -1.386040e+01 -2.441549e+01 -3.063793e+00 7.796286e+00 
1.334695e+01 -8.816930e+00 6.156871e-01 -2.583887e+00 1.184562e+01 -7.240779e+00 3.756346e+00 -1.924149e+00 -1.196093e+01 -2.698224e+01 1.240935e+00 7.126742e+00 
1.370460e+01 -1.026692e+01 -2.743206e+00 4.118642e-01 1.626975e+01 -1.292192e+01 4.948133e+00 -5.830983e+00 -1.713828e+01 -1.824761e+01 -9.280441e-01 9.805992e+00 
1.293463e+01 -1.002382e+01 -5.067038e+00 4.172814e-01 2.168102e+01 -1.711076e+01 5.351702e+00 -7.881856e+00 -2.055255e+01 -1.123088e+01 4.800132e-01 8.435363e+00 
1.047323e+01 -8.761774e+00 -6.323632e+00 1.196166e-01 2.300739e+01 -1.598037e+01 3.871314e+00 -4.988566e+00 -2.453156e+01 -5.635199e+00 4.044630e+00 2.266815e+00 
1.177421e+01 -1.098558e+01 -5.012583e+00 2.176977e-01 2.709095e+01 -2.320172e+01 6.019746e+00 -7.401513e+00 -2.294526e+01 -4.415294e+00 6.916798e+00 7.162552e-01 
1.017867e+01 -1.097863e+01 -4.293940e+00 3.030688e+00 2.142891e+01 -1.897615e+01 4.334497e+00 -9.920836e+00 -2.397675e+01 4.180677e+00 4.807901e+00 -2.626445e+00 
1.157680e+01 -1.270114e+01 -3.540231e+00 2.320740e+00 2.212070e+01 -2.036222e+01 5.389079e+00 -1.062450e+01 -2.283999e+01 6.759143e+00 1.426214e+00 -6.031186e-01 
1.089679e+01 -1.291481e+01 -1.137604e+00 1.447071e-01 2.153468e+01 -1.896246e+01 2.914669e+00 -9.800586e+00 -2.379601e+01 6.947271e+00 5.997785e+00 -5.159815e+00 
1.081933e+01 -1.278121e+01 -3.880203e-01 -4.119087e-02 2.212137e+01 -1.886487e+01 -5.741073e-01 -7.609640e+00 -2.306045e+01 8.152205e+00 3.826457e+00 -3.245809e+00 
1.139750e+01 -1.276201e+01 -3.696171e+00 2.801166e+00 2.114155e+01 -1.764085e+01 -3.986238e+00 -6.642346e+00 -2.158074e+01 5.331581e+00 5.878293e+00 -2.438987e+00 
1.170112e+01 -1.536251e+01 -2.871505e+00 4.763644e+00 1.934223e+01 -2.036078e+01 -4.635356e+00 -2.876245e+00 -2.543197e+01 5.530124e+00 9.093833e+00 -5.630073e+00 
1.157461e+01 -1.785924e+01 -3.200711e+00 8.905006e+00 1.381789e+01 -1.731098e+01 -6.972089e+00 -1.509878e+00 -2.594375e+01 4.784120e+00 8.981389e+00 -4.615004e+00 
1.247359e+01 -1.868086e+01 -2.114909e+00 6.969900e+00 1.325714e+01 -1.779966e+01 -7.212906e+00 -2.333134e+00 -2.472687e+01 5.979940e+00 6.557651e+00 -2.966593e+00 
1.136221e+01 -1.693466e+01 2.120629e+00 7.810940e-01 1.660301e+01 -2.135361e+01 -9.052864e+00 2.621721e-01 -3.323970e+01 9.400752e+00 7.022864e+00 -5.961618e+00 
1.291558e+01 -1.520603e+01 -7.131011e-01 6.573869e+00 1.023388e+01 -2.263958e+01 -7.066713e+00 -6.130949e+00 -2.839868e+01 4.852471e+00 3.619024e+00 -4.103527e+00 
8.958278e+00 -1.483833e+01 1.837628e+00 6.603521e+00 1.013344e+01 -1.957069e+01 -8.410843e+00 -1.058023e+01 -3.157660e+01 6.026809e+00 7.098721e+00 -8.558430e+00 
6.133597e+00 -1.670178e+01 4.960135e+00 7.025498e+00 4.903104e+00 -1.503507e+01 -1.241011e+01 -1.405694e+01 -2.590270e+01 -5.772138e-01 6.021280e+00 1.409455e-02 
3.169291e+00 -1.680597e+01 5.177956e+00 8.832301e+00 5.432590e+00 -1.476354e+01 -1.344672e+01 -1.441175e+01 -2.929976e+01 -7.855220e-01 4.177212e+00 -4.714289e+00 
1.478168e+00 -1.750256e+01 3.412702e+00 9.272526e+00 9.440318e+00 -1.664117e+01 -8.344132e+00 -1.268132e+01 -2.990687e+01 5.692865e+00 5.309364e+00 -8.344807e+00 
1.714313e+00 -8.961561e+00 3.533163e+00 7.915926e+00 8.872252e+00 -7.866296e+00 -1.287519e+01 -1.979529e+01 -2.928585e+01 8.689900e+00 7.793519e+00 -1.200221e+01 
1.670583e+00 -1.281717e+01 3.712617e+00 8.076734e+00 1.752096e+01 -7.451086e+00 -5.442497e+00 -2.176291e+01 -3.308213e+01 1.567799e+01 7.111812e+00 -1.001042e+01 
-6.643531e+00 -6.961238e+00 2.058794e+01 -6.819909e+00 2.236616e+01 -2.158502e+00 -6.733637e+00 -2.042231e+01 -2.744001e+01 7.038406e+00 -1.459716e+00 -8.375631e-02 
-6.403950e+00 -4.822412e+00 2.071170e+01 -6.859255e+00 1.950188e+01 -3.841671e+00 -4.860561e+00 -2.357461e+01 -3.340059e+01 9.403357e+00 3.051389e-01 -3.205307e+00 
-3.815727e+00 -2.825357e+00 1.467625e+01 2.536228e-01 2.223778e+01 -5.037607e+00 3.779056e+00 -1.621881e+01 -3.792514e+01 1.136341e+01 7.824735e+00 -9.243027e+00 
-2.305461e+00 3.900310e-01 1.613912e+01 -4.280981e-01 1.985575e+01 -1.592764e+00 8.003531e+00 -5.575945e+00 -2.680774e+01 1.154242e+01 7.844874e+00 -7.323287e+00 
5.501437e-01 2.208544e+00 1.438706e+01 -6.299628e-01 2.030808e+01 -2.542237e-01 5.418412e+00 3.504323e+00 -2.690308e+01 -6.540275e-01 4.800517e+00 -4.466257e+00 
2.750103e+00 3.001155e+00 1.212841e+01 -4.611720e-01 1.067490e+01 -2.987322e-02 1.256392e+01 1.188753e+01 -2.198526e+01 -5.280424e+00 3.161196e+00 -4.615721e+00 
6.361308e+00 1.322780e+00 9.816957e+00 -2.524645e-01 1.091769e+01 -9.042280e-01 6.611144e+00 1.085351e+01 -2.189058e+01 -1.126994e+01 7.257099e-01 -8.261651e+00 
8.611870e+00 4.998618e+00 7.973320e+00 -7.853530e-01 7.328362e+00 -4.657328e+00 3.722755e+00 5.356319e+00 -1.244159e+01 -7.405168e+00 -3.786451e+00 -1.155417e+01 
7.489556e+00 5.585314e+00 1.220020e+01 -8.025225e-02 2.745250e+00 -1.088188e+01 4.650541e+00 1.074581e+01 -9.182247e+00 -1.086439e+01 -4.804481e+00 -8.804669e+00 
5.924940e+00 5.333231e+00 1.711931e+01 5.572751e-01 1.110895e+00 -1.293057e+01 5.892912e-01 1.617626e+01 -1.162725e+01 -1.102192e+01 -1.872616e-01 -9.827265e+00 
4.884778e+00 6.815088e+00 2.031360e+01 -6.009884e+00 -7.589343e-01 -9.770575e+00 1.002324e+00 1.939264e+01 -7.889234e+00 -1.650238e+01 1.634940e-01 -1.344596e+01 
5.165278e+00 6.205513e+00 1.892994e+01 -4.177135e+00 -6.930811e-01 -1.431700e+01 4.835530e+00 1.972499e+01 -1.068381e+01 -1.349168e+01 1.334581e+00 -1.046348e+01 
5.887144e+00 5.850471e+00 1.603433e+01 -2.510389e-01 -1.290416e+00 -1.841653e+01 8.504091e+00 1.602628e+01 -1.077849e+01 -9.080748e+00 -3.185013e-01 -1.100398e+01 
7.253099e+00 5.572240e+00 1.389862e+01 -3.382792e+00 -3.140290e+00 -1.595228e+01 1.050917e+01 1.827603e+01 -1.628819e+01 -8.522222e+00 3.262849e-01 -1.165883e+01 
8.492548e+00 4.838461e+00 1.140317e+01 -4.120967e+00 6.931604e-01 -1.557164e+01 9.226070e+00 1.643262e+01 -1.763417e+01 -7.064064e+00 -2.766071e+00 -1.190615e+01 
9.364347e+00 2.722515e+00 1.019773e+01 -4.798696e+00 1.122203e+00 -1.339907e+01 8.448263e+00 1.527966e+01 -2.021688e+01 -1.157849e+01 2.162297e+00 -1.368323e+01 
9.569256e+00 1.033517e+00 8.653597e+00 -4.933558e+00 3.342585e+00 -1.511357e+01 1.027497e+01 1.242337e+01 -2.270161e+01 -1.231864e+01 3.414948e+00 -1.297068e+01 
1.068907e+01 -8.944902e-01 3.955603e+00 -6.899457e+00 5.265629e+00 -9.751128e+00 9.285683e+00 7.965501e+00 -2.386751e+01 -1.198404e+01 3.422333e+00 -8.390685e+00 
1.139657e+01 -3.573436e+00 2.325661e+00 -3.681313e+00 4.692241e+00 -1.166261e+01 1.237420e+01 6.940064e+00 -2.618606e+01 -1.000772e+01 2.018975e+00 -6.686360e+00 
1.185293e+01 -5.954948e+00 1.509247e+00 -4.058588e-01 1.836610e+00 -9.379131e+00 1.558668e+01 2.854175e+00 -2.850925e+01 -9.258461e+00 5.051584e+00 -9.034781e+00 
1.129349e+01 -6.736937e+00 4.593348e-01 -2.348664e+00 8.084010e+00 -9.885811e+00 1.138728e+01 3.262499e+00 -2.979101e+01 -8.350367e+00 6.391168e+00 -9.146252e+00 
1.022865e+01 -6.135124e+00 -1.130178e+00 -4.494188e+00 1.400746e+01 -8.857327e+00 3.620088e+00 1.160751e+00 -2.601591e+01 -6.790659e+00 6.709366e+00 -7.012171e+00 
1.006060e+01 -7.111181e+00 -3.727564e-01 -5.997909e+00 1.569304e+01 -9.933346e+00 3.190497e+00 1.170001e+00 -2.948050e+01 -2.680062e-01 7.019843e+00 -8.798218e+00 
1.037546e+01 -1.018276e+01 6.961322e-01 -3.599198e+00 1.622053e+01 -1.286143e+01 3.257206e+00 -1.719326e+00 -2.765783e+01 -3.012468e+00 1.117084e+01 -6.475604e+00 
9.848819e+00 -1.100928e+01 -1.648367e-01 -4.435454e+00 2.051295e+01 -1.474986e+01 -8.040429e-01 -3.484107e+00 -2.527970e+01 1.054100e+00 1.012965e+01 -7.477052e+00 
1.086056e+01 -1.132142e+01 -2.669774e+00 -2.345527e+00 2.017970e+01 -1.339547e+01 -4.238410e+00 -3.037461e+00 -2.388406e+01 1.007882e+00 1.097314e+01 -6.218253e+00 
1.057006e+01 -1.135778e+01 -1.430506e+00 -3.579240e+00 2.108967e+01 -1.691342e+01 -4.290453e+00 -2.731548e+00 -2.260959e+01 2.297443e-02 1.091138e+01 -5.025046e+00 
1.153932e+01 -1.478767e+01 -2.062516e+00 5.778037e-01 2.028147e+01 -1.958798e+01 -4.860088e+00 -5.544772e-01 -2.615362e+01 3.071436e+00 1.184349e+01 -8.394986e+00 
8.979519e+00 -1.371355e+01 -5.226690e+00 7.922484e+00 9.417702e+00 -1.153225e+01 -7.577681e+00 -4.572973e+00 -2.157081e+01 4.714882e-01 9.616106e+00 -3.769114e+00 
1.218528e+01 -1.720145e+01 -4.378510e+00 8.603065e+00 9.358500e+00 -1.584028e+01 -7.881896e+00 -3.327517e+00 -2.354575e+01 5.984260e-01 1.098892e+01 -5.349782e+00 
1.291839e+01 -1.867228e+01 -2.197004e+00 4.152633e+00 1.120638e+01 -1.654970e+01 -1.208745e+01 -9.813020e-01 -2.667401e+01 -3.500276e-01 1.316394e+01 -8.046952e+00 
1.271098e+01 -1.794545e+01 -5.229206e-01 2.605574e+00 9.129678e+00 -1.717234e+01 -1.442796e+01 1.187179e+00 -2.656940e+01 -1.006199e+00 1.500566e+01 -9.054135e+00 
7.894689e+00 -1.079437e+01 -8.207738e-01 3.924760e-01 1.083321e+01 -1.530335e+01 -1.389523e+01 -4.154738e+00 -2.199652e+01 9.024259e-01 1.016557e+01 -4.084889e+00 
6.220121e+00 -1.281880e+01 -4.081069e+00 7.678992e+00 6.915948e+00 -1.668223e+01 -6.937078e+00 -3.043407e+00 -2.043603e+01 -1.670832e+00 1.398763e+01 9.413480e-01 
5.774069e+00 -1.138801e+01 -5.235353e+00 1.178557e+01 2.823077e+00 -1.388127e+01 -9.287058e+00 -1.011707e+01 -2.035327e+01 -5.025246e+00 1.259669e+01 7.121007e+00 
5.760697e-01 -3.313181e+00 -2.700301e+00 3.536490e+00 1.217681e-01 -1.027077e+01 -1.221377e+01 -1.342001e+01 -1.493030e+01 -3.255928e+00 5.676902e+00 2.749976e+00 
-1.504255e+00 -4.120093e+00 -4.060030e+00 1.402655e+00 1.040386e+00 -8.502255e+00 -1.396762e+01 -1.187987e+01 -7.834945e+00 -3.685564e+00 3.573040e+00 6.255403e+00 
-4.436076e+00 -4.307214e+00 -3.499390e+00 -5.555466e-01 2.197140e+00 -5.650159e+00 -1.439059e+01 -1.348013e+01 -9.437804e+00 -3.860673e+00 3.566998e+00 5.369369e+00 
-6.186235e+00 -4.718637e+00 -3.691220e+00 -3.779171e-01 2.734299e-01 -5.987586e+00 -1.541867e+01 -1.790497e+01 -1.234493e+01 -2.593898e+00 4.345038e+00 5.122053e+00 
