4.219948e+00 1.373090e+01 1.755030e+01 1.256156e+01 -2.676860e+00 -1.104259e+00 -3.380796e+00 -2.203880e+00 -8.197954e+00 -6.507868e+00 4.305673e+00 -7.500818e-01 
7.814566e+00 1.296990e+01 1.664695e+01 6.386426e+00 -7.317128e+00 -3.249763e+00 -1.404912e+00 7.132582e+00 -1.552907e+00 -1.040567e+01 1.285762e+00 -3.530053e+00 
6.584136e+00 8.277497e+00 2.152269e+01 8.620688e+00 -6.098575e+00 -3.444053e+00 -7.649411e+00 1.198781e+01 -1.301328e+00 -1.502686e+01 3.890787e+00 -4.499810e+00 
8.987906e+00 1.088877e+01 1.692198e+01 4.928976e+00 -4.713649e+00 2.214682e+00 -7.957414e+00 9.465811e-01 9.808303e-02 -7.853934e+00 2.619579e+00 -4.930414e+00 
1.037780e+01 8.951552e+00 1.330377e+01 1.292961e+00 -9.057512e+00 1.377480e+00 -4.423027e-01 6.209816e+00 -4.923172e-01 -8.621460e+00 -1.839158e+00 -8.499361e+00 
1.149786e+01 9.050986e+00 1.101259e+01 2.682831e+00 -8.569750e+00 -1.768109e+00 -3.147984e+00 6.368257e+00 2.279622e+00 -5.821464e+00 -5.710636e+00 -8.112655e+00 
1.011215e+01 6.076950e+00 1.081671e+01 5.556144e+00 -7.629999e+00 -5.506729e+00 7.720171e-01 8.117908e+00 4.891471e-01 -6.968740e+00 -6.158412e+00 -6.653230e+00 
1.064611e+01 2.120562e+00 1.369729e+01 1.901563e+00 -1.161954e+01 -7.073057e+00 3.020519e+00 1.591960e+01 1.939280e+00 -1.147048e+01 -7.510060e+00 -8.592745e+00 
8.449760e+00 4.776463e-01 1.758441e+01 -1.310769e+00 -6.822552e+00 -7.936739e+00 -3.430253e+00 1.812349e+01 1.185048e+00 -1.289009e+01 -9.326128e+00 -3.057945e+00 
6.934655e+00 -1.877799e+00 2.079380e+01 -1.533936e+00 -5.600024e+00 -7.279972e+00 -3.057915e+00 1.846962e+01 -3.118178e+00 -1.606048e+01 -8.239182e+00 1.315541e+00 
7.929502e+00 -2.214576e+00 1.661547e+01 -3.486733e+00 -3.912447e+00 -5.475630e+00 -8.403744e-01 2.172208e+01 -8.842119e+00 -2.085328e+01 -2.747787e+00 1.729836e-01 
8.995138e+00 -2.478402e+00 1.491852e+01 -5.331105e+00 -2.826198e+00 -4.431206e+00 -1.843998e+00 2.019887e+01 -1.211823e+01 -1.914173e+01 3.131945e+00 -9.669455e+00 
9.295419e+00 -5.733253e+00 1.605405e+01 -7.373392e+00 4.575357e-01 -6.436289e-01 -5.575819e+00 1.967186e+01 -1.522037e+01 -2.144742e+01 2.990480e+00 -7.268607e+00 
9.590372e+00 -8.506922e+00 1.462819e+01 -8.932957e+00 3.323918e+00 3.378574e+00 -5.788527e+00 1.079849e+01 -1.522392e+01 -2.040845e+01 4.191549e+00 -3.736775e+00 
9.945457e+00 -5.103169e+00 1.139475e+01 -9.097454e+00 3.870165e+00 2.780925e+00 -3.798570e+00 8.405550e+00 -1.772298e+01 -2.199209e+01 9.226848e+00 -5.209768e+00 
1.099891e+01 -5.806205e+00 7.332292e+00 -9.594287e+00 9.445074e+00 1.229068e+00 -3.222371e+00 4.494164e+00 -2.031841e+01 -1.492702e+01 7.459916e+00 -5.977193e+00 
1.037285e+01 -7.974773e+00 5.241816e+00 -5.668639e+00 1.131208e+01 -3.780596e+00 -1.782477e+00 2.740433e+00 -1.978633e+01 -1.342540e+01 8.668911e+00 -5.070490e+00 
9.782567e+00 -8.374009e+00 2.023245e+00 -4.264288e+00 1.422843e+01 -3.381239e+00 -2.425022e+00 -4.043292e+00 -1.451686e+01 -1.410868e+01 1.235533e+01 -7.460164e+00 
9.692369e+00 -1.118216e+01 1.352509e+00 -2.699896e+00 1.602163e+01 -4.755433e+00 -5.430664e+00 -1.930518e+00 -1.209439e+01 -1.613982e+01 1.540417e+01 -8.545255e+00 
1.004136e+01 -1.216501e+01 2.691795e+00 -4.712036e-01 1.422389e+01 -5.838962e+00 -5.380403e+00 -2.533002e+00 -1.424296e+01 -1.058351e+01 1.286453e+01 -9.653492e+00 
1.005164e+01 -1.318184e+01 2.748200e+00 -1.701032e+00 1.826056e+01 -8.297607e+00 -6.901117e+00 1.718386e+00 -2.064708e+01 -3.924045e+00 9.636582e+00 -8.542461e+00 
9.640609e+00 -1.305442e+01 1.602614e+00 -1.653874e+00 2.463724e+01 -1.648704e+01 -4.759974e+00 1.687106e+00 -2.546057e+01 4.111346e+00 2.416693e+00 -3.206401e+00 
9.339186e+00 -1.253426e+01 9.847848e-01 1.124009e+00 2.248007e+01 -1.560427e+01 -5.430262e+00 -1.238953e+00 -2.380856e+01 4.514274e+00 9.636010e-01 1.183100e-01 
1.051139e+01 -1.480826e+01 -1.570046e+00 -2.833132e-01 2.559232e+01 -1.593465e+01 -9.762811e+00 4.128322e+00 -2.651913e+01 3.903641e+00 4.605643e+00 -1.843154e+00 
1.022823e+01 -1.536290e+01 2.652443e+00 1.504988e+00 2.003388e+01 -1.574898e+01 -1.196909e+01 1.334864e+00 -2.760711e+01 3.472187e+00 5.545179e+00 -3.221167e+00 
1.078997e+01 -1.302094e+01 2.886807e+00 1.235777e+00 1.646226e+01 -1.669518e+01 -1.471739e+01 2.176164e-01 -2.813563e+01 1.049268e+00 8.524672e+00 -2.947400e+00 
9.669533e+00 -1.190068e+01 3.992166e+00 3.257642e+00 1.298603e+01 -1.679987e+01 -1.757788e+01 -3.274206e+00 -2.633349e+01 -2.240571e+00 8.617001e+00 -8.023609e-01 
1.193401e+01 -1.440003e+01 -9.106784e-01 2.932732e+00 1.372477e+01 -1.584844e+01 -1.907005e+01 -1.478315e+00 -2.419912e+01 -1.559069e+00 1.087014e+01 -5.826343e+00 
6.720767e+00 -1.011886e+01 -5.543226e-01 6.367117e+00 1.012419e+01 -1.517412e+01 -2.333022e+01 -1.347019e+01 -2.595409e+01 -5.418089e+00 8.139505e+00 -1.750568e+00 
4.850195e+00 -1.479377e+01 1.458323e+00 1.063438e+01 6.270363e+00 -1.269115e+01 -1.493292e+01 -8.120598e+00 -2.147638e+01 8.776670e-01 1.004988e+01 -2.800141e+00 
9.682356e-01 -1.901449e+01 2.396216e+00 1.400230e+01 1.242105e+01 -5.888843e+00 -9.585487e+00 -5.896303e+00 -1.905949e+01 2.553564e+00 1.266997e+01 -4.295882e+00 
2.740997e+00 -1.146047e+01 4.202997e-01 1.229272e+01 1.193556e+01 -2.685675e+00 -1.125618e+01 -1.627997e+01 -2.073787e+01 3.644234e+00 8.976806e+00 -3.262272e+00 
6.127699e-01 -6.034054e+00 1.304053e-01 1.171791e+01 1.289745e+01 2.523836e-01 -1.430525e+01 -2.193897e+01 -1.936027e+01 -9.604711e-01 6.492641e+00 4.362495e+00 
-3.585074e+00 -1.191751e+00 2.659517e-01 5.567655e+00 5.966008e+00 3.521458e-01 -1.276162e+01 -1.766650e+01 -1.294297e+01 -2.790140e+00 2.325553e+00 2.108507e+00 
-5.958017e+00 -1.872302e+00 -1.558678e+00 -1.076835e+00 5.869999e-01 -5.216988e+00 -1.353323e+01 -1.515388e+01 -1.327316e+01 -2.092593e+00 1.577807e+00 9.200559e-01 
-7.384447e+00 -3.245396e+00 -2.778158e+00 -1.452615e+00 7.232779e-01 -3.359994e+00 -1.082313e+01 -1.264603e+01 -1.175811e+01 -3.518888e+00 3.181082e+00 1.158305e+00 
-2.330288e+00 -8.688302e+00 2.634079e+00 -1.854760e+00 6.542351e+00 -6.250635e+00 -8.594731e+00 -1.357274e+00 -2.589576e+01 -6.754796e+00 7.875595e+00 -3.178865e+00 
-6.319953e+00 -6.211437e+00 1.117350e+01 -5.331105e+00 1.542995e+01 -6.438766e+00 -1.163415e+01 5.056528e+00 -2.823961e+01 -9.595352e+00 2.536760e+00 -4.152613e+00 
-1.262852e+01 -8.518414e+00 1.311225e+01 -1.033211e+01 1.086975e+01 -2.404247e+00 -5.717765e-01 1.158729e+01 -2.389022e+01 -1.611218e+00 5.723101e+00 -1.378115e+01 
-1.150998e+01 -7.878836e+00 1.795213e+01 -1.359413e+00 1.216212e+01 -3.076102e+00 1.546045e+00 1.465819e+01 -2.454098e+01 4.896699e+00 7.301015e+00 -2.043735e+01 
-6.892733e+00 5.266140e-01 1.968013e+01 -3.085331e+00 1.170729e+01 7.943017e-01 2.369129e+00 1.910134e+01 -1.906964e+01 1.812782e+00 7.338660e+00 -1.776912e+01 
-3.333127e+00 6.203366e+00 2.150039e+01 -6.590940e-01 1.221152e+01 1.295268e+00 -3.499815e+00 1.306902e+01 -1.503574e+01 -3.202429e+00 5.982256e+00 -1.803930e+01 
-1.651443e-01 8.569304e+00 2.106577e+01 -1.432564e+00 1.041662e+01 3.164270e+00 -5.833963e+00 9.878440e+00 -1.462084e+01 -1.014938e+01 4.305673e+00 -1.644099e+01 
1.540254e+00 9.870945e+00 1.965827e+01 1.347917e+00 8.765955e+00 -3.517320e-01 -6.992392e+00 6.777620e+00 -1.253364e+01 -8.656672e+00 2.475340e+00 -1.109376e+01 
3.302740e+00 1.086079e+01 1.943746e+01 -1.136989e+00 3.160384e+00 -4.011835e+00 -7.811455e+00 9.010075e+00 -7.485314e+00 -9.384974e+00 6.739116e+00 -1.350339e+01 
4.331459e+00 9.726541e+00 1.925775e+01 -6.219686e+00 3.691300e+00 -3.274703e+00 -1.174674e+01 1.426447e+01 -4.137684e+00 -1.259681e+01 7.346585e+00 -1.197093e+01 
7.762045e+00 7.382588e+00 1.182106e+01 -7.289844e+00 1.713565e+00 -5.490102e+00 -1.016249e+01 1.745981e+01 4.972626e-01 -1.090175e+01 5.972746e+00 -1.597567e+01 
5.493763e+00 9.293326e+00 1.902995e+01 -5.833879e+00 -4.141281e+00 -6.945583e+00 -6.490983e+00 1.389727e+01 -1.176045e+00 -8.525630e+00 6.640843e+00 -1.003381e+01 
5.569119e+00 8.004177e+00 1.866003e+01 -2.379814e+00 -1.239173e-01 -1.024328e+01 -1.078614e+01 1.546196e+01 3.400254e-01 -1.054651e+01 3.731886e+00 -9.898525e+00 
6.360353e+00 8.752184e+00 1.731113e+01 -4.556149e+00 -2.366827e+00 -9.229030e+00 -1.087138e+01 1.728301e+01 5.000333e+00 -1.391926e+01 2.033112e+00 -1.137750e+01 
6.183001e+00 7.861772e+00 1.670336e+01 -3.998419e+00 -2.262915e+00 -7.386508e+00 -9.321313e+00 1.621268e+01 2.923280e+00 -1.294180e+01 2.235997e+00 -1.371330e+01 
6.108026e+00 5.876582e+00 1.840250e+01 -7.093784e+00 -1.820579e+00 -6.560082e+00 -1.068119e+01 2.207976e+01 -1.784705e+00 -1.387959e+01 4.454271e+00 -1.518231e+01 
6.198986e+00 4.552956e+00 1.879602e+01 -5.459954e+00 -3.399701e+00 -6.045260e+00 -7.785319e+00 2.036343e+01 -3.076079e+00 -1.614160e+01 3.093904e+00 -1.276949e+01 
6.739035e+00 2.797615e+00 1.809030e+01 -4.146207e+00 -2.059633e+00 -7.184828e+00 -1.005915e+01 1.971470e+01 -1.853180e+00 -1.896299e+01 4.348865e+00 -1.190030e+01 
7.731217e+00 7.619586e-01 1.596835e+01 -2.553594e+00 -4.308789e+00 -9.540940e+00 -4.920811e+00 2.262444e+01 -4.920826e+00 -2.149110e+01 3.022973e+00 -1.173109e+01 
9.023301e+00 -8.754603e-01 1.370166e+01 -3.154398e+00 -2.497995e+00 -5.675463e+00 -3.995595e+00 2.090267e+01 -6.357264e+00 -2.431294e+01 -1.002650e+00 -9.178989e+00 
9.910443e+00 -2.798191e+00 1.022074e+01 -2.044136e+00 -1.509411e+00 -4.037392e+00 -1.120231e+00 1.588832e+01 -1.159986e+01 -2.213917e+01 2.989291e+00 -9.906507e+00 
9.908540e+00 -3.445763e+00 8.839917e+00 -4.051147e+00 2.730540e+00 -2.967103e+00 -1.511467e+00 1.452491e+01 -1.567839e+01 -2.163819e+01 4.945635e+00 -7.114164e+00 
9.904354e+00 -4.775385e+00 7.353716e+00 -4.547609e+00 7.874469e+00 -6.993925e+00 -1.841987e+00 1.368986e+01 -1.977264e+01 -1.826277e+01 6.391991e+00 -4.293487e+00 
1.007980e+01 -6.260405e+00 5.726722e+00 -2.442568e+00 6.662162e+00 -4.680612e+00 -7.559420e-02 1.011372e+01 -2.227778e+01 -1.847404e+01 9.884246e+00 -2.472898e+00 
1.023775e+01 -9.193968e+00 3.201624e+00 -1.978783e+00 1.167890e+01 -6.251866e+00 -4.591497e+00 1.110109e+01 -2.224126e+01 -1.826411e+01 1.417378e+01 -6.782132e+00 
9.991888e+00 -1.012685e+01 3.024977e+00 -1.794235e+00 1.227852e+01 -5.332761e+00 -6.412172e+00 5.551571e+00 -2.030877e+01 -1.605335e+01 1.488626e+01 -5.694248e+00 
8.928535e+00 -9.056559e+00 2.719342e+00 -2.024085e+00 9.368985e+00 -1.033133e+00 -9.476521e+00 1.746266e+00 -2.084743e+01 -1.044578e+01 1.405411e+01 -5.161480e+00 
9.783328e+00 -1.116167e+01 3.404507e+00 -2.409520e+00 1.171524e+01 -5.089821e+00 -1.000004e+01 3.125315e+00 -2.406826e+01 -7.702391e+00 1.570533e+01 -6.143609e+00 
1.056543e+01 -1.253776e+01 4.516861e+00 -3.246115e+00 1.295651e+01 -7.878545e+00 -1.232776e+01 3.753639e+00 -2.248625e+01 -7.563773e+00 1.436002e+01 -5.327496e+00 
1.085467e+01 -1.373947e+01 2.691358e+00 -1.828396e+00 1.401607e+01 -5.992608e+00 -1.421076e+01 3.539438e+00 -2.306600e+01 -7.485326e+00 1.568710e+01 -8.089509e+00 
1.036905e+01 -1.506009e+01 3.590336e+00 -2.775646e+00 1.576610e+01 -6.841818e+00 -1.870977e+01 4.705646e+00 -2.246596e+01 -6.205226e+00 1.554881e+01 -6.356317e+00 
1.095058e+01 -1.703229e+01 4.107162e+00 -2.580701e+00 1.502793e+01 -5.944882e+00 -2.165390e+01 3.352437e+00 -2.094431e+01 -8.101753e+00 1.664249e+01 -6.729853e+00 
1.042309e+01 -1.642570e+01 2.915665e+00 -8.351021e-01 1.429828e+01 -7.833590e+00 -2.117500e+01 3.760440e+00 -2.103409e+01 -8.529196e+00 1.593912e+01 -5.807985e+00 
1.204400e+01 -1.609991e+01 3.219193e-01 4.897854e-01 1.422332e+01 -1.256706e+01 -1.877371e+01 3.091995e+00 -2.436650e+01 -5.051710e+00 1.378148e+01 -6.790912e+00 
9.366969e+00 -1.224545e+01 -8.748242e-01 5.451801e+00 1.014974e+01 -1.055642e+01 -1.762734e+01 -3.537368e+00 -2.196737e+01 -4.400517e+00 1.226063e+01 -4.155007e+00 
1.231269e+01 -1.451995e+01 -3.208408e+00 5.044458e+00 1.255676e+01 -1.474951e+01 -1.767599e+01 -1.374274e+00 -2.406877e+01 -3.835347e+00 1.369390e+01 -6.966905e+00 
9.740703e+00 -9.235940e+00 -7.131821e+00 9.585019e+00 1.035076e+01 -1.372480e+01 -2.118908e+01 -1.441812e+01 -2.078758e+01 -8.836295e+00 7.569681e+00 3.905153e+00 
4.533930e+00 -2.253895e-01 -1.005124e+00 3.637879e+00 2.687386e+00 -1.042156e+01 -1.807607e+01 -1.863823e+01 -1.640117e+01 -1.004954e+01 7.357505e-01 1.966835e+00 
1.364804e+00 5.441024e-01 -1.012120e+00 2.050836e+00 3.547594e-01 -1.461034e+01 -1.843836e+01 -1.470576e+01 -1.328432e+01 -7.553075e+00 1.821904e+00 2.036674e+00 
-1.301950e+00 -4.212602e-01 -2.080234e-01 4.321117e+00 4.935406e+00 -4.623341e+00 -1.516854e+01 -1.900951e+01 -1.122959e+01 -4.886349e+00 1.314689e+00 5.715765e+00 
