1.115202e+00 1.342770e+01 1.616164e+01 1.149311e+01 2.424287e+00 4.373006e+00 -1.091947e-01 2.389338e+00 -2.326172e+00 -8.404799e+00 -5.574653e+00 -9.907948e+00 
3.570391e+00 1.412538e+01 1.590603e+01 8.917169e+00 2.600772e+00 5.808039e+00 -1.503802e+00 -1.611006e+00 -3.005660e+00 -9.520647e+00 -5.234133e+00 -8.520349e+00 
3.894886e+00 1.538419e+01 1.887758e+01 1.220531e+01 2.041028e+00 9.065014e-01 -4.105921e+00 -3.501427e-01 -4.317000e+00 -1.073520e+01 -2.704172e+00 -5.574675e+00 
3.968822e+00 1.377199e+01 2.238344e+01 1.331388e+01 -6.697426e-01 -2.618465e+00 -6.334686e+00 6.991110e-02 -3.398788e+00 -1.557416e+01 3.302500e-01 -1.196246e+00 
5.365759e+00 1.102893e+01 2.424660e+01 8.914460e+00 -3.603013e+00 -1.552733e+00 -8.636609e+00 7.401185e+00 -2.348621e+00 -2.118597e+01 3.850243e-01 -3.956743e+00 
4.675693e+00 7.220356e+00 2.266122e+01 5.627339e+00 -3.022102e-01 5.665238e+00 -8.196826e+00 1.102011e+01 -3.961205e-01 -1.923213e+01 6.165058e+00 -3.561536e+00 
7.598021e+00 6.523749e+00 2.045510e+01 4.860648e+00 -1.093735e+01 -4.453786e+00 4.621865e-01 1.889436e+01 3.180909e+00 -1.620044e+01 4.860816e+00 -7.962018e+00 
7.936706e+00 3.417133e+00 1.888313e+01 5.207605e+00 -1.223624e+01 -4.719580e+00 2.145218e+00 2.085625e+01 1.954436e+00 -1.503672e+01 5.061910e+00 -5.131161e+00 
8.141336e+00 4.764297e+00 2.083272e+01 -2.309887e-01 -1.575255e+01 -2.217857e+00 6.070468e+00 2.005127e+01 4.142275e-01 -1.534171e+01 3.155150e+00 -6.761696e+00 
8.167849e+00 4.859070e+00 1.980985e+01 -3.266948e+00 -1.647014e+01 3.797012e+00 6.013709e+00 1.156379e+01 1.951699e+00 -1.333111e+01 3.466943e+00 -4.169923e+00 
9.070761e+00 5.965822e+00 1.735136e+01 -6.636662e+00 -1.135148e+01 6.850769e+00 2.020346e+00 7.597865e+00 5.060588e+00 -1.174543e+01 -5.207321e+00 -3.015171e-01 
9.243277e+00 5.334539e+00 1.844634e+01 -7.416216e+00 -1.359221e+01 5.939977e+00 1.431727e+00 1.041180e+01 8.023833e+00 -1.559341e+01 -4.753038e+00 -2.202990e+00 
1.012976e+01 3.771593e+00 1.705925e+01 -7.933097e+00 -1.011609e+01 4.148103e+00 -6.818374e-01 1.383897e+01 1.202127e+00 -1.585053e+01 3.842582e-01 -6.594722e+00 
9.937451e+00 -8.952928e-01 1.642001e+01 -7.877245e+00 -4.889668e+00 2.984935e+00 -2.539352e+00 1.742417e+01 -3.236171e+00 -2.260287e+01 1.817201e+00 -5.159515e+00 
9.480767e+00 -3.390974e+00 1.383072e+01 -7.686335e+00 2.664843e+00 -1.763579e+00 1.924065e+00 1.500570e+01 -1.360644e+01 -2.092984e+01 2.354985e+00 -4.405507e+00 
9.769789e+00 -2.249953e+00 8.681704e+00 -7.031009e+00 6.276096e+00 3.180882e-02 4.587148e+00 6.028634e+00 -1.353964e+01 -2.472303e+01 3.308748e+00 -3.776117e+00 
1.060661e+01 -3.662977e+00 4.098436e+00 -4.107294e-01 6.680906e+00 -3.257074e+00 6.791948e+00 -3.399396e+00 -1.121317e+01 -2.916619e+01 5.984264e+00 -1.814435e+00 
1.119324e+01 -6.573087e+00 3.352430e+00 3.481757e-01 8.259956e+00 -2.909816e+00 3.781159e+00 -8.123245e+00 -1.655380e+01 -2.386085e+01 6.918109e+00 2.487620e-01 
1.199570e+01 -7.656816e+00 -6.711017e-01 3.217257e+00 1.076745e+01 -8.258602e+00 6.193658e+00 -1.426600e+01 -1.346353e+01 -2.170318e+01 8.372885e+00 1.966459e+00 
9.324681e+00 -7.556153e+00 -1.992096e+00 4.909053e+00 8.904158e+00 -3.637555e+00 -5.014675e-01 -1.494736e+01 -1.243472e+01 -1.722202e+01 1.344813e+01 -1.727972e+00 
1.003977e+01 -1.150394e+01 1.183744e+00 2.940706e+00 1.293711e+01 -5.375439e+00 -6.910871e-01 -2.004631e+01 -4.884244e+00 -1.973157e+01 1.426668e+01 2.000764e+00 
9.491970e+00 -1.316381e+01 3.161076e+00 -8.744671e-01 1.681979e+01 -4.355391e+00 -8.431013e+00 -1.290118e+01 -1.276762e+01 -1.259527e+01 1.581760e+01 -3.778917e+00 
1.032767e+01 -1.449169e+01 2.342041e+00 1.174780e+00 1.829575e+01 -9.755930e+00 -9.408962e+00 -7.222728e+00 -1.713090e+01 -6.618751e+00 1.473858e+01 -7.392837e+00 
9.863889e+00 -1.367301e+01 -6.526133e-01 4.868433e+00 1.548945e+01 -8.150304e+00 -1.205397e+01 -4.019643e+00 -2.045114e+01 -3.673425e+00 1.484507e+01 -5.829862e+00 
1.119062e+01 -1.526219e+01 -3.232847e-02 2.229868e+00 2.170081e+01 -1.322850e+01 -1.277839e+01 -2.288150e+00 -2.134143e+01 -5.366131e-01 1.405295e+01 -6.305930e+00 
1.050280e+01 -1.749818e+01 1.438422e+00 4.816644e+00 1.710403e+01 -1.323649e+01 -9.981605e+00 -3.872132e+00 -2.131131e+01 1.487805e+00 1.085075e+01 -6.020989e+00 
1.096807e+01 -1.970526e+01 3.149983e+00 6.130003e+00 1.146815e+01 -9.644438e+00 -1.240377e+01 -4.089183e+00 -1.917867e+01 -3.187308e+00 1.247368e+01 -6.114453e+00 
1.224813e+01 -1.774074e+01 3.165698e+00 5.655095e+00 9.848326e+00 -8.518966e+00 -1.476119e+01 -1.000155e+01 -1.861143e+01 -2.492925e+00 1.034897e+01 -6.888764e+00 
1.012229e+01 -1.147396e+01 1.653349e+00 7.825185e+00 1.129923e+01 -9.176423e+00 -1.616337e+01 -8.572099e+00 -1.697267e+01 -2.498354e+00 1.246985e+01 -2.986403e+00 
9.045742e+00 -1.198959e+01 -3.497512e+00 1.161802e+01 1.153047e+01 -9.594281e+00 -1.544315e+01 -8.305877e+00 -1.741398e+01 -4.195569e+00 1.238443e+01 -2.511735e+00 
4.817589e+00 -1.826957e+00 -6.429070e-01 7.089297e+00 3.755208e+00 -1.033065e+01 -1.677764e+01 -1.801558e+01 -1.630303e+01 -6.659713e+00 5.102895e+00 1.961908e+00 
2.067405e+00 -1.514260e+00 -3.064186e-01 6.993165e+00 4.858971e+00 -8.605860e+00 -1.395310e+01 -1.036962e+01 -1.481046e+01 -6.384822e+00 1.660922e+00 9.709159e-01 
-3.664995e-01 -6.698729e-01 1.645491e+00 9.471284e+00 9.210532e+00 -1.677004e+00 -1.546039e+01 -1.257104e+01 -1.145025e+01 -5.743740e+00 1.730634e+00 5.088494e-01 
-2.703316e+00 -1.164618e+00 1.286355e+00 7.068987e+00 9.059093e+00 -2.143422e+00 -1.449842e+01 -1.498881e+01 -1.138838e+01 -6.019124e+00 -8.759345e-01 4.172476e+00 
-4.093158e+00 -2.336159e+00 -1.021456e+00 3.119431e+00 7.750886e+00 -1.130401e+00 -1.444965e+01 -1.642528e+01 -1.166981e+01 -3.607293e+00 -1.240323e-01 1.201249e+00 
-5.725346e+00 -2.561579e+00 -1.030465e-01 3.969730e+00 5.630148e+00 1.057288e+00 -1.092171e+01 -1.047077e+01 -4.714509e+00 3.176136e+00 3.867600e+00 -4.184339e-01 
-6.418026e+00 -1.624561e+00 -1.614471e+00 2.532143e+00 3.727250e+00 -2.559684e+00 -9.789883e+00 -1.491856e+01 -6.234459e+00 3.019197e+00 6.482213e+00 2.835634e+00 
-9.118174e+00 -2.875346e+00 -1.913285e-01 7.737992e-02 1.752127e+00 7.854245e-01 -6.282131e+00 -1.321728e+01 -3.836267e+00 -8.272962e-01 2.670225e+00 3.631648e+00 
-1.053341e+01 -3.235696e+00 3.485320e-01 1.844999e+00 2.597860e+00 2.793576e+00 -2.041128e+00 -5.638746e+00 -3.729498e+00 1.207552e-01 1.667050e+00 4.044358e+00 
-5.344838e+00 -1.262194e+01 2.129887e+00 1.063706e+01 1.523803e+00 -1.475742e+00 -2.179874e+00 -1.237366e+01 -1.909381e+01 -1.713658e+00 9.087632e+00 -7.972169e+00 
-3.815339e+00 -1.296676e+01 1.395413e+01 7.283593e+00 1.494369e+01 -1.067147e+00 -1.644651e+00 -9.485961e+00 -2.785816e+01 -7.410356e+00 1.231664e+01 -1.515800e+01 
-5.469558e+00 -1.270547e+01 1.259846e+01 9.195547e-01 1.855552e+01 3.610765e+00 8.766766e+00 -6.894169e-01 -2.412016e+01 -9.489555e+00 1.004599e+01 -1.424122e+01 
-1.544617e+00 -3.430061e+00 1.674448e+01 2.016075e-01 1.398612e+01 -1.589112e-01 7.213231e+00 6.676978e+00 -2.198806e+01 -1.324869e+01 6.966754e+00 -5.739199e+00 
3.059562e+00 8.357813e-01 1.594902e+01 1.207614e+00 7.162601e+00 2.200970e+00 3.438078e+00 1.128282e+01 -1.924000e+01 -1.363561e+01 9.237017e+00 -7.502052e+00 
6.537529e+00 2.764968e+00 1.362134e+01 -3.837311e+00 2.099856e+00 -1.421433e+00 3.319934e+00 1.788146e+01 -1.358399e+01 -1.385424e+01 4.008940e+00 -1.793775e+01 
7.278006e+00 4.361647e+00 1.721501e+01 -7.984548e+00 -6.236316e+00 -3.243936e-01 7.741548e-01 1.632276e+01 -8.336984e+00 -1.845138e+01 7.562377e+00 -1.405954e+01 
7.572255e+00 5.267074e+00 1.595965e+01 -2.504319e+00 -2.644866e+00 -3.888015e+00 -6.427362e-01 1.173027e+01 -5.438347e+00 -1.344462e+01 6.921556e+00 -1.482685e+01 
6.462472e+00 5.972783e+00 1.868299e+01 -1.627956e+00 -4.512233e+00 -1.136411e+01 2.221139e-01 1.956378e+01 -5.358407e+00 -1.554504e+01 6.145140e+00 -1.532358e+01 
7.307506e+00 5.060930e+00 1.716971e+01 -2.263311e+00 -3.984524e+00 -7.807838e+00 -4.688654e+00 2.017279e+01 -3.961205e-01 -1.927260e+01 6.866016e+00 -1.408580e+01 
7.347461e+00 3.864760e+00 1.656699e+01 -4.520732e+00 -4.092279e+00 -8.701380e+00 -1.871269e+00 2.260811e+01 -3.643536e+00 -2.122299e+01 7.247138e+00 -1.293973e+01 
6.136110e+00 2.045873e+00 1.940866e+01 -4.453372e+00 -5.467469e+00 -9.840908e+00 -1.067383e+00 2.598681e+01 -3.681863e+00 -2.244494e+01 6.871378e+00 -1.509394e+01 
5.926625e+00 2.591136e-01 2.057943e+01 -4.424600e+00 -5.286324e+00 -7.583255e+00 -5.167958e+00 2.575711e+01 -9.168239e-01 -2.707811e+01 5.288668e+00 -1.598692e+01 
6.944921e+00 -1.649540e-01 1.859008e+01 -5.916684e+00 -2.323930e+00 -7.806242e+00 -3.207856e+00 2.294036e+01 -6.008876e+00 -2.765849e+01 4.231868e+00 -1.395733e+01 
7.907206e+00 -2.106456e+00 1.607520e+01 -6.837051e+00 -1.292393e+00 -6.457145e+00 -7.387757e-02 1.839002e+01 -7.019073e+00 -2.911585e+01 1.611893e+00 -1.002767e+01 
8.435212e+00 -3.644772e+00 1.296037e+01 -8.869035e+00 1.339163e+00 -3.388054e+00 3.141908e-01 1.598279e+01 -1.279006e+01 -2.833806e+01 4.302347e+00 -9.625107e+00 
9.696226e+00 -7.574893e+00 8.274035e+00 -5.578189e+00 4.470470e+00 -1.123693e+00 -1.587050e+00 1.051085e+01 -1.619900e+01 -2.387566e+01 8.393951e+00 -7.389686e+00 
1.021228e+01 -8.992200e+00 3.624672e+00 -4.424938e+00 9.129570e+00 -2.396118e+00 -1.494973e+00 4.583031e+00 -1.330091e+01 -2.269812e+01 7.353622e+00 -4.993942e+00 
1.016635e+01 -1.084375e+01 3.265073e+00 -3.952738e+00 1.103713e+01 -1.973148e+00 -3.710284e+00 1.124963e+00 -1.374277e+01 -2.260336e+01 1.409470e+01 -5.270832e+00 
1.087509e+01 -1.334425e+01 -1.083393e+00 -7.962749e-01 1.383585e+01 -4.034010e+00 -3.649741e+00 -3.553931e+00 -1.455421e+01 -1.807976e+01 1.569273e+01 -5.346442e+00 
1.134820e+01 -1.372548e+01 -1.477195e+00 -6.534301e-01 1.574108e+01 -5.526865e+00 -9.262227e+00 -7.196214e-01 -1.608128e+01 -1.666583e+01 1.945990e+01 -5.580276e+00 
1.218540e+01 -1.353005e+01 -1.861291e+00 1.054750e-01 1.611443e+01 -7.672386e+00 -1.030282e+01 -1.415028e+00 -1.800586e+01 -1.245314e+01 1.845558e+01 -5.308287e+00 
1.251139e+01 -1.517224e+01 2.255843e-01 -1.162188e+00 1.548945e+01 -3.916767e+00 -1.758489e+01 8.643606e-01 -1.876748e+01 -7.640830e+00 1.671697e+01 -6.679784e+00 
1.178136e+01 -1.459664e+01 8.190611e-01 -2.377383e+00 1.584417e+01 -4.147100e+00 -1.873816e+01 2.091508e+00 -1.702140e+01 -8.412201e+00 1.952732e+01 -9.581701e+00 
1.229593e+01 -1.562736e+01 4.090814e-01 6.897168e-01 1.545043e+01 -6.092317e+00 -1.751005e+01 3.150774e+00 -1.992879e+01 -7.086114e+00 1.895314e+01 -9.215899e+00 
1.267046e+01 -1.728990e+01 -2.955522e-02 3.682687e+00 1.295575e+01 -8.583497e+00 -1.543180e+01 -7.970672e-02 -2.037449e+01 -5.961382e+00 1.859232e+01 -8.837844e+00 
1.336874e+01 -1.881858e+01 -3.623459e-01 5.657465e+00 1.057174e+01 -1.091878e+01 -1.544483e+01 -9.591504e-01 -2.359507e+01 -4.531162e+00 1.805798e+01 -9.951004e+00 
1.393782e+01 -1.755815e+01 -4.389113e+00 6.360857e+00 7.487614e+00 -1.304322e+01 -1.419360e+01 -5.352154e+00 -2.240364e+01 -2.880832e+00 1.427817e+01 -7.236014e+00 
1.095836e+01 -1.468927e+01 -6.043823e+00 5.825019e+00 1.049078e+01 -1.248224e+01 -1.488060e+01 -9.178297e+00 -2.022063e+01 -5.191492e+00 1.362701e+01 -2.771822e+00 
7.195108e+00 -4.446859e+00 1.184206e+00 2.441765e+00 3.246721e+00 -1.408499e+01 -9.575037e+00 -4.712942e+00 -1.484824e+01 -1.204839e+00 8.456004e+00 -3.191883e+00 
5.770539e+00 -1.528717e+00 -3.641948e-01 4.658567e+00 -8.844723e-02 -1.293715e+01 -1.518122e+01 -1.056981e+01 -1.408224e+01 -6.236766e+00 6.811242e+00 3.309952e+00 
2.685403e+00 -2.252726e-02 -6.013081e-01 4.338351e+00 2.460399e+00 -9.693316e+00 -1.609736e+01 -1.204702e+01 -9.907854e+00 -2.272815e+00 2.684780e+00 3.178333e+00 
1.413418e-01 -4.781858e-01 -1.710611e+00 3.137033e+00 4.344658e+00 -8.894655e+00 -1.597585e+01 -1.379327e+01 -9.401387e+00 -1.007431e+00 2.303275e+00 3.662803e+00 
-2.962465e+00 -2.207118e+00 -3.305233e+00 5.357018e-01 3.726085e+00 -4.792099e+00 -1.878651e+01 -1.930806e+01 -1.141795e+01 -2.970159e+00 2.490581e+00 5.002445e+00 
