4.005751e+00 1.490039e+01 1.527734e+01 7.409384e+00 2.219821e+00 4.363268e+00 -1.173950e+00 2.700279e+00 -2.387126e+00 -3.570484e+00 2.779891e+00 -5.336576e+00 
7.097824e+00 1.691392e+01 1.582333e+01 9.622096e+00 -2.194623e+00 -3.552942e+00 -3.404749e+00 8.657590e-01 -1.059212e+01 -1.096942e+01 3.143530e+00 -5.872943e+00 
8.443027e+00 1.259625e+01 1.308124e+01 5.158897e+00 -2.187766e+00 -6.395555e-01 -9.639285e-01 8.670459e-01 -9.449449e-01 -1.142538e+01 -3.072693e+00 -8.133060e+00 
1.001003e+01 1.353721e+01 1.082197e+01 2.446941e+00 -2.550099e+00 -2.599005e+00 1.327119e-03 6.243842e+00 4.666917e+00 -1.465419e+01 -5.116777e+00 -9.713374e+00 
9.014648e+00 1.425462e+01 1.073369e+01 8.502990e-01 -4.315349e+00 -4.416308e+00 -9.609196e-01 1.060461e+01 1.019366e+01 -2.022095e+01 -8.134782e-01 -1.300784e+01 
8.250082e+00 1.167002e+01 1.025883e+01 1.655240e+00 -6.150745e+00 -6.851678e+00 4.362429e+00 1.286896e+01 8.338035e+00 -2.744299e+01 3.645270e+00 -8.728014e+00 
8.250533e+00 1.142563e+01 1.021071e+01 4.182219e+00 -7.384891e+00 -1.083641e+01 6.896525e+00 1.527938e+01 5.432392e+00 -2.908358e+01 4.806626e+00 -9.261351e+00 
6.275105e+00 1.216489e+01 1.105752e+01 2.510807e+00 -8.531486e+00 -1.353175e+01 1.208989e+01 1.855462e+01 2.199643e+00 -3.509673e+01 5.893728e+00 -1.191693e+01 
5.409108e+00 9.766237e+00 1.012536e+01 -1.488587e+00 -2.903993e+00 -1.751313e+01 1.730432e+01 1.427043e+01 -2.843736e+00 -3.220127e+01 6.203931e+00 -7.999726e+00 
5.979827e+00 8.165274e+00 8.853477e+00 -5.098947e+00 -2.484701e-01 -1.315144e+01 1.564220e+01 1.164509e+01 -6.385350e+00 -3.081804e+01 3.329167e+00 -5.936580e+00 
6.929223e+00 5.353046e+00 5.927721e+00 -4.083716e+00 3.044694e+00 -8.496643e+00 1.373395e+01 3.049680e+00 -8.863567e+00 -3.236731e+01 8.898611e+00 -5.944661e+00 
7.696944e+00 3.397443e+00 1.191619e+00 -3.637045e+00 7.940139e+00 -7.981726e+00 1.182872e+01 -2.145658e+00 -9.403474e+00 -3.357492e+01 1.016267e+01 -4.306265e+00 
1.019891e+01 -8.069261e-01 -1.232914e+00 -3.058749e+00 1.289465e+01 -7.941892e+00 3.992936e+00 7.692391e-01 -1.472957e+01 -3.103070e+01 1.396181e+01 -5.271928e+00 
1.071238e+01 -1.302813e+00 -4.558227e+00 6.248219e-01 1.237937e+01 -6.751043e+00 1.058655e+00 -1.989940e+00 -1.502871e+01 -2.642696e+01 1.549721e+01 -5.644154e+00 
9.803106e+00 -2.689874e+00 -6.106664e+00 9.246792e-01 1.655226e+01 -8.373784e+00 5.550343e+00 -1.226672e+01 -1.081161e+01 -2.287182e+01 1.762249e+01 -9.389130e+00 
7.843907e+00 -1.046232e+00 -7.625815e+00 1.181700e+00 1.892878e+01 -1.130227e+01 7.366516e+00 -1.939117e+01 -6.681447e+00 -1.693084e+01 1.473246e+01 -8.703266e+00 
8.628758e+00 -4.126727e+00 -6.505384e+00 3.939218e+00 1.679645e+01 -1.355985e+01 8.338391e+00 -1.859778e+01 -5.075105e+00 -1.803308e+01 1.629007e+01 -6.095672e+00 
8.506140e+00 -4.848201e+00 -5.438506e+00 1.416134e+00 2.233270e+01 -1.612017e+01 3.843092e+00 -1.439145e+01 -9.149937e+00 -9.773938e+00 8.973213e+00 -3.137569e+00 
9.132308e+00 -5.543764e+00 -4.939793e+00 8.915780e-01 2.263386e+01 -1.233503e+01 -2.718118e+00 -1.294043e+01 -6.475334e+00 -9.915709e+00 9.945463e+00 -4.879501e+00 
8.155414e+00 -8.000335e+00 -2.432420e+00 2.592976e+00 2.202628e+01 -1.585265e+01 -2.027876e+00 -8.677474e+00 -1.416900e+01 -7.499211e+00 1.662734e+01 -1.072904e+01 
8.548966e+00 -7.931236e+00 -3.828147e+00 2.573115e+00 2.355314e+01 -1.668834e+01 -3.349385e+00 -9.328017e+00 -1.354823e+01 -4.634408e+00 1.463357e+01 -1.193612e+01 
8.957396e+00 -8.548045e+00 -3.199317e+00 1.381413e-02 2.582259e+01 -1.659442e+01 -7.443297e+00 -6.516074e+00 -1.602340e+01 -3.661805e+00 1.494100e+01 -1.269521e+01 
9.664258e+00 -1.062813e+01 -2.903938e+00 1.449624e+00 2.474931e+01 -1.911910e+01 -9.642202e+00 -3.724722e+00 -1.928655e+01 -1.397934e+00 1.249302e+01 -8.543669e+00 
1.107753e+01 -1.456169e+01 -2.354600e+00 2.747967e+00 2.299513e+01 -2.311599e+01 -8.924880e+00 -9.108486e-01 -2.380948e+01 -1.830911e+00 1.378242e+01 -7.062346e+00 
1.105860e+01 -1.376502e+01 -5.139361e+00 8.055051e+00 1.557866e+01 -2.088441e+01 -1.101005e+01 -4.036160e+00 -2.329998e+01 -1.401127e+00 1.031639e+01 -4.847683e+00 
1.117401e+01 -1.177995e+01 -5.087063e+00 8.905944e+00 1.606968e+01 -2.307071e+01 -1.213478e+01 -9.282331e+00 -2.537022e+01 -2.417155e+00 8.115121e+00 -3.115852e+00 
1.127093e+01 -6.273876e+00 -8.103191e+00 -4.464862e-01 1.429546e+01 -1.592226e+01 -5.519405e+00 -1.306719e+01 -2.296253e+01 -6.277708e-01 5.701845e+00 -3.283025e+00 
9.620981e+00 -2.814354e+00 -8.607761e+00 2.153704e+00 1.065209e+01 -1.035965e+01 -1.553544e+01 -2.138141e+01 -2.470385e+01 -6.369510e+00 5.628979e+00 9.998338e-01 
4.758596e+00 4.317751e-01 -4.471895e-01 8.124368e+00 5.449169e+00 -7.052948e+00 -1.735101e+01 -1.903984e+01 -1.708376e+01 -1.057284e+01 5.247296e+00 5.409966e+00 
1.181006e+00 4.470175e-01 3.113399e-01 5.871544e+00 3.133827e+00 -9.715166e+00 -1.616189e+01 -1.258202e+01 -1.106940e+01 -1.105307e+01 5.796636e-01 3.572579e+00 
-8.733134e-01 4.780104e-01 7.677964e-01 6.458408e+00 5.155400e+00 -6.850839e+00 -1.620161e+01 -1.489721e+01 -1.255414e+01 -9.132135e+00 -2.426261e+00 2.700856e+00 
-2.313185e+00 4.495579e-01 1.580716e+00 6.192041e+00 7.314100e+00 -4.868747e+00 -1.635506e+01 -1.476723e+01 -1.337312e+01 -3.173269e+00 6.095043e-01 2.941767e+00 
-5.578368e+00 -4.451725e-01 -4.505366e-01 7.521639e-01 7.740777e+00 -4.898937e+00 -1.079581e+01 -1.709657e+01 -1.455812e+01 7.873883e-01 2.418333e+00 7.228666e+00 
-5.765452e+00 -9.512210e-01 -1.353827e+00 -1.614271e-01 6.747659e+00 1.110148e-01 -1.082470e+01 -1.540040e+01 -1.013612e+01 -3.553242e+00 1.490562e-01 4.767032e+00 
-8.142097e+00 -1.293668e+00 1.470262e+00 3.346513e+00 1.506759e+00 -5.481453e-01 -1.341296e+01 -1.631026e+01 -6.630375e+00 -5.421970e-01 2.514101e+00 2.054892e+00 
-9.399843e+00 -2.374356e+00 3.468044e+00 2.019353e+00 -3.397125e-01 -5.036981e-01 -4.990440e+00 -9.446415e+00 -7.017673e+00 1.309771e+00 5.311141e+00 7.225636e+00 
-1.494880e+01 -4.838548e+00 3.839150e+00 -4.723930e+00 1.223117e+01 -8.907989e+00 3.829251e+00 -1.702708e+01 -5.969476e+00 2.699386e+00 -9.973798e-01 1.353578e+01 
-1.192931e+01 -1.294701e+01 2.528355e+00 -7.930845e+00 2.553199e+01 -1.250234e+01 -6.205435e+00 -4.438325e+00 -2.653698e+01 -7.266757e+00 6.565142e+00 -2.744178e-01 
-1.479643e+01 -8.932155e+00 3.956298e+00 -1.094266e+01 2.603197e+01 -8.947404e+00 -9.199291e+00 1.616683e+00 -2.965117e+01 -7.656309e+00 1.013977e+01 3.336674e-01 
-1.564710e+01 -5.984778e+00 4.986776e+00 -1.133247e+01 1.605807e+01 -5.112367e+00 -6.673018e+00 4.888704e+00 -2.281661e+01 -3.633068e+00 1.130772e+01 -1.880490e+00 
-1.655187e+01 -9.082039e+00 5.427753e+00 -1.589848e+01 1.395264e+01 -1.027495e+01 3.195577e+00 9.423847e+00 -2.260077e+01 2.489922e+00 1.049474e+01 -1.246592e+01 
-1.682010e+01 -1.131759e+01 7.896634e+00 -1.348677e+01 1.222009e+01 -7.960761e+00 1.021053e+01 1.591641e+01 -2.427825e+01 6.753919e+00 9.187303e+00 -1.903061e+01 
-9.565740e+00 -3.333947e-01 1.374271e+01 -6.930023e+00 1.570154e+01 -1.007383e-01 1.013591e+01 2.078744e+01 -1.699621e+01 1.149323e-01 5.176511e+00 -1.956244e+01 
-1.221786e+00 1.047196e+01 1.881059e+01 -9.561429e-02 1.275067e+01 -1.268944e+00 -4.831060e-01 1.420672e+01 -1.542452e+01 -1.306613e+00 7.211227e+00 -1.636645e+01 
1.681400e+00 1.038457e+01 1.457445e+01 -3.409621e+00 8.689592e+00 -1.546110e+00 5.284867e-01 1.436116e+01 -7.668843e+00 -2.904414e+00 4.844447e+00 -1.195329e+01 
3.499497e+00 8.018947e+00 1.314149e+01 1.008795e+00 9.406874e+00 -2.271522e+00 5.428378e-02 1.265469e+01 -5.748164e+00 -8.443076e+00 1.231647e+00 -8.484073e+00 
6.084865e+00 1.190729e+01 1.640321e+01 -5.761647e-01 -2.695676e-02 -9.321431e+00 -8.694490e-01 1.761902e+01 -5.189409e+00 -1.005684e+01 3.457963e-01 -1.360431e+01 
6.709681e+00 1.221671e+01 1.473553e+01 -1.624886e+00 2.228787e+00 -8.311726e+00 -4.008335e+00 1.435279e+01 -2.158518e+00 -8.035005e+00 1.480152e-01 -1.149319e+01 
7.579735e+00 1.117565e+01 1.213193e+01 2.205988e-01 1.850632e+00 -9.673235e+00 -3.996300e+00 1.079057e+01 -9.577129e-01 -8.642961e+00 7.333777e-01 -1.168915e+01 
6.672264e+00 1.123866e+01 1.464223e+01 -2.271332e+00 4.161227e+00 -8.982207e+00 -9.781213e+00 1.327692e+01 1.275712e-01 -1.156077e+01 3.927368e+00 -1.239420e+01 
6.569480e+00 9.730164e+00 1.440208e+01 -3.811508e+00 6.387963e+00 -1.001204e+01 -1.057015e+01 1.466423e+01 -2.334838e+00 -1.106265e+01 5.293098e+00 -1.322401e+01 
6.097037e+00 8.372571e+00 1.571078e+01 -3.480107e+00 5.803062e+00 -9.611176e+00 -1.109189e+01 1.413530e+01 -2.722136e+00 -1.186219e+01 3.325697e+00 -1.090732e+01 
7.696043e+00 7.442275e+00 1.341093e+01 -2.360899e+00 4.348459e+00 -9.791901e+00 -1.031198e+01 1.427815e+01 -2.220534e+00 -1.274730e+01 -6.677448e-01 -9.905800e+00 
7.292121e+00 6.512486e+00 1.222565e+01 -2.934912e+00 5.587878e+00 -1.224404e+01 -6.562892e+00 1.675034e+01 -2.995737e+00 -1.852992e+01 6.983323e-01 -1.118157e+01 
8.378562e+00 3.409637e+00 9.550086e+00 -5.159307e+00 6.975501e+00 -9.104227e+00 -4.915820e+00 1.940721e+01 -5.175426e+00 -2.309853e+01 -9.987678e-01 -1.121440e+01 
8.703592e+00 -4.126553e-01 7.734719e+00 -4.635531e+00 9.844625e+00 -1.011980e+01 4.358125e-01 1.783651e+01 -1.009842e+01 -2.624815e+01 1.777453e+00 -1.087752e+01 
8.676544e+00 -3.746174e+00 6.890421e+00 -5.763695e+00 1.443153e+01 -8.297050e+00 -2.218640e+00 1.613712e+01 -1.869193e+01 -2.654319e+01 4.578657e+00 -6.765879e+00 
8.836129e+00 -6.372952e+00 5.443651e+00 -4.792859e+00 1.650163e+01 -8.520124e+00 -4.890545e+00 1.398730e+01 -2.059558e+01 -2.690464e+01 8.403811e+00 -7.268912e+00 
9.125546e+00 -6.826668e+00 1.915004e+00 -3.941965e+00 1.824895e+01 -7.557801e+00 -6.136832e+00 7.730247e+00 -1.849372e+01 -2.738360e+01 1.576092e+01 -8.838620e+00 
8.691872e+00 -7.906340e+00 9.995809e-01 -3.466088e+00 1.909808e+01 -9.635077e+00 -2.143418e+00 -2.860439e-01 -1.705214e+01 -2.310939e+01 1.453954e+01 -7.527500e+00 
8.784286e+00 -9.103886e+00 -1.737066e+00 -1.203139e+00 2.013708e+01 -1.086828e+01 -4.550539e+00 -1.020881e+00 -1.810460e+01 -2.051599e+01 1.655482e+01 -8.991147e+00 
9.888309e+00 -1.158993e+01 -1.664686e+00 -1.582439e+00 2.189812e+01 -1.319840e+01 -8.274957e+00 1.207439e+00 -2.171795e+01 -1.695830e+01 1.733519e+01 -6.511331e+00 
1.079262e+01 -1.239625e+01 -1.801497e+00 -2.219928e+00 2.373404e+01 -1.634199e+01 -1.020607e+01 4.251673e+00 -2.772866e+01 -9.690281e+00 1.416167e+01 -5.981024e+00 
1.062177e+01 -1.293532e+01 -2.152103e+00 -1.129148e+00 2.427253e+01 -1.919583e+01 -9.663264e+00 -2.479696e-02 -2.580251e+01 -8.107167e+00 1.338720e+01 -6.105773e+00 
1.064251e+01 -1.469278e+01 -1.354938e-01 -2.491357e+00 2.306422e+01 -1.634241e+01 -1.446005e+01 6.444069e-01 -2.608584e+01 -7.119877e+00 1.247984e+01 -4.932027e+00 
1.034768e+01 -1.505402e+01 2.572814e-03 -3.284904e-01 2.016451e+01 -1.714707e+01 -1.353512e+01 -2.058147e+00 -2.176416e+01 -9.514025e+00 1.387992e+01 -4.214850e+00 
1.059247e+01 -1.553924e+01 -1.534987e+00 8.499095e-01 2.048570e+01 -1.727286e+01 -1.676487e+01 1.370879e+00 -2.418766e+01 -9.317332e+00 1.465682e+01 -4.040606e+00 
1.272297e+01 -1.638265e+01 -3.849903e+00 1.869814e+00 1.855801e+01 -1.906040e+01 -1.422055e+01 -2.181693e+00 -2.459320e+01 -8.402205e+00 1.292779e+01 -4.070910e+00 
1.228930e+01 -1.516123e+01 -4.105117e+00 2.000271e+00 1.707598e+01 -1.912161e+01 -1.450699e+01 -7.044359e+00 -2.203168e+01 -9.824389e+00 1.376715e+01 -3.598684e+00 
8.383971e+00 -1.341089e+01 1.030541e+00 2.846491e+00 1.699845e+01 -2.101481e+01 -9.518235e+00 -2.500851e+00 -2.505953e+01 -3.037884e+00 1.229802e+01 -6.786586e+00 
9.385210e+00 -1.436811e+01 -2.296027e+00 3.563423e+00 1.902530e+01 -2.290717e+01 -1.530195e+01 -1.270546e+00 -2.867654e+01 -7.312098e+00 1.489277e+01 -5.718396e+00 
4.400657e+00 -3.623218e+00 -2.336610e+00 1.459360e+00 2.455047e+00 -1.233420e+01 -2.213275e+01 -1.881012e+01 -2.482667e+01 -8.171667e+00 6.513789e+00 5.394814e+00 
3.391304e+00 -1.510618e+00 -2.583456e+00 3.351965e+00 1.679223e+00 -1.276231e+01 -1.657290e+01 -1.368428e+01 -1.929142e+01 -1.097069e+01 4.104677e+00 2.365500e+00 
2.456785e+00 -1.071636e+00 -9.065747e-01 6.767612e+00 2.016767e+00 -1.115551e+01 -1.553183e+01 -1.326538e+01 -1.196924e+01 -8.945662e+00 -1.180588e+00 4.477131e+00 
-6.461076e-01 -1.915558e+00 -1.149656e+00 4.427167e+00 4.367445e+00 -5.288479e+00 -1.450940e+01 -1.057698e+01 -1.338832e+01 -1.244524e+01 1.941230e+00 5.800373e+00 
